7 9
1 2
2 3
3 1
3 4
4 5
5 3
3 6
6 7
7 3
###### END OF INPUT ######
23 28
1 2
2 3
3 1
2 4
4 5
5 11
11 12
12 4
5 13
13 14
14 15
15 16
16 13
5 6
6 7
7 8
8 9
9 6
6 10
3 17
17 18
18 19
19 20
20 18
20 21
21 22
22 23
23 21
###### END OF INPUT ######
9 11
1 2
2 3
3 1
4 5
5 6
6 4
7 8
8 9
9 7
3 7
3 4
###### END OF INPUT ######
26 27
1 2
2 3
3 4
4 1
1 5
1 6
2 7
7 8
7 9
9 10
3 11
11 12
11 13
11 14
14 15
11 16
16 17
17 18
18 19
19 20
20 21
21 16
18 22
19 23
19 24
21 25
25 26
###### END OF INPUT ######
18 18
1 2
2 3
3 4
4 5
5 6
6 1
1 7
1 8
8 9
2 10
2 11
2 12
4 13
13 14
14 15
6 16
16 17
16 18