10000 10001
2 1
3 2
4 3
5 4
6 5
7 6
8 7
9 8
10 9
11 10
12 11
13 12
14 13
15 14
16 15
17 16
18 17
19 18
20 19
21 20
22 21
23 22
24 23
25 24
26 25
27 26
28 27
29 28
30 29
31 30
32 31
33 32
34 33
35 34
36 35
37 36
38 37
39 38
40 39
41 40
42 41
43 42
44 43
45 44
46 45
47 46
48 47
49 48
50 49
51 50
52 51
53 52
54 53
55 54
56 55
57 56
58 57
59 58
60 59
61 60
62 61
63 62
64 63
65 64
66 65
67 66
68 67
69 68
70 69
71 70
72 71
73 72
74 73
75 74
76 75
77 76
78 77
79 78
80 79
81 80
82 81
83 82
84 83
85 84
86 85
87 86
88 87
89 88
90 89
91 90
92 91
93 92
94 93
95 94
96 95
97 96
98 97
99 98
100 99
101 100
102 101
103 102
104 103
105 104
106 105
107 106
108 107
109 108
110 109
111 110
112 111
113 112
114 113
115 114
116 115
117 116
118 117
119 118
120 119
121 120
122 121
123 122
124 123
125 124
126 125
127 126
128 127
129 128
130 129
131 130
132 131
133 132
134 133
135 134
136 135
137 136
138 137
139 138
140 139
141 140
142 141
143 142
144 143
145 144
146 145
147 146
148 147
149 148
150 149
151 150
152 151
153 152
154 153
155 154
156 155
157 156
158 157
159 158
160 159
161 160
162 161
163 162
164 163
165 164
166 165
167 166
168 167
169 168
170 169
171 170
172 171
173 172
174 173
175 174
176 175
177 176
178 177
179 178
180 179
181 180
182 181
183 182
184 183
185 184
186 185
187 186
188 187
189 188
190 189
191 190
192 191
193 192
194 193
195 194
196 195
197 196
198 197
199 198
200 199
201 200
202 201
203 202
204 203
205 204
206 205
207 206
208 207
209 208
210 209
211 210
212 211
213 212
214 213
215 214
216 215
217 216
218 217
219 218
220 219
221 220
222 221
223 222
224 223
225 224
226 225
227 226
228 227
229 228
230 229
231 230
232 231
233 232
234 233
235 234
236 235
237 236
238 237
239 238
240 239
241 240
242 241
243 242
244 243
245 244
246 245
247 246
248 247
249 248
250 249
251 250
252 251
253 252
254 253
255 254
256 255
257 256
258 257
259 258
260 259
261 260
262 261
263 262
264 263
265 264
266 265
267 266
268 267
269 268
270 269
271 270
272 271
273 272
274 273
275 274
276 275
277 276
278 277
279 278
280 279
281 280
282 281
283 282
284 283
285 284
286 285
287 286
288 287
289 288
290 289
291 290
292 291
293 292
294 293
295 294
296 295
297 296
298 297
299 298
300 299
301 300
302 301
303 302
304 303
305 304
306 305
307 306
308 307
309 308
310 309
311 310
312 311
313 312
314 313
315 314
316 315
317 316
318 317
319 318
320 319
321 320
322 321
323 322
324 323
325 324
326 325
327 326
328 327
329 328
330 329
331 330
332 331
333 332
334 333
335 334
336 335
337 336
338 337
339 338
340 339
341 340
342 341
343 342
344 343
345 344
346 345
347 346
348 347
349 348
350 349
351 350
352 351
353 352
354 353
355 354
356 355
357 356
358 357
359 358
360 359
361 360
362 361
363 362
364 363
365 364
366 365
367 366
368 367
369 368
370 369
371 370
372 371
373 372
374 373
375 374
376 375
377 376
378 377
379 378
380 379
381 380
382 381
383 382
384 383
385 384
386 385
387 386
388 387
389 388
390 389
391 390
392 391
393 392
394 393
395 394
396 395
397 396
398 397
399 398
400 399
401 400
402 401
403 402
404 403
405 404
406 405
407 406
408 407
409 408
410 409
411 410
412 411
413 412
414 413
415 414
416 415
417 416
418 417
419 418
420 419
421 420
422 421
423 422
424 423
425 424
426 425
427 426
428 427
429 428
430 429
431 430
432 431
433 432
434 433
435 434
436 435
437 436
438 437
439 438
440 439
441 440
442 441
443 442
444 443
445 444
446 445
447 446
448 447
449 448
450 449
451 450
452 451
453 452
454 453
455 454
456 455
457 456
458 457
459 458
460 459
461 460
462 461
463 462
464 463
465 464
466 465
467 466
468 467
469 468
470 469
471 470
472 471
473 472
474 473
475 474
476 475
477 476
478 477
479 478
480 479
481 480
482 481
483 482
484 483
485 484
486 485
487 486
488 487
489 488
490 489
491 490
492 491
493 492
494 493
495 494
496 495
497 496
498 497
499 498
500 499
501 500
502 501
503 502
504 503
505 504
506 505
507 506
508 507
509 508
510 509
511 510
512 511
513 512
514 513
515 514
516 515
517 516
518 517
519 518
520 519
521 520
522 521
523 522
524 523
525 524
526 525
527 526
528 527
529 528
530 529
531 530
532 531
533 532
534 533
535 534
536 535
537 536
538 537
539 538
540 539
541 540
542 541
543 542
544 543
545 544
546 545
547 546
548 547
549 548
550 549
551 550
552 551
553 552
554 553
555 554
556 555
557 556
558 557
559 558
560 559
561 560
562 561
563 562
564 563
565 564
566 565
567 566
568 567
569 568
570 569
571 570
572 571
573 572
574 573
575 574
576 575
577 576
578 577
579 578
580 579
581 580
582 581
583 582
584 583
585 584
586 585
587 586
588 587
589 588
590 589
591 590
592 591
593 592
594 593
595 594
596 595
597 596
598 597
599 598
600 599
601 600
602 601
603 602
604 603
605 604
606 605
607 606
608 607
609 608
610 609
611 610
612 611
613 612
614 613
615 614
616 615
617 616
618 617
619 618
620 619
621 620
622 621
623 622
624 623
625 624
626 625
627 626
628 627
629 628
630 629
631 630
632 631
633 632
634 633
635 634
636 635
637 636
638 637
639 638
640 639
641 640
642 641
643 642
644 643
645 644
646 645
647 646
648 647
649 648
650 649
651 650
652 651
653 652
654 653
655 654
656 655
657 656
658 657
659 658
660 659
661 660
662 661
663 662
664 663
665 664
666 665
667 666
668 667
669 668
670 669
671 670
672 671
673 672
674 673
675 674
676 675
677 676
678 677
679 678
680 679
681 680
682 681
683 682
684 683
685 684
686 685
687 686
688 687
689 688
690 689
691 690
692 691
693 692
694 693
695 694
696 695
697 696
698 697
699 698
700 699
701 700
702 701
703 702
704 703
705 704
706 705
707 706
708 707
709 708
710 709
711 710
712 711
713 712
714 713
715 714
716 715
717 716
718 717
719 718
720 719
721 720
722 721
723 722
724 723
725 724
726 725
727 726
728 727
729 728
730 729
731 730
732 731
733 732
734 733
735 734
736 735
737 736
738 737
739 738
740 739
741 740
742 741
743 742
744 743
745 744
746 745
747 746
748 747
749 748
750 749
751 750
752 751
753 752
754 753
755 754
756 755
757 756
758 757
759 758
760 759
761 760
762 761
763 762
764 763
765 764
766 765
767 766
768 767
769 768
770 769
771 770
772 771
773 772
774 773
775 774
776 775
777 776
778 777
779 778
780 779
781 780
782 781
783 782
784 783
785 784
786 785
787 786
788 787
789 788
790 789
791 790
792 791
793 792
794 793
795 794
796 795
797 796
798 797
799 798
800 799
801 800
802 801
803 802
804 803
805 804
806 805
807 806
808 807
809 808
810 809
811 810
812 811
813 812
814 813
815 814
816 815
817 816
818 817
819 818
820 819
821 820
822 821
823 822
824 823
825 824
826 825
827 826
828 827
829 828
830 829
831 830
832 831
833 832
834 833
835 834
836 835
837 836
838 837
839 838
840 839
841 840
842 841
843 842
844 843
845 844
846 845
847 846
848 847
849 848
850 849
851 850
852 851
853 852
854 853
855 854
856 855
857 856
858 857
859 858
860 859
861 860
862 861
863 862
864 863
865 864
866 865
867 866
868 867
869 868
870 869
871 870
872 871
873 872
874 873
875 874
876 875
877 876
878 877
879 878
880 879
881 880
882 881
883 882
884 883
885 884
886 885
887 886
888 887
889 888
890 889
891 890
892 891
893 892
894 893
895 894
896 895
897 896
898 897
899 898
900 899
901 900
902 901
903 902
904 903
905 904
906 905
907 906
908 907
909 908
910 909
911 910
912 911
913 912
914 913
915 914
916 915
917 916
918 917
919 918
920 919
921 920
922 921
923 922
924 923
925 924
926 925
927 926
928 927
929 928
930 929
931 930
932 931
933 932
934 933
935 934
936 935
937 936
938 937
939 938
940 939
941 940
942 941
943 942
944 943
945 944
946 945
947 946
948 947
949 948
950 949
951 950
952 951
953 952
954 953
955 954
956 955
957 956
958 957
959 958
960 959
961 960
962 961
963 962
964 963
965 964
966 965
967 966
968 967
969 968
970 969
971 970
972 971
973 972
974 973
975 974
976 975
977 976
978 977
979 978
980 979
981 980
982 981
983 982
984 983
985 984
986 985
987 986
988 987
989 988
990 989
991 990
992 991
993 992
994 993
995 994
996 995
997 996
998 997
999 998
1000 999
1001 1000
1002 1001
1003 1002
1004 1003
1005 1004
1006 1005
1007 1006
1008 1007
1009 1008
1010 1009
1011 1010
1012 1011
1013 1012
1014 1013
1015 1014
1016 1015
1017 1016
1018 1017
1019 1018
1020 1019
1021 1020
1022 1021
1023 1022
1024 1023
1025 1024
1026 1025
1027 1026
1028 1027
1029 1028
1030 1029
1031 1030
1032 1031
1033 1032
1034 1033
1035 1034
1036 1035
1037 1036
1038 1037
1039 1038
1040 1039
1041 1040
1042 1041
1043 1042
1044 1043
1045 1044
1046 1045
1047 1046
1048 1047
1049 1048
1050 1049
1051 1050
1052 1051
1053 1052
1054 1053
1055 1054
1056 1055
1057 1056
1058 1057
1059 1058
1060 1059
1061 1060
1062 1061
1063 1062
1064 1063
1065 1064
1066 1065
1067 1066
1068 1067
1069 1068
1070 1069
1071 1070
1072 1071
1073 1072
1074 1073
1075 1074
1076 1075
1077 1076
1078 1077
1079 1078
1080 1079
1081 1080
1082 1081
1083 1082
1084 1083
1085 1084
1086 1085
1087 1086
1088 1087
1089 1088
1090 1089
1091 1090
1092 1091
1093 1092
1094 1093
1095 1094
1096 1095
1097 1096
1098 1097
1099 1098
1100 1099
1101 1100
1102 1101
1103 1102
1104 1103
1105 1104
1106 1105
1107 1106
1108 1107
1109 1108
1110 1109
1111 1110
1112 1111
1113 1112
1114 1113
1115 1114
1116 1115
1117 1116
1118 1117
1119 1118
1120 1119
1121 1120
1122 1121
1123 1122
1124 1123
1125 1124
1126 1125
1127 1126
1128 1127
1129 1128
1130 1129
1131 1130
1132 1131
1133 1132
1134 1133
1135 1134
1136 1135
1137 1136
1138 1137
1139 1138
1140 1139
1141 1140
1142 1141
1143 1142
1144 1143
1145 1144
1146 1145
1147 1146
1148 1147
1149 1148
1150 1149
1151 1150
1152 1151
1153 1152
1154 1153
1155 1154
1156 1155
1157 1156
1158 1157
1159 1158
1160 1159
1161 1160
1162 1161
1163 1162
1164 1163
1165 1164
1166 1165
1167 1166
1168 1167
1169 1168
1170 1169
1171 1170
1172 1171
1173 1172
1174 1173
1175 1174
1176 1175
1177 1176
1178 1177
1179 1178
1180 1179
1181 1180
1182 1181
1183 1182
1184 1183
1185 1184
1186 1185
1187 1186
1188 1187
1189 1188
1190 1189
1191 1190
1192 1191
1193 1192
1194 1193
1195 1194
1196 1195
1197 1196
1198 1197
1199 1198
1200 1199
1201 1200
1202 1201
1203 1202
1204 1203
1205 1204
1206 1205
1207 1206
1208 1207
1209 1208
1210 1209
1211 1210
1212 1211
1213 1212
1214 1213
1215 1214
1216 1215
1217 1216
1218 1217
1219 1218
1220 1219
1221 1220
1222 1221
1223 1222
1224 1223
1225 1224
1226 1225
1227 1226
1228 1227
1229 1228
1230 1229
1231 1230
1232 1231
1233 1232
1234 1233
1235 1234
1236 1235
1237 1236
1238 1237
1239 1238
1240 1239
1241 1240
1242 1241
1243 1242
1244 1243
1245 1244
1246 1245
1247 1246
1248 1247
1249 1248
1250 1249
1251 1250
1252 1251
1253 1252
1254 1253
1255 1254
1256 1255
1257 1256
1258 1257
1259 1258
1260 1259
1261 1260
1262 1261
1263 1262
1264 1263
1265 1264
1266 1265
1267 1266
1268 1267
1269 1268
1270 1269
1271 1270
1272 1271
1273 1272
1274 1273
1275 1274
1276 1275
1277 1276
1278 1277
1279 1278
1280 1279
1281 1280
1282 1281
1283 1282
1284 1283
1285 1284
1286 1285
1287 1286
1288 1287
1289 1288
1290 1289
1291 1290
1292 1291
1293 1292
1294 1293
1295 1294
1296 1295
1297 1296
1298 1297
1299 1298
1300 1299
1301 1300
1302 1301
1303 1302
1304 1303
1305 1304
1306 1305
1307 1306
1308 1307
1309 1308
1310 1309
1311 1310
1312 1311
1313 1312
1314 1313
1315 1314
1316 1315
1317 1316
1318 1317
1319 1318
1320 1319
1321 1320
1322 1321
1323 1322
1324 1323
1325 1324
1326 1325
1327 1326
1328 1327
1329 1328
1330 1329
1331 1330
1332 1331
1333 1332
1334 1333
1335 1334
1336 1335
1337 1336
1338 1337
1339 1338
1340 1339
1341 1340
1342 1341
1343 1342
1344 1343
1345 1344
1346 1345
1347 1346
1348 1347
1349 1348
1350 1349
1351 1350
1352 1351
1353 1352
1354 1353
1355 1354
1356 1355
1357 1356
1358 1357
1359 1358
1360 1359
1361 1360
1362 1361
1363 1362
1364 1363
1365 1364
1366 1365
1367 1366
1368 1367
1369 1368
1370 1369
1371 1370
1372 1371
1373 1372
1374 1373
1375 1374
1376 1375
1377 1376
1378 1377
1379 1378
1380 1379
1381 1380
1382 1381
1383 1382
1384 1383
1385 1384
1386 1385
1387 1386
1388 1387
1389 1388
1390 1389
1391 1390
1392 1391
1393 1392
1394 1393
1395 1394
1396 1395
1397 1396
1398 1397
1399 1398
1400 1399
1401 1400
1402 1401
1403 1402
1404 1403
1405 1404
1406 1405
1407 1406
1408 1407
1409 1408
1410 1409
1411 1410
1412 1411
1413 1412
1414 1413
1415 1414
1416 1415
1417 1416
1418 1417
1419 1418
1420 1419
1421 1420
1422 1421
1423 1422
1424 1423
1425 1424
1426 1425
1427 1426
1428 1427
1429 1428
1430 1429
1431 1430
1432 1431
1433 1432
1434 1433
1435 1434
1436 1435
1437 1436
1438 1437
1439 1438
1440 1439
1441 1440
1442 1441
1443 1442
1444 1443
1445 1444
1446 1445
1447 1446
1448 1447
1449 1448
1450 1449
1451 1450
1452 1451
1453 1452
1454 1453
1455 1454
1456 1455
1457 1456
1458 1457
1459 1458
1460 1459
1461 1460
1462 1461
1463 1462
1464 1463
1465 1464
1466 1465
1467 1466
1468 1467
1469 1468
1470 1469
1471 1470
1472 1471
1473 1472
1474 1473
1475 1474
1476 1475
1477 1476
1478 1477
1479 1478
1480 1479
1481 1480
1482 1481
1483 1482
1484 1483
1485 1484
1486 1485
1487 1486
1488 1487
1489 1488
1490 1489
1491 1490
1492 1491
1493 1492
1494 1493
1495 1494
1496 1495
1497 1496
1498 1497
1499 1498
1500 1499
1501 1500
1502 1501
1503 1502
1504 1503
1505 1504
1506 1505
1507 1506
1508 1507
1509 1508
1510 1509
1511 1510
1512 1511
1513 1512
1514 1513
1515 1514
1516 1515
1517 1516
1518 1517
1519 1518
1520 1519
1521 1520
1522 1521
1523 1522
1524 1523
1525 1524
1526 1525
1527 1526
1528 1527
1529 1528
1530 1529
1531 1530
1532 1531
1533 1532
1534 1533
1535 1534
1536 1535
1537 1536
1538 1537
1539 1538
1540 1539
1541 1540
1542 1541
1543 1542
1544 1543
1545 1544
1546 1545
1547 1546
1548 1547
1549 1548
1550 1549
1551 1550
1552 1551
1553 1552
1554 1553
1555 1554
1556 1555
1557 1556
1558 1557
1559 1558
1560 1559
1561 1560
1562 1561
1563 1562
1564 1563
1565 1564
1566 1565
1567 1566
1568 1567
1569 1568
1570 1569
1571 1570
1572 1571
1573 1572
1574 1573
1575 1574
1576 1575
1577 1576
1578 1577
1579 1578
1580 1579
1581 1580
1582 1581
1583 1582
1584 1583
1585 1584
1586 1585
1587 1586
1588 1587
1589 1588
1590 1589
1591 1590
1592 1591
1593 1592
1594 1593
1595 1594
1596 1595
1597 1596
1598 1597
1599 1598
1600 1599
1601 1600
1602 1601
1603 1602
1604 1603
1605 1604
1606 1605
1607 1606
1608 1607
1609 1608
1610 1609
1611 1610
1612 1611
1613 1612
1614 1613
1615 1614
1616 1615
1617 1616
1618 1617
1619 1618
1620 1619
1621 1620
1622 1621
1623 1622
1624 1623
1625 1624
1626 1625
1627 1626
1628 1627
1629 1628
1630 1629
1631 1630
1632 1631
1633 1632
1634 1633
1635 1634
1636 1635
1637 1636
1638 1637
1639 1638
1640 1639
1641 1640
1642 1641
1643 1642
1644 1643
1645 1644
1646 1645
1647 1646
1648 1647
1649 1648
1650 1649
1651 1650
1652 1651
1653 1652
1654 1653
1655 1654
1656 1655
1657 1656
1658 1657
1659 1658
1660 1659
1661 1660
1662 1661
1663 1662
1664 1663
1665 1664
1666 1665
1667 1666
1668 1667
1669 1668
1670 1669
1671 1670
1672 1671
1673 1672
1674 1673
1675 1674
1676 1675
1677 1676
1678 1677
1679 1678
1680 1679
1681 1680
1682 1681
1683 1682
1684 1683
1685 1684
1686 1685
1687 1686
1688 1687
1689 1688
1690 1689
1691 1690
1692 1691
1693 1692
1694 1693
1695 1694
1696 1695
1697 1696
1698 1697
1699 1698
1700 1699
1701 1700
1702 1701
1703 1702
1704 1703
1705 1704
1706 1705
1707 1706
1708 1707
1709 1708
1710 1709
1711 1710
1712 1711
1713 1712
1714 1713
1715 1714
1716 1715
1717 1716
1718 1717
1719 1718
1720 1719
1721 1720
1722 1721
1723 1722
1724 1723
1725 1724
1726 1725
1727 1726
1728 1727
1729 1728
1730 1729
1731 1730
1732 1731
1733 1732
1734 1733
1735 1734
1736 1735
1737 1736
1738 1737
1739 1738
1740 1739
1741 1740
1742 1741
1743 1742
1744 1743
1745 1744
1746 1745
1747 1746
1748 1747
1749 1748
1750 1749
1751 1750
1752 1751
1753 1752
1754 1753
1755 1754
1756 1755
1757 1756
1758 1757
1759 1758
1760 1759
1761 1760
1762 1761
1763 1762
1764 1763
1765 1764
1766 1765
1767 1766
1768 1767
1769 1768
1770 1769
1771 1770
1772 1771
1773 1772
1774 1773
1775 1774
1776 1775
1777 1776
1778 1777
1779 1778
1780 1779
1781 1780
1782 1781
1783 1782
1784 1783
1785 1784
1786 1785
1787 1786
1788 1787
1789 1788
1790 1789
1791 1790
1792 1791
1793 1792
1794 1793
1795 1794
1796 1795
1797 1796
1798 1797
1799 1798
1800 1799
1801 1800
1802 1801
1803 1802
1804 1803
1805 1804
1806 1805
1807 1806
1808 1807
1809 1808
1810 1809
1811 1810
1812 1811
1813 1812
1814 1813
1815 1814
1816 1815
1817 1816
1818 1817
1819 1818
1820 1819
1821 1820
1822 1821
1823 1822
1824 1823
1825 1824
1826 1825
1827 1826
1828 1827
1829 1828
1830 1829
1831 1830
1832 1831
1833 1832
1834 1833
1835 1834
1836 1835
1837 1836
1838 1837
1839 1838
1840 1839
1841 1840
1842 1841
1843 1842
1844 1843
1845 1844
1846 1845
1847 1846
1848 1847
1849 1848
1850 1849
1851 1850
1852 1851
1853 1852
1854 1853
1855 1854
1856 1855
1857 1856
1858 1857
1859 1858
1860 1859
1861 1860
1862 1861
1863 1862
1864 1863
1865 1864
1866 1865
1867 1866
1868 1867
1869 1868
1870 1869
1871 1870
1872 1871
1873 1872
1874 1873
1875 1874
1876 1875
1877 1876
1878 1877
1879 1878
1880 1879
1881 1880
1882 1881
1883 1882
1884 1883
1885 1884
1886 1885
1887 1886
1888 1887
1889 1888
1890 1889
1891 1890
1892 1891
1893 1892
1894 1893
1895 1894
1896 1895
1897 1896
1898 1897
1899 1898
1900 1899
1901 1900
1902 1901
1903 1902
1904 1903
1905 1904
1906 1905
1907 1906
1908 1907
1909 1908
1910 1909
1911 1910
1912 1911
1913 1912
1914 1913
1915 1914
1916 1915
1917 1916
1918 1917
1919 1918
1920 1919
1921 1920
1922 1921
1923 1922
1924 1923
1925 1924
1926 1925
1927 1926
1928 1927
1929 1928
1930 1929
1931 1930
1932 1931
1933 1932
1934 1933
1935 1934
1936 1935
1937 1936
1938 1937
1939 1938
1940 1939
1941 1940
1942 1941
1943 1942
1944 1943
1945 1944
1946 1945
1947 1946
1948 1947
1949 1948
1950 1949
1951 1950
1952 1951
1953 1952
1954 1953
1955 1954
1956 1955
1957 1956
1958 1957
1959 1958
1960 1959
1961 1960
1962 1961
1963 1962
1964 1963
1965 1964
1966 1965
1967 1966
1968 1967
1969 1968
1970 1969
1971 1970
1972 1971
1973 1972
1974 1973
1975 1974
1976 1975
1977 1976
1978 1977
1979 1978
1980 1979
1981 1980
1982 1981
1983 1982
1984 1983
1985 1984
1986 1985
1987 1986
1988 1987
1989 1988
1990 1989
1991 1990
1992 1991
1993 1992
1994 1993
1995 1994
1996 1995
1997 1996
1998 1997
1999 1998
2000 1999
2001 2000
2002 2001
2003 2002
2004 2003
2005 2004
2006 2005
2007 2006
2008 2007
2009 2008
2010 2009
2011 2010
2012 2011
2013 2012
2014 2013
2015 2014
2016 2015
2017 2016
2018 2017
2019 2018
2020 2019
2021 2020
2022 2021
2023 2022
2024 2023
2025 2024
2026 2025
2027 2026
2028 2027
2029 2028
2030 2029
2031 2030
2032 2031
2033 2032
2034 2033
2035 2034
2036 2035
2037 2036
2038 2037
2039 2038
2040 2039
2041 2040
2042 2041
2043 2042
2044 2043
2045 2044
2046 2045
2047 2046
2048 2047
2049 2048
2050 2049
2051 2050
2052 2051
2053 2052
2054 2053
2055 2054
2056 2055
2057 2056
2058 2057
2059 2058
2060 2059
2061 2060
2062 2061
2063 2062
2064 2063
2065 2064
2066 2065
2067 2066
2068 2067
2069 2068
2070 2069
2071 2070
2072 2071
2073 2072
2074 2073
2075 2074
2076 2075
2077 2076
2078 2077
2079 2078
2080 2079
2081 2080
2082 2081
2083 2082
2084 2083
2085 2084
2086 2085
2087 2086
2088 2087
2089 2088
2090 2089
2091 2090
2092 2091
2093 2092
2094 2093
2095 2094
2096 2095
2097 2096
2098 2097
2099 2098
2100 2099
2101 2100
2102 2101
2103 2102
2104 2103
2105 2104
2106 2105
2107 2106
2108 2107
2109 2108
2110 2109
2111 2110
2112 2111
2113 2112
2114 2113
2115 2114
2116 2115
2117 2116
2118 2117
2119 2118
2120 2119
2121 2120
2122 2121
2123 2122
2124 2123
2125 2124
2126 2125
2127 2126
2128 2127
2129 2128
2130 2129
2131 2130
2132 2131
2133 2132
2134 2133
2135 2134
2136 2135
2137 2136
2138 2137
2139 2138
2140 2139
2141 2140
2142 2141
2143 2142
2144 2143
2145 2144
2146 2145
2147 2146
2148 2147
2149 2148
2150 2149
2151 2150
2152 2151
2153 2152
2154 2153
2155 2154
2156 2155
2157 2156
2158 2157
2159 2158
2160 2159
2161 2160
2162 2161
2163 2162
2164 2163
2165 2164
2166 2165
2167 2166
2168 2167
2169 2168
2170 2169
2171 2170
2172 2171
2173 2172
2174 2173
2175 2174
2176 2175
2177 2176
2178 2177
2179 2178
2180 2179
2181 2180
2182 2181
2183 2182
2184 2183
2185 2184
2186 2185
2187 2186
2188 2187
2189 2188
2190 2189
2191 2190
2192 2191
2193 2192
2194 2193
2195 2194
2196 2195
2197 2196
2198 2197
2199 2198
2200 2199
2201 2200
2202 2201
2203 2202
2204 2203
2205 2204
2206 2205
2207 2206
2208 2207
2209 2208
2210 2209
2211 2210
2212 2211
2213 2212
2214 2213
2215 2214
2216 2215
2217 2216
2218 2217
2219 2218
2220 2219
2221 2220
2222 2221
2223 2222
2224 2223
2225 2224
2226 2225
2227 2226
2228 2227
2229 2228
2230 2229
2231 2230
2232 2231
2233 2232
2234 2233
2235 2234
2236 2235
2237 2236
2238 2237
2239 2238
2240 2239
2241 2240
2242 2241
2243 2242
2244 2243
2245 2244
2246 2245
2247 2246
2248 2247
2249 2248
2250 2249
2251 2250
2252 2251
2253 2252
2254 2253
2255 2254
2256 2255
2257 2256
2258 2257
2259 2258
2260 2259
2261 2260
2262 2261
2263 2262
2264 2263
2265 2264
2266 2265
2267 2266
2268 2267
2269 2268
2270 2269
2271 2270
2272 2271
2273 2272
2274 2273
2275 2274
2276 2275
2277 2276
2278 2277
2279 2278
2280 2279
2281 2280
2282 2281
2283 2282
2284 2283
2285 2284
2286 2285
2287 2286
2288 2287
2289 2288
2290 2289
2291 2290
2292 2291
2293 2292
2294 2293
2295 2294
2296 2295
2297 2296
2298 2297
2299 2298
2300 2299
2301 2300
2302 2301
2303 2302
2304 2303
2305 2304
2306 2305
2307 2306
2308 2307
2309 2308
2310 2309
2311 2310
2312 2311
2313 2312
2314 2313
2315 2314
2316 2315
2317 2316
2318 2317
2319 2318
2320 2319
2321 2320
2322 2321
2323 2322
2324 2323
2325 2324
2326 2325
2327 2326
2328 2327
2329 2328
2330 2329
2331 2330
2332 2331
2333 2332
2334 2333
2335 2334
2336 2335
2337 2336
2338 2337
2339 2338
2340 2339
2341 2340
2342 2341
2343 2342
2344 2343
2345 2344
2346 2345
2347 2346
2348 2347
2349 2348
2350 2349
2351 2350
2352 2351
2353 2352
2354 2353
2355 2354
2356 2355
2357 2356
2358 2357
2359 2358
2360 2359
2361 2360
2362 2361
2363 2362
2364 2363
2365 2364
2366 2365
2367 2366
2368 2367
2369 2368
2370 2369
2371 2370
2372 2371
2373 2372
2374 2373
2375 2374
2376 2375
2377 2376
2378 2377
2379 2378
2380 2379
2381 2380
2382 2381
2383 2382
2384 2383
2385 2384
2386 2385
2387 2386
2388 2387
2389 2388
2390 2389
2391 2390
2392 2391
2393 2392
2394 2393
2395 2394
2396 2395
2397 2396
2398 2397
2399 2398
2400 2399
2401 2400
2402 2401
2403 2402
2404 2403
2405 2404
2406 2405
2407 2406
2408 2407
2409 2408
2410 2409
2411 2410
2412 2411
2413 2412
2414 2413
2415 2414
2416 2415
2417 2416
2418 2417
2419 2418
2420 2419
2421 2420
2422 2421
2423 2422
2424 2423
2425 2424
2426 2425
2427 2426
2428 2427
2429 2428
2430 2429
2431 2430
2432 2431
2433 2432
2434 2433
2435 2434
2436 2435
2437 2436
2438 2437
2439 2438
2440 2439
2441 2440
2442 2441
2443 2442
2444 2443
2445 2444
2446 2445
2447 2446
2448 2447
2449 2448
2450 2449
2451 2450
2452 2451
2453 2452
2454 2453
2455 2454
2456 2455
2457 2456
2458 2457
2459 2458
2460 2459
2461 2460
2462 2461
2463 2462
2464 2463
2465 2464
2466 2465
2467 2466
2468 2467
2469 2468
2470 2469
2471 2470
2472 2471
2473 2472
2474 2473
2475 2474
2476 2475
2477 2476
2478 2477
2479 2478
2480 2479
2481 2480
2482 2481
2483 2482
2484 2483
2485 2484
2486 2485
2487 2486
2488 2487
2489 2488
2490 2489
2491 2490
2492 2491
2493 2492
2494 2493
2495 2494
2496 2495
2497 2496
2498 2497
2499 2498
2500 2499
2501 2500
2502 2501
2503 2502
2504 2503
2505 2504
2506 2505
2507 2506
2508 2507
2509 2508
2510 2509
2511 2510
2512 2511
2513 2512
2514 2513
2515 2514
2516 2515
2517 2516
2518 2517
2519 2518
2520 2519
2521 2520
2522 2521
2523 2522
2524 2523
2525 2524
2526 2525
2527 2526
2528 2527
2529 2528
2530 2529
2531 2530
2532 2531
2533 2532
2534 2533
2535 2534
2536 2535
2537 2536
2538 2537
2539 2538
2540 2539
2541 2540
2542 2541
2543 2542
2544 2543
2545 2544
2546 2545
2547 2546
2548 2547
2549 2548
2550 2549
2551 2550
2552 2551
2553 2552
2554 2553
2555 2554
2556 2555
2557 2556
2558 2557
2559 2558
2560 2559
2561 2560
2562 2561
2563 2562
2564 2563
2565 2564
2566 2565
2567 2566
2568 2567
2569 2568
2570 2569
2571 2570
2572 2571
2573 2572
2574 2573
2575 2574
2576 2575
2577 2576
2578 2577
2579 2578
2580 2579
2581 2580
2582 2581
2583 2582
2584 2583
2585 2584
2586 2585
2587 2586
2588 2587
2589 2588
2590 2589
2591 2590
2592 2591
2593 2592
2594 2593
2595 2594
2596 2595
2597 2596
2598 2597
2599 2598
2600 2599
2601 2600
2602 2601
2603 2602
2604 2603
2605 2604
2606 2605
2607 2606
2608 2607
2609 2608
2610 2609
2611 2610
2612 2611
2613 2612
2614 2613
2615 2614
2616 2615
2617 2616
2618 2617
2619 2618
2620 2619
2621 2620
2622 2621
2623 2622
2624 2623
2625 2624
2626 2625
2627 2626
2628 2627
2629 2628
2630 2629
2631 2630
2632 2631
2633 2632
2634 2633
2635 2634
2636 2635
2637 2636
2638 2637
2639 2638
2640 2639
2641 2640
2642 2641
2643 2642
2644 2643
2645 2644
2646 2645
2647 2646
2648 2647
2649 2648
2650 2649
2651 2650
2652 2651
2653 2652
2654 2653
2655 2654
2656 2655
2657 2656
2658 2657
2659 2658
2660 2659
2661 2660
2662 2661
2663 2662
2664 2663
2665 2664
2666 2665
2667 2666
2668 2667
2669 2668
2670 2669
2671 2670
2672 2671
2673 2672
2674 2673
2675 2674
2676 2675
2677 2676
2678 2677
2679 2678
2680 2679
2681 2680
2682 2681
2683 2682
2684 2683
2685 2684
2686 2685
2687 2686
2688 2687
2689 2688
2690 2689
2691 2690
2692 2691
2693 2692
2694 2693
2695 2694
2696 2695
2697 2696
2698 2697
2699 2698
2700 2699
2701 2700
2702 2701
2703 2702
2704 2703
2705 2704
2706 2705
2707 2706
2708 2707
2709 2708
2710 2709
2711 2710
2712 2711
2713 2712
2714 2713
2715 2714
2716 2715
2717 2716
2718 2717
2719 2718
2720 2719
2721 2720
2722 2721
2723 2722
2724 2723
2725 2724
2726 2725
2727 2726
2728 2727
2729 2728
2730 2729
2731 2730
2732 2731
2733 2732
2734 2733
2735 2734
2736 2735
2737 2736
2738 2737
2739 2738
2740 2739
2741 2740
2742 2741
2743 2742
2744 2743
2745 2744
2746 2745
2747 2746
2748 2747
2749 2748
2750 2749
2751 2750
2752 2751
2753 2752
2754 2753
2755 2754
2756 2755
2757 2756
2758 2757
2759 2758
2760 2759
2761 2760
2762 2761
2763 2762
2764 2763
2765 2764
2766 2765
2767 2766
2768 2767
2769 2768
2770 2769
2771 2770
2772 2771
2773 2772
2774 2773
2775 2774
2776 2775
2777 2776
2778 2777
2779 2778
2780 2779
2781 2780
2782 2781
2783 2782
2784 2783
2785 2784
2786 2785
2787 2786
2788 2787
2789 2788
2790 2789
2791 2790
2792 2791
2793 2792
2794 2793
2795 2794
2796 2795
2797 2796
2798 2797
2799 2798
2800 2799
2801 2800
2802 2801
2803 2802
2804 2803
2805 2804
2806 2805
2807 2806
2808 2807
2809 2808
2810 2809
2811 2810
2812 2811
2813 2812
2814 2813
2815 2814
2816 2815
2817 2816
2818 2817
2819 2818
2820 2819
2821 2820
2822 2821
2823 2822
2824 2823
2825 2824
2826 2825
2827 2826
2828 2827
2829 2828
2830 2829
2831 2830
2832 2831
2833 2832
2834 2833
2835 2834
2836 2835
2837 2836
2838 2837
2839 2838
2840 2839
2841 2840
2842 2841
2843 2842
2844 2843
2845 2844
2846 2845
2847 2846
2848 2847
2849 2848
2850 2849
2851 2850
2852 2851
2853 2852
2854 2853
2855 2854
2856 2855
2857 2856
2858 2857
2859 2858
2860 2859
2861 2860
2862 2861
2863 2862
2864 2863
2865 2864
2866 2865
2867 2866
2868 2867
2869 2868
2870 2869
2871 2870
2872 2871
2873 2872
2874 2873
2875 2874
2876 2875
2877 2876
2878 2877
2879 2878
2880 2879
2881 2880
2882 2881
2883 2882
2884 2883
2885 2884
2886 2885
2887 2886
2888 2887
2889 2888
2890 2889
2891 2890
2892 2891
2893 2892
2894 2893
2895 2894
2896 2895
2897 2896
2898 2897
2899 2898
2900 2899
2901 2900
2902 2901
2903 2902
2904 2903
2905 2904
2906 2905
2907 2906
2908 2907
2909 2908
2910 2909
2911 2910
2912 2911
2913 2912
2914 2913
2915 2914
2916 2915
2917 2916
2918 2917
2919 2918
2920 2919
2921 2920
2922 2921
2923 2922
2924 2923
2925 2924
2926 2925
2927 2926
2928 2927
2929 2928
2930 2929
2931 2930
2932 2931
2933 2932
2934 2933
2935 2934
2936 2935
2937 2936
2938 2937
2939 2938
2940 2939
2941 2940
2942 2941
2943 2942
2944 2943
2945 2944
2946 2945
2947 2946
2948 2947
2949 2948
2950 2949
2951 2950
2952 2951
2953 2952
2954 2953
2955 2954
2956 2955
2957 2956
2958 2957
2959 2958
2960 2959
2961 2960
2962 2961
2963 2962
2964 2963
2965 2964
2966 2965
2967 2966
2968 2967
2969 2968
2970 2969
2971 2970
2972 2971
2973 2972
2974 2973
2975 2974
2976 2975
2977 2976
2978 2977
2979 2978
2980 2979
2981 2980
2982 2981
2983 2982
2984 2983
2985 2984
2986 2985
2987 2986
2988 2987
2989 2988
2990 2989
2991 2990
2992 2991
2993 2992
2994 2993
2995 2994
2996 2995
2997 2996
2998 2997
2999 2998
3000 2999
3001 3000
3002 3001
3003 3002
3004 3003
3005 3004
3006 3005
3007 3006
3008 3007
3009 3008
3010 3009
3011 3010
3012 3011
3013 3012
3014 3013
3015 3014
3016 3015
3017 3016
3018 3017
3019 3018
3020 3019
3021 3020
3022 3021
3023 3022
3024 3023
3025 3024
3026 3025
3027 3026
3028 3027
3029 3028
3030 3029
3031 3030
3032 3031
3033 3032
3034 3033
3035 3034
3036 3035
3037 3036
3038 3037
3039 3038
3040 3039
3041 3040
3042 3041
3043 3042
3044 3043
3045 3044
3046 3045
3047 3046
3048 3047
3049 3048
3050 3049
3051 3050
3052 3051
3053 3052
3054 3053
3055 3054
3056 3055
3057 3056
3058 3057
3059 3058
3060 3059
3061 3060
3062 3061
3063 3062
3064 3063
3065 3064
3066 3065
3067 3066
3068 3067
3069 3068
3070 3069
3071 3070
3072 3071
3073 3072
3074 3073
3075 3074
3076 3075
3077 3076
3078 3077
3079 3078
3080 3079
3081 3080
3082 3081
3083 3082
3084 3083
3085 3084
3086 3085
3087 3086
3088 3087
3089 3088
3090 3089
3091 3090
3092 3091
3093 3092
3094 3093
3095 3094
3096 3095
3097 3096
3098 3097
3099 3098
3100 3099
3101 3100
3102 3101
3103 3102
3104 3103
3105 3104
3106 3105
3107 3106
3108 3107
3109 3108
3110 3109
3111 3110
3112 3111
3113 3112
3114 3113
3115 3114
3116 3115
3117 3116
3118 3117
3119 3118
3120 3119
3121 3120
3122 3121
3123 3122
3124 3123
3125 3124
3126 3125
3127 3126
3128 3127
3129 3128
3130 3129
3131 3130
3132 3131
3133 3132
3134 3133
3135 3134
3136 3135
3137 3136
3138 3137
3139 3138
3140 3139
3141 3140
3142 3141
3143 3142
3144 3143
3145 3144
3146 3145
3147 3146
3148 3147
3149 3148
3150 3149
3151 3150
3152 3151
3153 3152
3154 3153
3155 3154
3156 3155
3157 3156
3158 3157
3159 3158
3160 3159
3161 3160
3162 3161
3163 3162
3164 3163
3165 3164
3166 3165
3167 3166
3168 3167
3169 3168
3170 3169
3171 3170
3172 3171
3173 3172
3174 3173
3175 3174
3176 3175
3177 3176
3178 3177
3179 3178
3180 3179
3181 3180
3182 3181
3183 3182
3184 3183
3185 3184
3186 3185
3187 3186
3188 3187
3189 3188
3190 3189
3191 3190
3192 3191
3193 3192
3194 3193
3195 3194
3196 3195
3197 3196
3198 3197
3199 3198
3200 3199
3201 3200
3202 3201
3203 3202
3204 3203
3205 3204
3206 3205
3207 3206
3208 3207
3209 3208
3210 3209
3211 3210
3212 3211
3213 3212
3214 3213
3215 3214
3216 3215
3217 3216
3218 3217
3219 3218
3220 3219
3221 3220
3222 3221
3223 3222
3224 3223
3225 3224
3226 3225
3227 3226
3228 3227
3229 3228
3230 3229
3231 3230
3232 3231
3233 3232
3234 3233
3235 3234
3236 3235
3237 3236
3238 3237
3239 3238
3240 3239
3241 3240
3242 3241
3243 3242
3244 3243
3245 3244
3246 3245
3247 3246
3248 3247
3249 3248
3250 3249
3251 3250
3252 3251
3253 3252
3254 3253
3255 3254
3256 3255
3257 3256
3258 3257
3259 3258
3260 3259
3261 3260
3262 3261
3263 3262
3264 3263
3265 3264
3266 3265
3267 3266
3268 3267
3269 3268
3270 3269
3271 3270
3272 3271
3273 3272
3274 3273
3275 3274
3276 3275
3277 3276
3278 3277
3279 3278
3280 3279
3281 3280
3282 3281
3283 3282
3284 3283
3285 3284
3286 3285
3287 3286
3288 3287
3289 3288
3290 3289
3291 3290
3292 3291
3293 3292
3294 3293
3295 3294
3296 3295
3297 3296
3298 3297
3299 3298
3300 3299
3301 3300
3302 3301
3303 3302
3304 3303
3305 3304
3306 3305
3307 3306
3308 3307
3309 3308
3310 3309
3311 3310
3312 3311
3313 3312
3314 3313
3315 3314
3316 3315
3317 3316
3318 3317
3319 3318
3320 3319
3321 3320
3322 3321
3323 3322
3324 3323
3325 3324
3326 3325
3327 3326
3328 3327
3329 3328
3330 3329
3331 3330
3332 3331
3333 3332
3334 3333
3335 3334
3336 3335
3337 3336
3338 3337
3339 3338
3340 3339
3341 3340
3342 3341
3343 3342
3344 3343
3345 3344
3346 3345
3347 3346
3348 3347
3349 3348
3350 3349
3351 3350
3352 3351
3353 3352
3354 3353
3355 3354
3356 3355
3357 3356
3358 3357
3359 3358
3360 3359
3361 3360
3362 3361
3363 3362
3364 3363
3365 3364
3366 3365
3367 3366
3368 3367
3369 3368
3370 3369
3371 3370
3372 3371
3373 3372
3374 3373
3375 3374
3376 3375
3377 3376
3378 3377
3379 3378
3380 3379
3381 3380
3382 3381
3383 3382
3384 3383
3385 3384
3386 3385
3387 3386
3388 3387
3389 3388
3390 3389
3391 3390
3392 3391
3393 3392
3394 3393
3395 3394
3396 3395
3397 3396
3398 3397
3399 3398
3400 3399
3401 3400
3402 3401
3403 3402
3404 3403
3405 3404
3406 3405
3407 3406
3408 3407
3409 3408
3410 3409
3411 3410
3412 3411
3413 3412
3414 3413
3415 3414
3416 3415
3417 3416
3418 3417
3419 3418
3420 3419
3421 3420
3422 3421
3423 3422
3424 3423
3425 3424
3426 3425
3427 3426
3428 3427
3429 3428
3430 3429
3431 3430
3432 3431
3433 3432
3434 3433
3435 3434
3436 3435
3437 3436
3438 3437
3439 3438
3440 3439
3441 3440
3442 3441
3443 3442
3444 3443
3445 3444
3446 3445
3447 3446
3448 3447
3449 3448
3450 3449
3451 3450
3452 3451
3453 3452
3454 3453
3455 3454
3456 3455
3457 3456
3458 3457
3459 3458
3460 3459
3461 3460
3462 3461
3463 3462
3464 3463
3465 3464
3466 3465
3467 3466
3468 3467
3469 3468
3470 3469
3471 3470
3472 3471
3473 3472
3474 3473
3475 3474
3476 3475
3477 3476
3478 3477
3479 3478
3480 3479
3481 3480
3482 3481
3483 3482
3484 3483
3485 3484
3486 3485
3487 3486
3488 3487
3489 3488
3490 3489
3491 3490
3492 3491
3493 3492
3494 3493
3495 3494
3496 3495
3497 3496
3498 3497
3499 3498
3500 3499
3501 3500
3502 3501
3503 3502
3504 3503
3505 3504
3506 3505
3507 3506
3508 3507
3509 3508
3510 3509
3511 3510
3512 3511
3513 3512
3514 3513
3515 3514
3516 3515
3517 3516
3518 3517
3519 3518
3520 3519
3521 3520
3522 3521
3523 3522
3524 3523
3525 3524
3526 3525
3527 3526
3528 3527
3529 3528
3530 3529
3531 3530
3532 3531
3533 3532
3534 3533
3535 3534
3536 3535
3537 3536
3538 3537
3539 3538
3540 3539
3541 3540
3542 3541
3543 3542
3544 3543
3545 3544
3546 3545
3547 3546
3547 1
3548 534
3549 534
3550 3549
3551 534
3552 3550
3553 3548
3554 3548
3555 3554
3556 3548
3557 3555
3558 3556
3559 3550
3560 3548
3561 3560
3562 3552
3563 3560
3564 3556
3565 3548
3566 3559
3567 3549
3568 3564
3569 3555
3570 3552
3571 3560
3572 3555
3573 3555
3574 3558
3575 3562
3576 3552
3577 3567
3578 3557
3579 3576
3580 3575
3581 3579
3582 3579
3583 3572
3584 3574
3585 3575
3586 3576
3587 3573
3588 3584
3589 3587
3590 3573
3591 3587
3592 3590
3593 3549
3594 3577
3595 3548
3596 3557
3597 3578
3598 3584
3599 3585
3600 3581
3601 3584
3602 3550
3603 3577
3604 3569
3605 3601
3606 3592
3607 3589
3608 3548
3609 3603
3610 3569
3611 3578
3612 3557
3613 3584
3614 3588
3615 3571
3616 3574
3617 3606
3618 3579
3619 3605
3620 3569
3621 3576
3622 3616
3623 3569
3624 3559
3625 3583
3626 3577
3627 3549
3628 3587
3629 3552
3630 3560
3631 3554
3632 3623
3633 3561
3634 3565
3635 3599
3636 3594
3637 3571
3638 3584
3639 3626
3640 3596
3641 3603
3642 3563
3643 3562
3644 3629
3645 3568
3646 3628
3647 3555
3648 3619
3649 3635
3650 3620
3651 3634
3652 3630
3653 3609
3654 3599
3655 3564
3656 3638
3657 3604
3658 3612
3659 3611
3660 3620
3661 3550
3662 3602
3663 3641
3664 3603
3665 3628
3666 3590
3667 3563
3668 3657
3669 3566
3670 3622
3671 3567
3672 3661
3673 3667
3674 3628
3675 3559
3676 3556
3677 3621
3678 3617
3679 3608
3680 3657
3681 3609
3682 3577
3683 3564
3684 3638
3685 3612
3686 3648
3687 3656
3688 3648
3689 3648
3690 3675
3691 3639
3692 3576
3693 3619
3694 3624
3695 3689
3696 3577
3697 3619
3698 3643
3699 3636
3700 3679
3701 3593
3702 3589
3703 3654
3704 3597
3705 3664
3706 3654
3707 3665
3708 3607
3709 3698
3710 3605
3711 3555
3712 3667
3713 3579
3714 3571
3715 3588
3716 3663
3717 3633
3718 3618
3719 3666
3720 3652
3721 3622
3722 3648
3723 3711
3724 3651
3725 3630
3726 3639
3727 3598
3728 3569
3729 3657
3730 3639
3731 3666
3732 3612
3733 3628
3734 3552
3735 3627
3736 3678
3737 3598
3738 3572
3739 3721
3740 3562
3741 3704
3742 3668
3743 3622
3744 3601
3745 3553
3746 3674
3747 3696
3748 3603
3749 3726
3750 3598
3751 3705
3752 3699
3753 3639
3754 3697
3755 3654
3756 3681
3757 3570
3758 3750
3759 3584
3760 3568
3761 3658
3762 3714
3763 3622
3764 3640
3765 3735
3766 3619
3767 3688
3768 3753
3769 3650
3770 3648
3771 3694
3772 3623
3773 3749
3774 3589
3775 3571
3776 3743
3777 3643
3778 3687
3779 3602
3780 3700
3781 3773
3782 3656
3783 3561
3784 3692
3785 3721
3786 3742
3787 3673
3788 3747
3789 3722
3790 3736
3791 3563
3792 3726
3793 3702
3794 3788
3795 3646
3796 3555
3797 3783
3798 3709
3799 3747
3800 3709
3801 3633
3802 3716
3803 3680
3804 3659
3805 3718
3806 3558
3807 3669
3808 3750
3809 3764
3810 3630
3811 3722
3812 3631
3813 3674
3814 3705
3815 3791
3816 3574
3817 3646
3818 3692
3819 3754
3820 3637
3821 3697
3822 3685
3823 3780
3824 3649
3825 3702
3826 3681
3827 3692
3828 3762
3829 3733
3830 3607
3831 3555
3832 3760
3833 3655
3834 3662
3835 3807
3836 3812
3837 3701
3838 3782
3839 3673
3840 3818
3841 3689
3842 3637
3843 3774
3844 3800
3845 3690
3846 3677
3847 3633
3848 3717
3849 3649
3850 3680
3851 3831
3852 3805
3853 3686
3854 3649
3855 3674
3856 3843
3857 3725
3858 3710
3859 3695
3860 3582
3861 3573
3862 3741
3863 3697
3864 3744
3865 3618
3866 3554
3867 3691
3868 3582
3869 3746
3870 3646
3871 3793
3872 3694
3873 3772
3874 3736
3875 3560
3876 3779
3877 3675
3878 3613
3879 3741
3880 3822
3881 3819
3882 3733
3883 3875
3884 3552
3885 3615
3886 3724
3887 3690
3888 3597
3889 3607
3890 3831
3891 3816
3892 3800
3893 3855
3894 3786
3895 3807
3896 3791
3897 3568
3898 3583
3899 3781
3900 3847
3901 3834
3902 3842
3903 534
3904 3681
3905 3685
3906 3640
3907 3599
3908 3887
3909 3908
3910 3595
3911 3834
3912 3793
3913 3648
3914 3736
3915 3755
3916 3848
3917 3574
3918 3900
3919 3602
3920 3773
3921 3591
3922 3638
3923 3662
3924 3662
3925 3898
3926 3679
3927 3571
3928 3714
3929 3924
3930 3925
3931 3756
3932 3722
3933 3560
3934 3571
3935 3590
3936 3926
3937 3885
3938 3740
3939 3723
3940 3855
3941 3825
3942 3820
3943 3613
3944 3846
3945 3689
3946 3649
3947 3648
3948 3809
3949 3696
3950 3612
3951 3932
3952 3811
3953 3742
3954 3548
3955 3576
3956 3763
3957 3833
3958 3584
3959 3744
3960 3922
3961 3939
3962 3948
3963 3872
3964 3932
3965 3571
3966 3680
3967 3815
3968 3877
3969 3836
3970 3710
3971 3589
3972 3639
3973 3750
3974 3770
3975 3821
3976 3916
3977 3670
3978 3682
3979 3715
3980 3566
3981 3663
3982 3861
3983 3895
3984 3790
3985 3574
3986 3964
3987 3633
3988 3563
3989 3764
3990 3674
3991 3870
3992 3748
3993 3769
3994 3719
3995 3874
3996 3623
3997 3656
3998 3959
3999 3820
4000 3551
4001 3999
4002 3714
4003 3860
4004 3637
4005 3687
4006 3639
4007 3982
4008 3716
4009 3685
4010 3744
4011 3715
4012 3646
4013 3816
4014 3712
4015 3815
4016 3972
4017 3611
4018 3781
4019 3830
4020 3944
4021 3737
4022 3674
4023 3638
4024 3630
4025 3793
4026 3777
4027 3664
4028 3849
4029 4002
4030 3549
4031 3731
4032 3605
4033 3955
4034 3932
4035 4024
4036 3999
4037 3616
4038 3912
4039 3872
4040 3839
4041 3945
4042 3860
4043 3857
4044 3898
4045 3856
4046 3666
4047 3953
4048 3762
4049 3745
4050 3723
4051 3625
4052 3738
4053 3879
4054 3918
4055 3851
4056 3716
4057 4028
4058 3996
4059 3788
4060 3955
4061 3868
4062 4023
4063 3639
4064 3623
4065 3586
4066 3892
4067 3889
4068 3943
4069 3979
4070 3806
4071 3975
4072 4015
4073 3883
4074 3994
4075 3931
4076 3622
4077 4055
4078 3767
4079 3939
4080 3814
4081 3727
4082 3913
4083 3561
4084 3739
4085 3621
4086 3835
4087 3993
4088 3741
4089 4034
4090 3953
4091 4022
4092 4027
4093 3820
4094 3797
4095 4065
4096 3793
4097 3628
4098 4046
4099 3992
4100 3667
4101 3695
4102 3758
4103 3660
4104 4091
4105 3697
4106 3722
4107 3843
4108 3647
4109 3883
4110 3698
4111 4059
4112 3556
4113 4048
4114 3909
4115 3742
4116 3574
4117 3859
4118 3947
4119 3768
4120 4093
4121 4097
4122 4051
4123 3884
4124 3969
4125 4071
4126 4015
4127 3599
4128 3593
4129 4058
4130 3688
4131 3883
4132 4055
4133 3824
4134 3639
4135 3570
4136 3863
4137 3817
4138 3994
4139 4056
4140 3664
4141 3853
4142 3642
4143 3677
4144 4087
4145 3998
4146 3714
4147 3616
4148 3695
4149 4135
4150 3875
4151 3933
4152 3718
4153 3708
4154 3620
4155 3632
4156 3940
4157 3563
4158 3584
4159 4151
4160 3788
4161 3889
4162 3551
4163 4108
4164 3684
4165 3865
4166 3840
4167 3677
4168 3561
4169 4004
4170 3760
4171 3563
4172 3811
4173 3991
4174 3651
4175 3819
4176 3560
4177 4110
4178 3973
4179 3944
4180 3808
4181 3962
4182 3676
4183 3563
4184 3663
4185 4047
4186 3741
4187 3649
4188 4074
4189 4002
4190 3756
4191 4144
4192 4124
4193 4109
4194 3568
4195 4155
4196 3666
4197 3902
4198 3967
4199 3825
4200 3970
4201 3643
4202 4176
4203 4042
4204 3918
4205 3674
4206 4081
4207 3735
4208 3812
4209 3592
4210 3834
4211 3581
4212 3933
4213 3851
4214 4041
4215 4142
4216 3752
4217 3648
4218 4046
4219 4031
4220 4032
4221 3661
4222 3884
4223 4011
4224 3740
4225 3906
4226 3681
4227 4190
4228 3801
4229 3965
4230 3872
4231 3823
4232 4191
4233 3670
4234 4042
4235 3559
4236 3990
4237 4035
4238 3705
4239 3760
4240 4187
4241 3758
4242 3615
4243 3607
4244 4186
4245 3868
4246 3562
4247 4074
4248 4190
4249 3929
4250 4163
4251 4235
4252 4223
4253 4185
4254 3939
4255 4126
4256 3563
4257 3935
4258 4158
4259 4071
4260 4037
4261 3750
4262 3591
4263 4030
4264 4185
4265 3895
4266 4195
4267 4161
4268 3744
4269 3559
4270 4195
4271 4126
4272 4195
4273 3683
4274 4196
4275 3758
4276 4095
4277 3921
4278 3645
4279 3760
4280 4218
4281 3676
4282 3997
4283 4035
4284 4266
4285 3984
4286 3577
4287 3579
4288 4211
4289 3703
4290 3924
4291 3853
4292 3831
4293 3947
4294 4116
4295 4030
4296 4061
4297 3715
4298 4260
4299 4057
4300 4045
4301 3951
4302 3633
4303 4202
4304 3901
4305 4036
4306 4224
4307 534
4308 3855
4309 3735
4310 4274
4311 3846
4312 4051
4313 4169
4314 3642
4315 3977
4316 3847
4317 3761
4318 4037
4319 3841
4320 4081
4321 3670
4322 3733
4323 4096
4324 3953
4325 3778
4326 4105
4327 3692
4328 4063
4329 4137
4330 4095
4331 3885
4332 3619
4333 3548
4334 3737
4335 3902
4336 4043
4337 3682
4338 3811
4339 4061
4340 3759
4341 3669
4342 3886
4343 3630
4344 3726
4345 3681
4346 3997
4347 3901
4348 3671
4349 4210
4350 4046
4351 3685
4352 3740
4353 4036
4354 3751
4355 4329
4356 3825
4357 4050
4358 3934
4359 3878
4360 3653
4361 4210
4362 3823
4363 4143
4364 4263
4365 4045
4366 3959
4367 4084
4368 3734
4369 3793
4370 3780
4371 4012
4372 3889
4373 4337
4374 3702
4375 4084
4376 4142
4377 3606
4378 3604
4379 4157
4380 4066
4381 3747
4382 4203
4383 3693
4384 4308
4385 3830
4386 3818
4387 3551
4388 4330
4389 3991
4390 3950
4391 4150
4392 4216
4393 4207
4394 3580
4395 3614
4396 4389
4397 3886
4398 3790
4399 3868
4400 3766
4401 4231
4402 3838
4403 4009
4404 3858
4405 4129
4406 3842
4407 4018
4408 3661
4409 3855
4410 4401
4411 3979
4412 4071
4413 4013
4414 3896
4415 3759
4416 4192
4417 4280
4418 3559
4419 3746
4420 3771
4421 4166
4422 3953
4423 3684
4424 3899
4425 3979
4426 3625
4427 4155
4428 4406
4429 4371
4430 4130
4431 4288
4432 4016
4433 3942
4434 4281
4435 3690
4436 3754
4437 3564
4438 4235
4439 3926
4440 3744
4441 3987
4442 3979
4443 4262
4444 3633
4445 4159
4446 4257
4447 4434
4448 4064
4449 3968
4450 3715
4451 3834
4452 4053
4453 3707
4454 3605
4455 4346
4456 3734
4457 4055
4458 4226
4459 3860
4460 3866
4461 4395
4462 4382
4463 3890
4464 4148
4465 3943
4466 3874
4467 4281
4468 4111
4469 3965
4470 3757
4471 4179
4472 3816
4473 4272
4474 4394
4475 4174
4476 4197
4477 3651
4478 4316
4479 3723
4480 3590
4481 3842
4482 4479
4483 3688
4484 4440
4485 3970
4486 4467
4487 4350
4488 4191
4489 3743
4490 4435
4491 3755
4492 4465
4493 4076
4494 4163
4495 4205
4496 3898
4497 3573
4498 4093
4499 3653
4500 3729
4501 4252
4502 4406
4503 4098
4504 4484
4505 4396
4506 3608
4507 3715
4508 4042
4509 3891
4510 4016
4511 4184
4512 4197
4513 3850
4514 3783
4515 4426
4516 4010
4517 4267
4518 3591
4519 4371
4520 4210
4521 3856
4522 4143
4523 3919
4524 3552
4525 4211
4526 4160
4527 4249
4528 3640
4529 3808
4530 3651
4531 4343
4532 3684
4533 4249
4534 4176
4535 3973
4536 4407
4537 4481
4538 3896
4539 4070
4540 4049
4541 4417
4542 3972
4543 3831
4544 3964
4545 4176
4546 3699
4547 4066
4548 3728
4549 4326
4550 4107
4551 4301
4552 4435
4553 4196
4554 4263
4555 4544
4556 3992
4557 4523
4558 3781
4559 4431
4560 4333
4561 4097
4562 3705
4563 4085
4564 4349
4565 3705
4566 4393
4567 4478
4568 4303
4569 3662
4570 4036
4571 4502
4572 3552
4573 4353
4574 4228
4575 3575
4576 4171
4577 3975
4578 4490
4579 3928
4580 4086
4581 3683
4582 3938
4583 3580
4584 4383
4585 3617
4586 3834
4587 3775
4588 4332
4589 3998
4590 3706
4591 3790
4592 4280
4593 3966
4594 4261
4595 4025
4596 3611
4597 3751
4598 4328
4599 3696
4600 3999
4601 4598
4602 4108
4603 4403
4604 3795
4605 4181
4606 4508
4607 4581
4608 3743
4609 4306
4610 4273
4611 4098
4612 4105
4613 4393
4614 3822
4615 4529
4616 3892
4617 4258
4618 3950
4619 4379
4620 3727
4621 4088
4622 4421
4623 3906
4624 4034
4625 4315
4626 4057
4627 3562
4628 4529
4629 3967
4630 4397
4631 4579
4632 4400
4633 4210
4634 3723
4635 4190
4636 4037
4637 3886
4638 4509
4639 4604
4640 3732
4641 4233
4642 3653
4643 3626
4644 3708
4645 4592
4646 4404
4647 4583
4648 4172
4649 4454
4650 3859
4651 3620
4652 4094
4653 3864
4654 3682
4655 3651
4656 3877
4657 3882
4658 3778
4659 4385
4660 4171
4661 4005
4662 3678
4663 4632
4664 4456
4665 4528
4666 4143
4667 3990
4668 3720
4669 4132
4670 3832
4671 4543
4672 3713
4673 4052
4674 4433
4675 3583
4676 3750
4677 3585
4678 4500
4679 4586
4680 4158
4681 4385
4682 3624
4683 3594
4684 4119
4685 4104
4686 4674
4687 4513
4688 4564
4689 4687
4690 4431
4691 3765
4692 3725
4693 4546
4694 4185
4695 4122
4696 4056
4697 4692
4698 3573
4699 534
4700 3567
4701 4223
4702 3661
4703 4253
4704 4198
4705 4154
4706 4004
4707 4001
4708 4344
4709 3724
4710 4502
4711 3823
4712 4297
4713 4121
4714 4292
4715 4542
4716 4099
4717 3890
4718 4656
4719 4389
4720 3959
4721 3592
4722 4018
4723 4125
4724 3921
4725 4197
4726 4085
4727 4497
4728 4064
4729 3793
4730 4576
4731 3821
4732 3704
4733 4708
4734 4673
4735 4531
4736 3709
4737 4020
4738 4203
4739 4233
4740 3803
4741 4013
4742 4177
4743 4568
4744 3749
4745 3851
4746 4159
4747 4031
4748 4038
4749 4610
4750 3884
4751 4146
4752 3981
4753 3566
4754 3884
4755 3692
4756 3675
4757 4178
4758 4062
4759 3829
4760 3845
4761 3679
4762 3967
4763 4236
4764 4332
4765 4502
4766 4361
4767 3795
4768 4130
4769 3984
4770 4030
4771 4694
4772 3583
4773 3624
4774 4441
4775 3743
4776 4112
4777 3908
4778 4156
4779 3581
4780 4225
4781 3696
4782 3684
4783 3676
4784 3764
4785 4079
4786 3718
4787 3631
4788 4152
4789 3631
4790 4763
4791 3975
4792 4535
4793 4163
4794 4251
4795 4761
4796 4083
4797 3817
4798 4054
4799 3687
4800 4680
4801 4596
4802 4785
4803 4552
4804 4733
4805 4245
4806 4266
4807 3756
4808 4206
4809 4724
4810 4448
4811 4424
4812 4601
4813 4106
4814 3761
4815 4316
4816 3835
4817 4659
4818 4748
4819 3632
4820 4216
4821 4699
4822 4030
4823 3562
4824 4019
4825 4077
4826 4824
4827 4339
4828 4365
4829 3834
4830 3667
4831 3714
4832 4508
4833 3691
4834 4535
4835 4439
4836 4398
4837 4596
4838 4029
4839 3905
4840 3878
4841 3783
4842 4749
4843 4625
4844 4658
4845 4161
4846 4116
4847 4449
4848 4151
4849 4791
4850 4811
4851 3822
4852 4349
4853 4807
4854 4697
4855 4046
4856 3861
4857 4697
4858 4568
4859 4154
4860 3931
4861 3605
4862 3866
4863 4341
4864 3667
4865 4821
4866 3811
4867 4732
4868 3847
4869 4116
4870 4769
4871 4104
4872 4294
4873 3580
4874 4373
4875 3879
4876 3657
4877 4710
4878 4216
4879 4595
4880 4736
4881 4348
4882 4743
4883 3841
4884 4242
4885 3821
4886 4759
4887 3835
4888 4370
4889 4503
4890 4586
4891 3663
4892 4014
4893 3960
4894 4182
4895 3698
4896 4292
4897 3577
4898 4781
4899 3797
4900 4484
4901 4877
4902 3817
4903 4388
4904 4833
4905 4270
4906 4292
4907 4122
4908 4813
4909 4259
4910 3853
4911 4430
4912 4892
4913 4764
4914 4033
4915 4913
4916 3962
4917 4799
4918 3693
4919 4306
4920 4633
4921 3709
4922 4334
4923 4848
4924 4513
4925 3684
4926 4792
4927 4716
4928 4662
4929 4742
4930 4145
4931 4716
4932 4301
4933 4332
4934 4267
4935 4069
4936 4519
4937 3769
4938 4171
4939 4714
4940 3849
4941 4214
4942 4807
4943 4134
4944 4469
4945 4798
4946 4601
4947 4471
4948 3882
4949 4752
4950 4744
4951 4321
4952 3628
4953 3987
4954 4369
4955 4831
4956 3710
4957 4866
4958 4896
4959 4395
4960 3985
4961 4632
4962 3779
4963 4265
4964 4098
4965 4015
4966 4259
4967 4275
4968 4407
4969 3667
4970 4031
4971 3704
4972 4704
4973 4036
4974 3906
4975 4548
4976 4820
4977 4056
4978 4835
4979 3722
4980 4159
4981 4609
4982 4539
4983 4726
4984 3931
4985 3960
4986 3622
4987 3708
4988 4910
4989 3968
4990 4969
4991 4043
4992 4581
4993 4457
4994 4553
4995 4426
4996 4495
4997 4582
4998 3671
4999 4319
5000 4144
5001 3987
5002 4237
5003 4803
5004 3875
5005 4243
5006 4228
5007 3827
5008 4067
5009 3990
5010 3610
5011 3666
5012 3964
5013 3928
5014 3858
5015 4921
5016 3907
5017 4654
5018 3748
5019 4581
5020 4413
5021 4150
5022 3772
5023 4021
5024 3932
5025 4042
5026 3759
5027 4409
5028 4047
5029 3761
5030 5013
5031 4736
5032 3628
5033 3594
5034 4521
5035 3627
5036 4769
5037 5004
5038 3640
5039 4119
5040 3584
5041 3956
5042 4055
5043 3671
5044 4202
5045 4257
5046 4502
5047 4424
5048 4371
5049 3962
5050 5032
5051 4188
5052 4236
5053 4538
5054 3858
5055 4224
5056 4371
5057 4132
5058 5041
5059 3989
5060 3682
5061 3706
5062 3815
5063 3638
5064 3745
5065 4472
5066 4069
5067 3760
5068 4870
5069 4514
5070 4288
5071 4389
5072 4966
5073 4576
5074 3670
5075 4850
5076 3574
5077 4219
5078 5047
5079 5057
5080 3748
5081 4343
5082 4239
5083 4512
5084 3861
5085 3642
5086 4017
5087 4704
5088 3689
5089 4817
5090 4752
5091 4550
5092 4366
5093 3859
5094 3962
5095 3994
5096 4599
5097 4590
5098 3927
5099 4035
5100 3748
5101 4525
5102 4437
5103 4188
5104 4833
5105 4466
5106 4565
5107 3986
5108 5067
5109 3587
5110 3555
5111 4571
5112 4818
5113 3551
5114 4348
5115 4977
5116 4886
5117 4846
5118 5032
5119 4413
5120 4900
5121 3929
5122 3932
5123 4373
5124 4910
5125 4235
5126 3617
5127 4566
5128 4904
5129 4562
5130 4392
5131 3763
5132 4174
5133 4559
5134 4015
5135 4276
5136 3785
5137 4429
5138 5073
5139 3791
5140 4645
5141 4115
5142 3884
5143 3939
5144 3784
5145 4558
5146 4393
5147 3856
5148 4349
5149 5025
5150 3727
5151 3836
5152 4809
5153 3823
5154 3952
5155 4745
5156 4699
5157 4334
5158 4422
5159 4544
5160 4912
5161 4816
5162 4976
5163 4608
5164 4410
5165 4525
5166 4941
5167 4305
5168 4109
5169 3657
5170 4838
5171 3762
5172 4291
5173 4197
5174 3850
5175 3951
5176 5023
5177 3867
5178 3590
5179 4827
5180 4310
5181 4787
5182 4435
5183 3924
5184 4808
5185 4608
5186 3752
5187 3642
5188 5119
5189 3581
5190 4825
5191 4363
5192 4600
5193 534
5194 4342
5195 4090
5196 5050
5197 3733
5198 4244
5199 4720
5200 4299
5201 4970
5202 4889
5203 3745
5204 4709
5205 3782
5206 5045
5207 4037
5208 5049
5209 4184
5210 5167
5211 4020
5212 4691
5213 4824
5214 4237
5215 5205
5216 5096
5217 4752
5218 3872
5219 4912
5220 3784
5221 4170
5222 4878
5223 4144
5224 4937
5225 4848
5226 4642
5227 3922
5228 3548
5229 5155
5230 3673
5231 3867
5232 5029
5233 4949
5234 4361
5235 4302
5236 3807
5237 3621
5238 4443
5239 4448
5240 4560
5241 4935
5242 5217
5243 3930
5244 4029
5245 4451
5246 4487
5247 4487
5248 3917
5249 3625
5250 4419
5251 4644
5252 4178
5253 3601
5254 5080
5255 4998
5256 3969
5257 3861
5258 3704
5259 4391
5260 3713
5261 3759
5262 3871
5263 4980
5264 4950
5265 3769
5266 5143
5267 4696
5268 4582
5269 4762
5270 4581
5271 4684
5272 4862
5273 3760
5274 3754
5275 4750
5276 3578
5277 5071
5278 4926
5279 4939
5280 3863
5281 4852
5282 3772
5283 3676
5284 4744
5285 4378
5286 5025
5287 4413
5288 4385
5289 4558
5290 4302
5291 4345
5292 3852
5293 4785
5294 4979
5295 4387
5296 5007
5297 4918
5298 4796
5299 4776
5300 5166
5301 4469
5302 4358
5303 4250
5304 3791
5305 3747
5306 4961
5307 3919
5308 5094
5309 4494
5310 4948
5311 3872
5312 3633
5313 4863
5314 4239
5315 4626
5316 4673
5317 4727
5318 4247
5319 4425
5320 4768
5321 4886
5322 5069
5323 4920
5324 4815
5325 3901
5326 5034
5327 4630
5328 4624
5329 4137
5330 4958
5331 4508
5332 4524
5333 3619
5334 4015
5335 4009
5336 4607
5337 3726
5338 4341
5339 4765
5340 4787
5341 4514
5342 3971
5343 3746
5344 4014
5345 5239
5346 4315
5347 5070
5348 4629
5349 4748
5350 4480
5351 4570
5352 5297
5353 3974
5354 5132
5355 3957
5356 4198
5357 3672
5358 4284
5359 4843
5360 4600
5361 4115
5362 4845
5363 3934
5364 4587
5365 4099
5366 3886
5367 3905
5368 3993
5369 3622
5370 5228
5371 3608
5372 4704
5373 4872
5374 4713
5375 3665
5376 4243
5377 4157
5378 3981
5379 5366
5380 5243
5381 4632
5382 3560
5383 3993
5384 4290
5385 4228
5386 4075
5387 3599
5388 5265
5389 3708
5390 4113
5391 5025
5392 4869
5393 4888
5394 4763
5395 5286
5396 3862
5397 3663
5398 5226
5399 5378
5400 4573
5401 3875
5402 5197
5403 5152
5404 3802
5405 4575
5406 4990
5407 4886
5408 4646
5409 4228
5410 3939
5411 4700
5412 5061
5413 4119
5414 5078
5415 3941
5416 5163
5417 5376
5418 5298
5419 4470
5420 4625
5421 3906
5422 5295
5423 4936
5424 4766
5425 4946
5426 3726
5427 4922
5428 5129
5429 4515
5430 4576
5431 3689
5432 4080
5433 4408
5434 5095
5435 4150
5436 4848
5437 3993
5438 4395
5439 4176
5440 4321
5441 4127
5442 3936
5443 4151
5444 3994
5445 4314
5446 4882
5447 4322
5448 4941
5449 5057
5450 5336
5451 5050
5452 5263
5453 3977
5454 5424
5455 5221
5456 4183
5457 3797
5458 4021
5459 4636
5460 4551
5461 4616
5462 3791
5463 4785
5464 4827
5465 3890
5466 4514
5467 3801
5468 5445
5469 4045
5470 3791
5471 4447
5472 4486
5473 4547
5474 4167
5475 4735
5476 5349
5477 5403
5478 3825
5479 4344
5480 5146
5481 5408
5482 3967
5483 4268
5484 4259
5485 4897
5486 5364
5487 5250
5488 4559
5489 4948
5490 4203
5491 4579
5492 3699
5493 4091
5494 4443
5495 5474
5496 4510
5497 5211
5498 5231
5499 3817
5500 4201
5501 4485
5502 5183
5503 3995
5504 5255
5505 4243
5506 5170
5507 5333
5508 4990
5509 4082
5510 5155
5511 4296
5512 5076
5513 4632
5514 5136
5515 5242
5516 4498
5517 4458
5518 3810
5519 5313
5520 3807
5521 4754
5522 3779
5523 4463
5524 4173
5525 4952
5526 4230
5527 4692
5528 4424
5529 3737
5530 4925
5531 3719
5532 5109
5533 4329
5534 4197
5535 5481
5536 4044
5537 4095
5538 4097
5539 4256
5540 4294
5541 5214
5542 4531
5543 4637
5544 4458
5545 3930
5546 3984
5547 4023
5548 4667
5549 5059
5550 4174
5551 4638
5552 3642
5553 4275
5554 5389
5555 5256
5556 3681
5557 3663
5558 4559
5559 5240
5560 3981
5561 3646
5562 4204
5563 4530
5564 3844
5565 4219
5566 3572
5567 3548
5568 4545
5569 4543
5570 3664
5571 5360
5572 5134
5573 5448
5574 4033
5575 5271
5576 4701
5577 4837
5578 4716
5579 3872
5580 4438
5581 5195
5582 4354
5583 5171
5584 4391
5585 4348
5586 4553
5587 4223
5588 5315
5589 4713
5590 3709
5591 4856
5592 4280
5593 4013
5594 4515
5595 4842
5596 4462
5597 4395
5598 4395
5599 3676
5600 4445
5601 3918
5602 5149
5603 4133
5604 4538
5605 5065
5606 3725
5607 4959
5608 4776
5609 4728
5610 5465
5611 4806
5612 3804
5613 4548
5614 4080
5615 4526
5616 4520
5617 4075
5618 4963
5619 4395
5620 4279
5621 4023
5622 4357
5623 3618
5624 4747
5625 3889
5626 5078
5627 4719
5628 3938
5629 4075
5630 3981
5631 3813
5632 4894
5633 4385
5634 4285
5635 5504
5636 4268
5637 3793
5638 4995
5639 3927
5640 3633
5641 4289
5642 5481
5643 4986
5644 5209
5645 4606
5646 4280
5647 4314
5648 4464
5649 5350
5650 5090
5651 3980
5652 4929
5653 5097
5654 4494
5655 3574
5656 3946
5657 5300
5658 4956
5659 4225
5660 3712
5661 3976
5662 4853
5663 4676
5664 3585
5665 3790
5666 5081
5667 5367
5668 4840
5669 4914
5670 4172
5671 5421
5672 3755
5673 5111
5674 3627
5675 4475
5676 3914
5677 4813
5678 4102
5679 5155
5680 4842
5681 5366
5682 3813
5683 4250
5684 5538
5685 4437
5686 5427
5687 4998
5688 4245
5689 4369
5690 4318
5691 5345
5692 4410
5693 3922
5694 3770
5695 3796
5696 4770
5697 3625
5698 4138
5699 5524
5700 4267
5701 3690
5702 3875
5703 4237
5704 3917
5705 5072
5706 3563
5707 4250
5708 3670
5709 4252
5710 5068
5711 4118
5712 4032
5713 5180
5714 5048
5715 4918
5716 5414
5717 5052
5718 4116
5719 4004
5720 5114
5721 4291
5722 4449
5723 4942
5724 4147
5725 4049
5726 4112
5727 5433
5728 4295
5729 3753
5730 4688
5731 4799
5732 4222
5733 4024
5734 4356
5735 4157
5736 4396
5737 4616
5738 3917
5739 3797
5740 3665
5741 4924
5742 4255
5743 5441
5744 4490
5745 5725
5746 5289
5747 5047
5748 4791
5749 5071
5750 5638
5751 3659
5752 5557
5753 5610
5754 3642
5755 4744
5756 3847
5757 4666
5758 3766
5759 3707
5760 5166
5761 4550
5762 4290
5763 4606
5764 5034
5765 4377
5766 3841
5767 4987
5768 4728
5769 3596
5770 5067
5771 5406
5772 4534
5773 5276
5774 5491
5775 5547
5776 4485
5777 3713
5778 4739
5779 4357
5780 5137
5781 5742
5782 5236
5783 4948
5784 5496
5785 5026
5786 5269
5787 4176
5788 5046
5789 5678
5790 5762
5791 4799
5792 4688
5793 4529
5794 4693
5795 5363
5796 3755
5797 4565
5798 3809
5799 4850
5800 5423
5801 4735
5802 5461
5803 5540
5804 4490
5805 4084
5806 3852
5807 4385
5808 5509
5809 5436
5810 4522
5811 5536
5812 5325
5813 4545
5814 5195
5815 4993
5816 4644
5817 5054
5818 5624
5819 3972
5820 5223
5821 4747
5822 5805
5823 3660
5824 3879
5825 5495
5826 4430
5827 3693
5828 5812
5829 3949
5830 3679
5831 3810
5832 3742
5833 5149
5834 4193
5835 4840
5836 4843
5837 3824
5838 4526
5839 5472
5840 5372
5841 3820
5842 3820
5843 5305
5844 5071
5845 4765
5846 5660
5847 5768
5848 5585
5849 4988
5850 5574
5851 3974
5852 4062
5853 5739
5854 5217
5855 4934
5856 5591
5857 4434
5858 4855
5859 4756
5860 4774
5861 5508
5862 4157
5863 4443
5864 3751
5865 3790
5866 4221
5867 4616
5868 4544
5869 4551
5870 5354
5871 4917
5872 5641
5873 5494
5874 5818
5875 3919
5876 5126
5877 4351
5878 5798
5879 5420
5880 3589
5881 4954
5882 4937
5883 5398
5884 5206
5885 5385
5886 5115
5887 5729
5888 4068
5889 3570
5890 4008
5891 4009
5892 5877
5893 3878
5894 4725
5895 4258
5896 4657
5897 5289
5898 5603
5899 5030
5900 3876
5901 4837
5902 3555
5903 3703
5904 5111
5905 3669
5906 5888
5907 5602
5908 4850
5909 5259
5910 3786
5911 4177
5912 4128
5913 4668
5914 4962
5915 5042
5916 4318
5917 5474
5918 5887
5919 3962
5920 5835
5921 5414
5922 4470
5923 5739
5924 3932
5925 4839
5926 4382
5927 5554
5928 3899
5929 5543
5930 4118
5931 5537
5932 3975
5933 3611
5934 5097
5935 5262
5936 5740
5937 4909
5938 4923
5939 3643
5940 3781
5941 4285
5942 4016
5943 5024
5944 5668
5945 5068
5946 4898
5947 4860
5948 5411
5949 5334
5950 5520
5951 4056
5952 5455
5953 4413
5954 4168
5955 5754
5956 3817
5957 4169
5958 3707
5959 5463
5960 5617
5961 5728
5962 3808
5963 4794
5964 5925
5965 3940
5966 5198
5967 4083
5968 4720
5969 4715
5970 5717
5971 4448
5972 5589
5973 5430
5974 4008
5975 4228
5976 4598
5977 5532
5978 5029
5979 4755
5980 4152
5981 5378
5982 3820
5983 5199
5984 4890
5985 5501
5986 5371
5987 4078
5988 5267
5989 4507
5990 4930
5991 3974
5992 3824
5993 5110
5994 5904
5995 4191
5996 4635
5997 4760
5998 5664
5999 4085
6000 5078
6001 4633
6002 3571
6003 5243
6004 5222
6005 5353
6006 4104
6007 5625
6008 4410
6009 4065
6010 4067
6011 3767
6012 3772
6013 3712
6014 5975
6015 5455
6016 4819
6017 5206
6018 4635
6019 5416
6020 4676
6021 5018
6022 4097
6023 5189
6024 5272
6025 5956
6026 3596
6027 5954
6028 5933
6029 3687
6030 5790
6031 5912
6032 4482
6033 4137
6034 5217
6035 5459
6036 4601
6037 4798
6038 4679
6039 4427
6040 4219
6041 5299
6042 4726
6043 4201
6044 4247
6045 4310
6046 5161
6047 4793
6048 3659
6049 5495
6050 3987
6051 5070
6052 5057
6053 4448
6054 5186
6055 4054
6056 4162
6057 4233
6058 4359
6059 5026
6060 3585
6061 4394
6062 5911
6063 5228
6064 5300
6065 4767
6066 5259
6067 4065
6068 3619
6069 3901
6070 5986
6071 3911
6072 4767
6073 4965
6074 4083
6075 4071
6076 5902
6077 3773
6078 5286
6079 4968
6080 4068
6081 3605
6082 5413
6083 3867
6084 5016
6085 4702
6086 5256
6087 5629
6088 5782
6089 6031
6090 5141
6091 5488
6092 5723
6093 5938
6094 4975
6095 4697
6096 4096
6097 3691
6098 4569
6099 4468
6100 5426
6101 4845
6102 4747
6103 5308
6104 4794
6105 3640
6106 5704
6107 5491
6108 4728
6109 4624
6110 5055
6111 5796
6112 5975
6113 4560
6114 5755
6115 5356
6116 3888
6117 5297
6118 4942
6119 5172
6120 4910
6121 5836
6122 5571
6123 5690
6124 4187
6125 4503
6126 4342
6127 4724
6128 4662
6129 5615
6130 4343
6131 4651
6132 4906
6133 3793
6134 3973
6135 5286
6136 5929
6137 4928
6138 6099
6139 4044
6140 4343
6141 4802
6142 4399
6143 5525
6144 5853
6145 4766
6146 3726
6147 5250
6148 5760
6149 4517
6150 5550
6151 4153
6152 4662
6153 5765
6154 5167
6155 5778
6156 3593
6157 4463
6158 4537
6159 4256
6160 5201
6161 4258
6162 5624
6163 4121
6164 3814
6165 6145
6166 4811
6167 3857
6168 4646
6169 5961
6170 4111
6171 5171
6172 6091
6173 4845
6174 5736
6175 3872
6176 3843
6177 4254
6178 5594
6179 4782
6180 5866
6181 3978
6182 4341
6183 4743
6184 4144
6185 4707
6186 4305
6187 5207
6188 4073
6189 4558
6190 5763
6191 4989
6192 4304
6193 4140
6194 4403
6195 5419
6196 5204
6197 4947
6198 5234
6199 4242
6200 5112
6201 5697
6202 3616
6203 4775
6204 4958
6205 4589
6206 4002
6207 3844
6208 5822
6209 4210
6210 5575
6211 5479
6212 5455
6213 5064
6214 5487
6215 4734
6216 6158
6217 3774
6218 5704
6219 5914
6220 5583
6221 4691
6222 5440
6223 5560
6224 6215
6225 3953
6226 4674
6227 3819
6228 3748
6229 4544
6230 4071
6231 5515
6232 6107
6233 4103
6234 5298
6235 4520
6236 3882
6237 6134
6238 5753
6239 6161
6240 4750
6241 5977
6242 5658
6243 4621
6244 4514
6245 5516
6246 3785
6247 5386
6248 4559
6249 5277
6250 5234
6251 4425
6252 4445
6253 3559
6254 3871
6255 5376
6256 5640
6257 4250
6258 3860
6259 6184
6260 3850
6261 6041
6262 4477
6263 4410
6264 3620
6265 4572
6266 6031
6267 4950
6268 3731
6269 3655
6270 5889
6271 4648
6272 5979
6273 4554
6274 4582
6275 5033
6276 5167
6277 4227
6278 3731
6279 3676
6280 4908
6281 4036
6282 6178
6283 5366
6284 5984
6285 5581
6286 4505
6287 5701
6288 4486
6289 4318
6290 5703
6291 3930
6292 6130
6293 3836
6294 5615
6295 4883
6296 5835
6297 3763
6298 6013
6299 4817
6300 6128
6301 5085
6302 5629
6303 4479
6304 5641
6305 4973
6306 3688
6307 4634
6308 4234
6309 4867
6310 4033
6311 6171
6312 5014
6313 3615
6314 3874
6315 3952
6316 3732
6317 5533
6318 4344
6319 5267
6320 4364
6321 6129
6322 4215
6323 5801
6324 4688
6325 4271
6326 4527
6327 5228
6328 4864
6329 4544
6330 5930
6331 4602
6332 3836
6333 6164
6334 6237
6335 5204
6336 6085
6337 3612
6338 3939
6339 6224
6340 4003
6341 4789
6342 5068
6343 4759
6344 3551
6345 3677
6346 5854
6347 5447
6348 5791
6349 3831
6350 4139
6351 5910
6352 4360
6353 4740
6354 3708
6355 3878
6356 4371
6357 5475
6358 5957
6359 5715
6360 3752
6361 6295
6362 4327
6363 6320
6364 6263
6365 3712
6366 5088
6367 5398
6368 3584
6369 6153
6370 5680
6371 4859
6372 6102
6373 4170
6374 5281
6375 6341
6376 5829
6377 5009
6378 4875
6379 5148
6380 4363
6381 5912
6382 3605
6383 5847
6384 4059
6385 5307
6386 4729
6387 3960
6388 6038
6389 5849
6390 6133
6391 5731
6392 4556
6393 5951
6394 5051
6395 4915
6396 4936
6397 6096
6398 3626
6399 3550
6400 4427
6401 5292
6402 4279
6403 3708
6404 5899
6405 6152
6406 5863
6407 3603
6408 4213
6409 5413
6410 3872
6411 4750
6412 4969
6413 5954
6414 4510
6415 6317
6416 4605
6417 5434
6418 5010
6419 5927
6420 3664
6421 3835
6422 5674
6423 5461
6424 3628
6425 4802
6426 4933
6427 4292
6428 4675
6429 4869
6430 5395
6431 3726
6432 5118
6433 4787
6434 3868
6435 5537
6436 4411
6437 5031
6438 4461
6439 5231
6440 4348
6441 5975
6442 4091
6443 6381
6444 5685
6445 5850
6446 3563
6447 3613
6448 5241
6449 6371
6450 6075
6451 3707
6452 6339
6453 5975
6454 3701
6455 4811
6456 3980
6457 4663
6458 4293
6459 4610
6460 5655
6461 5957
6462 5473
6463 4392
6464 6318
6465 6064
6466 5622
6467 6389
6468 5539
6469 6139
6470 5361
6471 3784
6472 4519
6473 5662
6474 4854
6475 5593
6476 5585
6477 6217
6478 5882
6479 4305
6480 5427
6481 4312
6482 3733
6483 4053
6484 4934
6485 5094
6486 4580
6487 4167
6488 6182
6489 4426
6490 3628
6491 3597
6492 3980
6493 4379
6494 6413
6495 4295
6496 4602
6497 3760
6498 4364
6499 3709
6500 3630
6501 4501
6502 6141
6503 5051
6504 5987
6505 6251
6506 4390
6507 5443
6508 4937
6509 5195
6510 4759
6511 4595
6512 5801
6513 4991
6514 6225
6515 3908
6516 4155
6517 5471
6518 5139
6519 3880
6520 3853
6521 4647
6522 4643
6523 4165
6524 6098
6525 4225
6526 6316
6527 4924
6528 4320
6529 5160
6530 5764
6531 4442
6532 3632
6533 5300
6534 5622
6535 4123
6536 5840
6537 6336
6538 4550
6539 4042
6540 4945
6541 4436
6542 5223
6543 4222
6544 5531
6545 5533
6546 6242
6547 6216
6548 3772
6549 3768
6550 5258
6551 3942
6552 4153
6553 4202
6554 5640
6555 4554
6556 5679
6557 5031
6558 5991
6559 6385
6560 5810
6561 5010
6562 4639
6563 4573
6564 3945
6565 4212
6566 6528
6567 4520
6568 4313
6569 3687
6570 4000
6571 4222
6572 6478
6573 5591
6574 6158
6575 6302
6576 6213
6577 4498
6578 4493
6579 3618
6580 4862
6581 4429
6582 3556
6583 5682
6584 5093
6585 5013
6586 5373
6587 3805
6588 5685
6589 6494
6590 5346
6591 5504
6592 5209
6593 4502
6594 5396
6595 4421
6596 4221
6597 4768
6598 5537
6599 6230
6600 3695
6601 4477
6602 4348
6603 3791
6604 6115
6605 5520
6606 4163
6607 3968
6608 4803
6609 5702
6610 3579
6611 3976
6612 3857
6613 6521
6614 6483
6615 4919
6616 4930
6617 4614
6618 4414
6619 4413
6620 3989
6621 5271
6622 5437
6623 4984
6624 3668
6625 6193
6626 5669
6627 4643
6628 6439
6629 3601
6630 4284
6631 4401
6632 5059
6633 4719
6634 3632
6635 3902
6636 4522
6637 6082
6638 4780
6639 4586
6640 3690
6641 5378
6642 4325
6643 5892
6644 4546
6645 6630
6646 5005
6647 4253
6648 4532
6649 3638
6650 5914
6651 3946
6652 4356
6653 4533
6654 5670
6655 3966
6656 4811
6657 3566
6658 5434
6659 6253
6660 5921
6661 4765
6662 6080
6663 5310
6664 5787
6665 4398
6666 4439
6667 5850
6668 5115
6669 4340
6670 3660
6671 3966
6672 3924
6673 4237
6674 3689
6675 5669
6676 4679
6677 4661
6678 4617
6679 5292
6680 5822
6681 4459
6682 3790
6683 5477
6684 4745
6685 6289
6686 6291
6687 4988
6688 3660
6689 4623
6690 3609
6691 6085
6692 4454
6693 4570
6694 5902
6695 5020
6696 5641
6697 3741
6698 5836
6699 4451
6700 6167
6701 4551
6702 6393
6703 5052
6704 4170
6705 5687
6706 3550
6707 3676
6708 6401
6709 3839
6710 5959
6711 5673
6712 4322
6713 4278
6714 3942
6715 5932
6716 6193
6717 5954
6718 4196
6719 6196
6720 6116
6721 5050
6722 4665
6723 6042
6724 5191
6725 4478
6726 4799
6727 3555
6728 6081
6729 5613
6730 6300
6731 5801
6732 5744
6733 4194
6734 5919
6735 4366
6736 6291
6737 3667
6738 4278
6739 4799
6740 4753
6741 4224
6742 4580
6743 6163
6744 4022
6745 4106
6746 5728
6747 4801
6748 6244
6749 6007
6750 6225
6751 6521
6752 5308
6753 4756
6754 5421
6755 6580
6756 3692
6757 3722
6758 4554
6759 4743
6760 6079
6761 3635
6762 5964
6763 5021
6764 4719
6765 3818
6766 5218
6767 5314
6768 5407
6769 5722
6770 5596
6771 4672
6772 5833
6773 6612
6774 5975
6775 4138
6776 5140
6777 4141
6778 6631
6779 4996
6780 3920
6781 3900
6782 5343
6783 4908
6784 6033
6785 6657
6786 5683
6787 5508
6788 4653
6789 4853
6790 5919
6791 5781
6792 4981
6793 4971
6794 6231
6795 4254
6796 5084
6797 4708
6798 4978
6799 4007
6800 4298
6801 4596
6802 4280
6803 4974
6804 5656
6805 4868
6806 4440
6807 5438
6808 3910
6809 4855
6810 6648
6811 4179
6812 6119
6813 4004
6814 4433
6815 3859
6816 4396
6817 4404
6818 4900
6819 4457
6820 4453
6821 5407
6822 5611
6823 5912
6824 3864
6825 5298
6826 3901
6827 4828
6828 3700
6829 5122
6830 6734
6831 4593
6832 3561
6833 4267
6834 4155
6835 6674
6836 4826
6837 6187
6838 4617
6839 4564
6840 4115
6841 5434
6842 4474
6843 4240
6844 5137
6845 3985
6846 5899
6847 4384
6848 5150
6849 5840
6850 5972
6851 4427
6852 4371
6853 5659
6854 6233
6855 4636
6856 6741
6857 5256
6858 6674
6859 5127
6860 4710
6861 6178
6862 5109
6863 6025
6864 6596
6865 6503
6866 4671
6867 6763
6868 3762
6869 3675
6870 3744
6871 4966
6872 5469
6873 5839
6874 4329
6875 4634
6876 4053
6877 5899
6878 5441
6879 4666
6880 6260
6881 5441
6882 6127
6883 4834
6884 6847
6885 4062
6886 5098
6887 5486
6888 5547
6889 3829
6890 6164
6891 6576
6892 3665
6893 4791
6894 4634
6895 4393
6896 6694
6897 6613
6898 4945
6899 5888
6900 4316
6901 5740
6902 6109
6903 5318
6904 4684
6905 4903
6906 6019
6907 4017
6908 5286
6909 6617
6910 5204
6911 6666
6912 5395
6913 4133
6914 3609
6915 4214
6916 6249
6917 3976
6918 4786
6919 4052
6920 6397
6921 6278
6922 5283
6923 3654
6924 5508
6925 5583
6926 4687
6927 5979
6928 6633
6929 3550
6930 3628
6931 6036
6932 4999
6933 5265
6934 5523
6935 3760
6936 4550
6937 6337
6938 4455
6939 4374
6940 6309
6941 4712
6942 4122
6943 4722
6944 6469
6945 4761
6946 4297
6947 5168
6948 3568
6949 3841
6950 6015
6951 5784
6952 3927
6953 6332
6954 5320
6955 6073
6956 4581
6957 6215
6958 6368
6959 5719
6960 3936
6961 5420
6962 4752
6963 6548
6964 5182
6965 5807
6966 5175
6967 4526
6968 5876
6969 3739
6970 3654
6971 4519
6972 5002
6973 3586
6974 4108
6975 4140
6976 5726
6977 4976
6978 6329
6979 5991
6980 5703
6981 5105
6982 6094
6983 6826
6984 6765
6985 3621
6986 4888
6987 3817
6988 4590
6989 6902
6990 6598
6991 4323
6992 3673
6993 6124
6994 4316
6995 6050
6996 4020
6997 5520
6998 5128
6999 6146
7000 4484
7001 6339
7002 4718
7003 5958
7004 5864
7005 5026
7006 4178
7007 3935
7008 3967
7009 5528
7010 5441
7011 6196
7012 5144
7013 5599
7014 6082
7015 5752
7016 6291
7017 4061
7018 5173
7019 5943
7020 4164
7021 4354
7022 4556
7023 5505
7024 6165
7025 6168
7026 4385
7027 5973
7028 4067
7029 5156
7030 6443
7031 5095
7032 4722
7033 6364
7034 6751
7035 5522
7036 4748
7037 4260
7038 7029
7039 6340
7040 3841
7041 6721
7042 5540
7043 6605
7044 4356
7045 3624
7046 5195
7047 4080
7048 6376
7049 6721
7050 5131
7051 5410
7052 6660
7053 4289
7054 4148
7055 3632
7056 6391
7057 5680
7058 4884
7059 4157
7060 5604
7061 6838
7062 6641
7063 4290
7064 4272
7065 6836
7066 4461
7067 5548
7068 5384
7069 6802
7070 6046
7071 3609
7072 6608
7073 5910
7074 6015
7075 5164
7076 6851
7077 6940
7078 3681
7079 6597
7080 6310
7081 3590
7082 4516
7083 6634
7084 5764
7085 6132
7086 3751
7087 4096
7088 4050
7089 5891
7090 3877
7091 5802
7092 7041
7093 5799
7094 4971
7095 4237
7096 5129
7097 5598
7098 6188
7099 7059
7100 4112
7101 3621
7102 5560
7103 6032
7104 5726
7105 4244
7106 6602
7107 5904
7108 5974
7109 4544
7110 5802
7111 5287
7112 5081
7113 4386
7114 5936
7115 4367
7116 3987
7117 5739
7118 4431
7119 5234
7120 3865
7121 4456
7122 5086
7123 5653
7124 4395
7125 5195
7126 7074
7127 4094
7128 4003
7129 5564
7130 3855
7131 6727
7132 4848
7133 3560
7134 6743
7135 3613
7136 6190
7137 3987
7138 5990
7139 4097
7140 5327
7141 4879
7142 6210
7143 6194
7144 5084
7145 5197
7146 5406
7147 4658
7148 5046
7149 7046
7150 5840
7151 6073
7152 4840
7153 4230
7154 6423
7155 5029
7156 5077
7157 6264
7158 5855
7159 6028
7160 4436
7161 6143
7162 4949
7163 6824
7164 5668
7165 5497
7166 3837
7167 3954
7168 6442
7169 5395
7170 4528
7171 6464
7172 6587
7173 5327
7174 4308
7175 5727
7176 5767
7177 6068
7178 5099
7179 3585
7180 4691
7181 6501
7182 6362
7183 4725
7184 6955
7185 5497
7186 5229
7187 5506
7188 4989
7189 4995
7190 3923
7191 5527
7192 6536
7193 5240
7194 3572
7195 5078
7196 6555
7197 6448
7198 5580
7199 3817
7200 6753
7201 3891
7202 4752
7203 6588
7204 4767
7205 4410
7206 3801
7207 6889
7208 4275
7209 6748
7210 4807
7211 6959
7212 6400
7213 4778
7214 4472
7215 4350
7216 6350
7217 4397
7218 5409
7219 4324
7220 5726
7221 5675
7222 5755
7223 5684
7224 4126
7225 6932
7226 4979
7227 6514
7228 5007
7229 6229
7230 5542
7231 3892
7232 4774
7233 4233
7234 4301
7235 4493
7236 4892
7237 3628
7238 3716
7239 3712
7240 6399
7241 6221
7242 3820
7243 6825
7244 6255
7245 4155
7246 4961
7247 6136
7248 6559
7249 3618
7250 6164
7251 5972
7252 5315
7253 3786
7254 5832
7255 5254
7256 5959
7257 6472
7258 5275
7259 3995
7260 6927
7261 3952
7262 3954
7263 4862
7264 4600
7265 5159
7266 3694
7267 7203
7268 3659
7269 4746
7270 6557
7271 5265
7272 4865
7273 4683
7274 5812
7275 6897
7276 5497
7277 4603
7278 6341
7279 6296
7280 5629
7281 3993
7282 5484
7283 5017
7284 5534
7285 4080
7286 6816
7287 5669
7288 5680
7289 5097
7290 5205
7291 6289
7292 6416
7293 6039
7294 6263
7295 5684
7296 5490
7297 4841
7298 6623
7299 6878
7300 3800
7301 5763
7302 7093
7303 6966
7304 5170
7305 6565
7306 5545
7307 4469
7308 4739
7309 3669
7310 5528
7311 5685
7312 4460
7313 3813
7314 5220
7315 5139
7316 4341
7317 6476
7318 6727
7319 4433
7320 5450
7321 4255
7322 6161
7323 3669
7324 5673
7325 4681
7326 4865
7327 4260
7328 6040
7329 4955
7330 6451
7331 4167
7332 4483
7333 5333
7334 6398
7335 7301
7336 3924
7337 6954
7338 5966
7339 6839
7340 5108
7341 5687
7342 4245
7343 6271
7344 5733
7345 6140
7346 4432
7347 6979
7348 7250
7349 6753
7350 3735
7351 4043
7352 7093
7353 6691
7354 6083
7355 7174
7356 5242
7357 5726
7358 4770
7359 3732
7360 4926
7361 7017
7362 6005
7363 5797
7364 6202
7365 4949
7366 6350
7367 5106
7368 4005
7369 6002
7370 5328
7371 6231
7372 6493
7373 6459
7374 4292
7375 4999
7376 4989
7377 5149
7378 7001
7379 5455
7380 3577
7381 4411
7382 5252
7383 5030
7384 3833
7385 6624
7386 6666
7387 6083
7388 5771
7389 6258
7390 5126
7391 6995
7392 6930
7393 4350
7394 3860
7395 3553
7396 3791
7397 5830
7398 4080
7399 6071
7400 7380
7401 6194
7402 5840
7403 6579
7404 3979
7405 5164
7406 3841
7407 4468
7408 6856
7409 4414
7410 4415
7411 6633
7412 5211
7413 6780
7414 5303
7415 4390
7416 5683
7417 4604
7418 3548
7419 6895
7420 4216
7421 6406
7422 5669
7423 5982
7424 5141
7425 4163
7426 6086
7427 7041
7428 4899
7429 7226
7430 3670
7431 4346
7432 4697
7433 3968
7434 7042
7435 5069
7436 7349
7437 6446
7438 4952
7439 4894
7440 6264
7441 6525
7442 4382
7443 5096
7444 4061
7445 4743
7446 7412
7447 6391
7448 7056
7449 4391
7450 7004
7451 7207
7452 4827
7453 6503
7454 5295
7455 6987
7456 3587
7457 7266
7458 6996
7459 4935
7460 7194
7461 3875
7462 6486
7463 7446
7464 6620
7465 6636
7466 7105
7467 7332
7468 7242
7469 5916
7470 4831
7471 4137
7472 7256
7473 3600
7474 6373
7475 3581
7476 7215
7477 4689
7478 5730
7479 5006
7480 7084
7481 4522
7482 4280
7483 7405
7484 4836
7485 4573
7486 4569
7487 6801
7488 5448
7489 5955
7490 5684
7491 7242
7492 7244
7493 4617
7494 5110
7495 4479
7496 7401
7497 3725
7498 5129
7499 4329
7500 7067
7501 5177
7502 5471
7503 5821
7504 5717
7505 6183
7506 7329
7507 570
7508 7507
7509 7508
7510 7509
7511 7510
7512 7511
7513 7512
7514 7513
7515 7514
7516 7515
7517 7516
7518 7517
7519 7518
7520 7519
7521 7520
7522 7521
7523 7522
7524 7523
7525 7524
7526 7525
7527 7526
7528 7527
7529 7528
7530 7529
7531 7530
7532 7531
7533 7532
7534 7533
7535 7534
7536 7535
7537 7536
7538 7537
7539 7538
7540 7539
7541 7540
7542 7541
7543 7542
7544 7543
7545 7544
7546 7545
7547 7546
7548 7547
7549 7548
7550 7549
7551 7550
7552 7551
7553 7552
7554 7553
7555 7554
7556 7555
7557 7556
7558 7557
7559 7558
7560 7559
7561 7560
7562 7561
7563 7562
7564 7563
7565 7564
7566 7565
7567 7566
7568 7567
7569 7568
7570 7569
7571 7570
7572 7571
7573 7572
7574 7573
7575 7574
7576 7575
7577 7576
7578 7577
7579 7578
7580 7579
7581 7580
7582 7581
7583 7582
7584 7583
7585 7584
7586 7585
7587 7586
7588 7587
7589 7588
7590 7589
7591 7590
7592 7591
7593 7592
7594 7593
7595 7594
7596 7595
7597 7596
7598 7597
7599 7598
7600 7599
7601 7600
7602 7601
7603 7602
7604 7603
7605 7604
7606 7605
7607 7606
7608 7607
7609 7608
7610 7609
7611 7610
7612 7611
7613 7612
7614 7613
7615 7614
7616 7615
7617 7616
7618 7617
7619 7618
7620 7619
7621 7620
7622 7621
7623 7622
7624 7623
7625 7624
7626 7625
7627 7626
7628 7627
7629 7628
7630 7629
7631 7630
7632 7631
7633 7632
7634 7633
7635 7634
7636 7635
7637 7636
7638 7637
7639 7638
7640 7639
7641 7640
7642 7641
7643 7642
7644 7643
7645 7644
7646 7645
7647 7646
7648 7647
7649 7648
7650 7649
7651 7650
7652 7651
7653 7652
7654 7653
7655 7654
7656 7655
7657 7656
7658 7657
7659 7658
7660 7659
7661 7660
7662 7661
7663 7662
7664 7663
7665 7664
7666 7665
7667 7666
7668 7667
7669 7668
7670 7669
7671 7670
7672 7671
7673 7672
7674 7673
7675 7674
7676 7675
7677 7676
7678 7677
7679 7678
7680 7679
7681 7680
7682 7681
7683 7682
7684 7683
7685 7684
7686 7685
7687 7686
7688 7687
7689 7688
7690 7689
7691 7690
7692 7691
7693 7692
7694 7693
7695 7694
7696 7695
7697 7696
7698 7697
7699 7698
7700 7699
7701 7700
7702 7701
7703 7702
7704 7703
7705 7704
7706 7705
7707 7706
7708 7707
7709 7708
7710 7709
7711 7710
7712 7711
7713 7712
7714 7713
7715 7714
7716 7715
7717 7716
7718 7717
7719 7718
7720 7719
7721 7720
7722 7721
7723 7722
7724 7723
7725 7724
7726 7725
7727 7726
7728 7727
7729 7728
7730 7729
7731 7730
7732 7731
7733 7732
7734 7733
7735 7734
7736 7735
7737 7736
7738 7737
7739 7738
7740 7739
7741 7740
7742 7741
7743 7742
7744 7743
7745 7744
7746 7745
7747 7746
7748 7747
7749 7748
7750 7749
7751 7750
7752 7751
7753 7752
7754 7753
7755 7754
7756 7755
7757 7756
7758 7757
7759 7758
7760 7759
7761 7760
7762 7761
7763 7762
7764 7763
7765 7764
7766 7765
7767 7766
7768 7767
7769 7768
7770 7769
7771 7770
7772 7771
7773 7772
7774 7773
7775 7774
7776 7775
7777 7776
7778 7777
7779 7778
7780 7779
7781 7780
7782 7781
7783 7782
7784 7783
7785 7784
7786 7785
7787 7786
7788 7787
7789 7788
7790 7789
7791 7790
7792 7791
7793 7792
7794 7793
7795 7794
7796 7795
7797 7796
7798 7797
7799 7798
7800 7799
7801 7800
7802 7801
7803 7802
7804 7803
7805 7804
7806 7805
7807 7806
7808 7807
7809 7808
7810 7809
7811 7810
7812 7811
7813 7812
7814 7813
7815 7814
7816 7815
7817 7816
7818 7817
7819 7818
7820 7819
7821 7820
7822 7821
7823 7822
7824 7823
7825 7824
7826 7825
7827 7826
7828 7827
7829 7828
7830 7829
7831 7830
7832 7831
7833 7832
7834 7833
7835 7834
7836 7835
7837 7836
7838 7837
7839 7838
7840 7839
7841 7840
7842 7841
7843 7842
7844 7843
7845 7844
7846 7845
7847 7846
7848 7847
7849 7848
7850 7849
7851 7850
7852 7851
7853 7852
7854 7853
7855 7854
7856 7855
7857 7856
7858 7857
7859 7858
7860 7859
7861 7860
7862 7861
7863 7862
7864 7863
7865 7864
7866 7865
7867 7866
7868 7867
7869 7868
7870 7869
7871 7870
7872 7871
7873 7872
7874 7873
7875 7874
7876 7875
7877 7876
7878 7877
7879 7878
7880 7879
7881 7880
7882 7881
7883 7882
7884 7883
7885 7884
7886 7885
7887 7886
7888 7887
7889 7888
7890 7889
7891 7890
7892 7891
7893 7892
7894 7893
7895 7894
7896 7895
7897 7896
7898 7897
7899 7898
7900 7899
7901 7900
7902 7901
7903 7902
7904 7903
7905 7904
7906 7905
7907 7906
7908 7907
7909 7908
7910 7909
7911 7910
7912 7911
7913 7912
7914 7913
7915 7914
7916 7915
7917 7916
7918 7917
7919 7918
7920 7919
7921 7920
7922 7921
7923 7922
7924 7923
7925 7924
7926 7925
7927 7926
7928 7927
7929 7928
7930 7929
7931 7930
7932 7931
7933 7932
7934 7933
7935 7934
7936 7935
7937 7936
7938 7937
7939 7938
7940 7939
7941 7940
7942 7941
7943 7942
7944 7943
7945 7944
7946 7945
7947 7946
7948 7947
7949 7948
7950 7949
7951 7950
7952 7951
7953 7952
7954 7953
7955 7954
7956 7955
7957 7956
7958 7957
7959 7958
7960 7959
7961 7960
7962 7961
7963 7962
7964 7963
7965 7964
7966 7965
7967 7966
7968 7967
7969 7968
7970 7969
7971 7970
7972 7971
7973 7972
7974 7973
7975 7974
7976 7975
7977 7976
7978 7977
7979 7978
7980 7979
7981 7980
7982 7981
7983 7982
7984 7983
7985 7984
7986 7985
7987 7986
7988 7987
7989 7988
7990 7989
7991 7990
7992 7991
7993 7992
7994 7993
7995 7994
7996 7995
7997 7996
7998 7997
7999 7998
8000 7999
8001 8000
8002 8001
8003 8002
8004 8003
8005 8004
8006 8005
8007 8006
8008 8007
8009 8008
8010 8009
8011 8010
8012 8011
8013 8012
8014 8013
8015 8014
8016 8015
8017 8016
8018 8017
8019 8018
8020 8019
8021 8020
8022 8021
8023 8022
8024 8023
8025 8024
8026 8025
8027 8026
8028 8027
8029 8028
8030 8029
8031 8030
8032 8031
8033 8032
8034 8033
8035 8034
8036 8035
8037 8036
8038 8037
8039 8038
8040 8039
8041 8040
8042 8041
8043 8042
8044 8043
8045 8044
8046 8045
8047 8046
8048 8047
8049 8048
8050 8049
8051 8050
8052 8051
8053 8052
8054 8053
8055 8054
8056 8055
8057 8056
8058 8057
8059 8058
8060 8059
8061 8060
8062 8061
8063 8062
8064 8063
8065 8064
8066 8065
8067 8066
8068 8067
8069 8068
8070 8069
8071 8070
8072 8071
8073 8072
8074 8073
8075 8074
8076 8075
8077 8076
8078 8077
8079 8078
8080 8079
8081 8080
8082 8081
8083 8082
8084 8083
8085 8084
8086 8085
8087 8086
8088 8087
8089 8088
8090 8089
8091 8090
8092 8091
8093 8092
8094 8093
8095 8094
8096 8095
8097 8096
8098 8097
8099 8098
8100 8099
8101 8100
8102 8101
8103 8102
8104 8103
8105 8104
8106 8105
8107 8106
8108 8107
8109 8108
8110 8109
8111 8110
8112 8111
8113 8112
8114 8113
8115 8114
8116 8115
8117 8116
8118 8117
8119 8118
8120 8119
8121 8120
8122 8121
8123 8122
8124 8123
8125 8124
8126 8125
8127 8126
8128 8127
8129 8128
8130 8129
8131 8130
8132 8131
8133 8132
8134 8133
8135 8134
8136 8135
8137 8136
8138 8137
8139 8138
8140 8139
8141 8140
8142 8141
8143 8142
8144 8143
8145 8144
8146 8145
8147 8146
8148 8147
8149 8148
8150 8149
8151 8150
8152 8151
8153 8152
8154 8153
8155 8154
8156 8155
8157 8156
8158 8157
8159 8158
8160 8159
8161 8160
8162 8161
8163 8162
8164 8163
8165 8164
8166 8165
8167 8166
8168 8167
8169 8168
8170 8169
8171 8170
8172 8171
8173 8172
8174 8173
8175 8174
8176 8175
8177 8176
8178 8177
8179 8178
8180 8179
8181 8180
8182 8181
8183 8182
8184 8183
8185 8184
8186 8185
8187 8186
8188 8187
8189 8188
8190 8189
8191 8190
8192 8191
8193 8192
8194 8193
8195 8194
8196 8195
8197 8196
8198 8197
8199 8198
8200 8199
8201 8200
8202 8201
8203 8202
8204 8203
8205 8204
8206 8205
8207 8206
8208 8207
8209 8208
8210 8209
8211 8210
8212 8211
8213 8212
8214 8213
8215 8214
8216 8215
8217 8216
8218 8217
8219 8218
8220 8219
8221 8220
8222 8221
8223 8222
8224 8223
8225 8224
8226 8225
8227 8226
8228 8227
8229 8228
8230 8229
8231 8230
8232 8231
8233 8232
8234 8233
8235 8234
8236 8235
8237 8236
8238 8237
8239 8238
8240 8239
8241 8240
8242 8241
8243 8242
8244 8243
8245 8244
8246 8245
8247 8246
8248 8247
8249 8248
8250 8249
8251 8250
8252 8251
8253 8252
8254 8253
8255 8254
8256 8255
8257 8256
8258 8257
8259 8258
8260 8259
8261 8260
8262 8261
8263 8262
8264 8263
8265 8264
8266 8265
8267 8266
8268 8267
8269 8268
8270 8269
8271 8270
8272 8271
8273 8272
8274 8273
8275 8274
8276 8275
8277 8276
8278 8277
8279 8278
8280 8279
8281 8280
8282 8281
8283 8282
8284 8283
8285 8284
8286 8285
8287 8286
8288 8287
8289 8288
8290 8289
8291 8290
8292 8291
8293 8292
8294 8293
8295 8294
8296 8295
8297 8296
8298 8297
8299 8298
8300 8299
8301 8300
8302 8301
8303 8302
8304 8303
8305 8304
8306 8305
8307 8306
8308 8307
8309 8308
8310 8309
8311 8310
8312 8311
8313 8312
8314 8313
8315 8314
8316 8315
8317 8316
8318 8317
8319 8318
8320 8319
8321 8320
8322 8321
8323 8322
8324 8323
8325 8324
8326 8325
8327 8326
8328 8327
8329 8328
8330 8329
8331 8330
8332 8331
8333 8332
8334 8333
8335 8334
8336 8335
8337 8336
8338 8337
8339 8338
8340 8339
8341 8340
8342 8341
8343 8342
8344 8343
8345 8344
8346 8345
8347 8346
8348 8347
8349 8348
8350 8349
8351 8350
8352 8351
8353 8352
8354 8353
8355 8354
8356 8355
8357 8356
8358 8357
8359 8358
8360 8359
8361 8360
8362 8361
8363 8362
8364 8363
8365 8364
8366 8365
8367 8366
8368 8367
8369 8368
8370 8369
8371 8370
8372 8371
8373 8372
8374 8373
8375 8374
8376 8375
8377 8376
8378 8377
8379 8378
8380 8379
8381 8380
8382 8381
8383 8382
8384 8383
8385 8384
8386 8385
8387 8386
8388 8387
8389 8388
8390 8389
8391 8390
8392 8391
8393 8392
8394 8393
8395 8394
8396 8395
8397 8396
8398 8397
8399 8398
8400 8399
8401 8400
8402 8401
8403 8402
8404 8403
8405 8404
8406 8405
8407 8406
8408 8407
8409 8408
8410 8409
8411 8410
8412 8411
8413 8412
8414 8413
8415 8414
8416 8415
8417 8416
8418 8417
8419 8418
8420 8419
8421 8420
8422 8421
8423 8422
8424 8423
8425 8424
8426 8425
8427 8426
8428 8427
8429 8428
8430 8429
8431 8430
8432 8431
8433 8432
8434 8433
8435 8434
8436 8435
8437 8436
8438 8437
8439 8438
8440 8439
8441 8440
8442 8441
8443 8442
8444 8443
8445 8444
8446 8445
8447 8446
8448 8447
8449 8448
8450 8449
8451 8450
8452 8451
8453 8452
8454 8453
8455 8454
8456 8455
8457 8456
8458 8457
8459 8458
8460 8459
8461 8460
8462 8461
8463 8462
8464 8463
8465 8464
8466 8465
8467 8466
8468 8467
8469 8468
8470 8469
8471 8470
8472 8471
8473 8472
8474 8473
8475 8474
8476 8475
8477 8476
8478 8477
8479 8478
8480 8479
8481 8480
8482 8481
8483 8482
8484 8483
8485 8484
8486 8485
8487 8486
8488 8487
8489 8488
8490 8489
8491 8490
8492 8491
8493 8492
8494 8493
8495 8494
8496 8495
8497 8496
8498 8497
8499 8498
8500 8499
8501 8500
8502 8501
8503 8502
8504 8503
8505 8504
8506 8505
8507 8506
8508 8507
8509 8508
8510 8509
8511 8510
8512 8511
8513 8512
8514 8513
8515 8514
8516 8515
8517 8516
8518 8517
8519 8518
8520 8519
8521 8520
8522 8521
8523 8522
8524 8523
8525 8524
8526 8525
8527 8526
8528 8527
8529 8528
8530 8529
8531 8530
8532 8531
8533 8532
8534 8533
8535 8534
8536 8535
8537 8536
8538 8537
8539 8538
8540 8539
8541 8540
8542 8541
8543 8542
8544 8543
8545 8544
8546 8545
8547 8546
8548 8547
8549 8548
8550 8549
8551 8550
8552 8551
8553 8552
8554 8553
8555 8554
8556 8555
8557 8556
8558 8557
8559 8558
8560 8559
8561 8560
8562 8561
8563 8562
8564 8563
8565 8564
8566 8565
8567 8566
8568 8567
8569 8568
8570 8569
8571 8570
8572 8571
8573 8572
8574 8573
8575 8574
8576 8575
8577 8576
8578 8577
8579 8578
8580 8579
8581 8580
8582 8581
8583 8582
8584 8583
8585 8584
8586 8585
8587 8586
8588 8587
8589 8588
8590 8589
8591 8590
8592 8591
8593 8592
8594 8593
8595 8594
8596 8595
8597 8596
8598 8597
8599 8598
8600 8599
8601 8600
8602 8601
8603 8602
8604 8603
8605 8604
8606 8605
8607 8606
8608 8607
8609 8608
8610 8609
8611 8610
8612 8611
8613 8612
8614 8613
8615 8614
8616 8615
8617 8616
8618 8617
8619 8618
8620 8619
8621 8620
8622 8621
8623 8622
8624 8623
8625 8624
8626 8625
8627 8626
8628 8627
8629 8628
8630 8629
8631 8630
8632 8631
8633 8632
8634 8633
8635 8634
8636 8635
8637 8636
8638 8637
8639 8638
8640 8639
8641 8640
8642 8641
8643 8642
8644 8643
8645 8644
8646 8645
8647 8646
8648 8647
8649 8648
8650 8649
8651 8650
8652 8651
8653 8652
8654 8653
8655 8654
8656 8655
8657 8656
8658 8657
8659 8658
8660 8659
8661 8660
8662 8661
8663 8662
8664 8663
8665 8664
8666 8665
8667 8666
8668 8667
8669 8668
8670 8669
8671 8670
8672 8671
8673 8672
8674 8673
8675 8674
8676 8675
8677 8676
8678 8677
8679 8678
8680 8679
8681 8680
8682 8681
8683 8682
8684 8683
8685 8684
8686 8685
8687 8686
8688 8687
8689 8688
8690 8689
8691 8690
8692 8691
8693 8692
8694 8693
8695 8694
8696 8695
8697 8696
8698 8697
8699 8698
8700 8699
8701 8700
8702 8701
8703 8702
8704 8703
8705 8704
8706 8705
8707 8706
8708 8707
8709 8708
8710 8709
8711 8710
8712 8711
8713 8712
8714 8713
8715 8714
8716 8715
8717 8716
8718 8717
8719 8718
8720 8719
8721 8720
8722 8721
8723 8722
8724 8723
8725 8724
8726 8725
8727 8726
8728 8727
8729 8728
8730 8729
8731 8730
8732 8731
8733 8732
8734 8733
8735 8734
8736 8735
8737 8736
8738 8737
8739 8738
8740 8739
8741 8740
8742 8741
8743 8742
8744 8743
8745 8744
8746 8745
8747 8746
8748 8747
8749 8748
8750 8749
8751 8750
8752 8751
8753 8752
8754 8753
8755 8754
8756 8755
8757 8756
8758 8757
8759 8758
8760 8759
8761 8760
8762 8761
8763 8762
8764 8763
8765 8764
8766 8765
8767 8766
8768 8767
8769 8768
8770 8769
8771 8770
8772 8771
8773 8772
8774 8773
8775 8774
8776 8775
8777 8776
8778 8777
8779 8778
8780 8779
8781 8780
8782 8781
8783 8782
8784 8783
8785 8784
8786 8785
8787 8786
8788 8787
8789 8788
8790 8789
8791 8790
8792 8791
8793 8792
8794 8793
8795 8794
8796 8795
8797 8796
8798 8797
8799 8798
8800 8799
8801 8800
8802 8801
8803 8802
8804 8803
8805 8804
8806 8805
8807 8806
8808 8807
8809 8808
8810 8809
8811 8810
8812 8811
8813 8812
8814 8813
8815 8814
8816 8815
8817 8816
8818 8817
8819 8818
8820 8819
8821 8820
8822 8821
8823 8822
8824 8823
8825 8824
8826 8825
8827 8826
8828 8827
8829 8828
8830 8829
8831 8830
8832 8831
8833 8832
8834 8833
8835 8834
8836 8835
8837 8836
8838 8837
8839 8838
8840 8839
8841 8840
8842 8841
8843 8842
8844 8843
8845 8844
8846 8845
8847 8846
8848 8847
8849 8848
8850 8849
8851 8850
8852 8851
8853 8852
8854 8853
8855 8854
8856 8855
8857 8856
8858 8857
8859 8858
8860 8859
8861 8860
8862 8861
8863 8862
8864 8863
8865 8864
8866 8865
8867 8866
8868 8867
8869 8868
8870 8869
8871 8870
8872 8871
8873 8872
8874 8873
8875 8874
8876 8875
8877 8876
8878 8877
8879 8878
8880 8879
8881 8880
8882 8881
8883 8882
8884 8883
8885 8884
8886 8885
8887 8886
8888 8887
8889 8888
8890 8889
8891 8890
8892 8891
8893 8892
8894 8893
8895 8894
8896 8895
8897 8896
8898 8897
8899 8898
8900 8899
8901 8900
8902 8901
8903 8902
8904 8903
8905 8904
8906 8905
8907 8906
8908 8907
8909 8908
8910 8909
8911 8910
8912 8911
8913 8912
8914 8913
8915 8914
8916 8915
8917 8916
8918 8917
8919 8918
8920 8919
8921 8920
8922 8921
8923 8922
8924 8923
8925 8924
8926 8925
8927 8926
8928 8927
8929 8928
8930 8929
8931 8930
8932 8931
8933 8932
8934 8933
8935 8934
8936 8935
8937 8936
8938 8937
8939 8938
8940 8939
8941 8940
8942 8941
8943 8942
8944 8943
8945 8944
8946 8945
8947 8946
8948 8947
8949 8948
8950 8949
8951 8950
8952 8951
8953 8952
8954 8953
8955 8954
8956 8955
8957 8956
8958 8957
8959 8958
8960 8959
8961 8960
8962 8961
8963 8962
8964 8963
8965 8964
8966 8965
8967 8966
8968 8967
8969 8968
8970 8969
8971 8970
8972 8971
8973 8972
8974 8973
8975 8974
8976 8975
8977 8976
8978 8977
8979 8978
8980 8979
8981 8980
8982 8981
8983 8982
8984 8983
8985 8984
8986 8985
8987 8986
8988 8987
8989 8988
8990 8989
8991 8990
8992 8991
8993 8992
8994 8993
8995 8994
8996 8995
8997 8996
8998 8997
8999 8998
9000 8999
9001 9000
9002 9001
9003 9002
9004 9003
9005 9004
9006 9005
9007 9006
9008 9007
9009 9008
9010 9009
9011 9010
9012 9011
9013 9012
9014 9013
9015 9014
9016 9015
9017 9016
9018 9017
9019 9018
9020 9019
9021 9020
9022 9021
9023 9022
9024 9023
9025 9024
9026 9025
9027 9026
9028 9027
9029 9028
9030 9029
9031 9030
9032 9031
9033 9032
9034 9033
9035 9034
9036 9035
9037 9036
9038 9037
9039 9038
9040 9039
9041 9040
9042 9041
9043 9042
9044 9043
9045 9044
9046 9045
9047 9046
9048 9047
9049 9048
9050 9049
9051 9050
9052 9051
9053 9052
9054 9053
9055 9054
9056 9055
9057 9056
9058 9057
9059 9058
9060 9059
9061 9060
9062 9061
9063 9062
9064 9063
9065 9064
9066 9065
9067 9066
9068 9067
9069 9068
9070 9069
9071 9070
9072 9071
9073 9072
9074 9073
9075 9074
9076 9075
9077 9076
9078 9077
9079 9078
9080 9079
9081 9080
9082 9081
9083 9082
9084 9083
9085 9084
9086 9085
9087 9086
9088 9087
9089 9088
9090 9089
9091 9090
9092 9091
9093 9092
9094 9093
9095 9094
9096 9095
9097 9096
9098 9097
9099 9098
9100 9099
9101 9100
9102 9101
9103 9102
9104 9103
9105 9104
9106 9105
9107 9106
9108 9107
9109 9108
9110 9109
9111 9110
9112 9111
9113 9112
9114 9113
9115 9114
9116 9115
9117 9116
9118 9117
9119 9118
9120 9119
9121 9120
9122 9121
9123 9122
9124 9123
9125 9124
9126 9125
9127 9126
9128 9127
9129 9128
9130 9129
9131 9130
9132 9131
9133 9132
9134 9133
9135 9134
9136 9135
9137 9136
9138 9137
9139 9138
9140 9139
9141 9140
9142 9141
9143 9142
9144 9143
9145 9144
9146 9145
9147 9146
9148 9147
9149 9148
9150 9149
9151 9150
9152 9151
9153 9152
9154 9153
9155 9154
9156 9155
9157 9156
9158 9157
9159 9158
9160 9159
9161 9160
9162 9161
9163 9162
9164 9163
9165 9164
9166 9165
9167 9166
9168 9167
9169 9168
9170 9169
9171 9170
9172 9171
9173 9172
9174 9173
9175 9174
9176 9175
9177 9176
9178 9177
9179 9178
9180 9179
9181 9180
9182 9181
9183 9182
9184 9183
9185 9184
9186 9185
9187 9186
9188 9187
9189 9188
9190 9189
9191 9190
9192 9191
9193 9192
9194 9193
9195 9194
9196 9195
9197 9196
9198 9197
9199 9198
9200 9199
9201 9200
9202 9201
9203 9202
9204 9203
9205 9204
9206 9205
9207 9206
9208 9207
9209 9208
9210 9209
9211 9210
9212 9211
9213 9212
9214 9213
9215 9214
9216 9215
9217 9216
9218 9217
9219 9218
9220 9219
9221 9220
9222 9221
9223 9222
9224 9223
9225 9224
9226 9225
9227 9226
9228 9227
9229 9228
9230 9229
9231 9230
9232 9231
9233 9232
9234 9233
9235 9234
9236 9235
9237 9236
9238 9237
9239 9238
9240 9239
9241 9240
9242 9241
9243 9242
9244 9243
9245 9244
9246 9245
9247 9246
9248 9247
9249 9248
9250 9249
9251 9250
9252 9251
9253 9252
9254 9253
9255 9254
9256 9255
9257 9256
9258 9257
9259 9258
9260 9259
9261 9260
9262 9261
9263 9262
9264 9263
9265 9264
9266 9265
9267 9266
9268 9267
9269 9268
9270 9269
9271 9270
9272 9271
9273 9272
9274 9273
9275 9274
9276 9275
9277 9276
9278 9277
9279 9278
9280 9279
9281 9280
9282 9281
9283 9282
9284 9283
9285 9284
9286 9285
9287 9286
9288 9287
9289 9288
9290 9289
9291 9290
9292 9291
9293 9292
9294 9293
9295 9294
9296 9295
9297 9296
9298 9297
9299 9298
9300 9299
9301 9300
9302 9301
9303 9302
9304 9303
9305 9304
9306 9305
9307 9306
9308 9307
9309 9308
9310 9309
9311 9310
9312 9311
9313 9312
9314 9313
9315 9314
9316 9315
9317 9316
9318 9317
9319 9318
9320 9319
9321 9320
9322 9321
9323 9322
9324 9323
9325 9324
9326 9325
9327 9326
9328 9327
9329 9328
9330 9329
9331 9330
9332 9331
9333 9332
9334 9333
9335 9334
9336 9335
9337 9336
9338 9337
9339 9338
9340 9339
9341 9340
9342 9341
9343 9342
9344 9343
9345 9344
9346 9345
9347 9346
9348 9347
9349 9348
9350 9349
9351 9350
9352 9351
9353 9352
9354 9353
9355 9354
9356 9355
9357 9356
9358 9357
9359 9358
9360 9359
9361 9360
9362 9361
9363 9362
9364 9363
9365 9364
9366 9365
9367 9366
9368 9367
9369 9368
9370 9369
9371 9370
9372 9371
9373 9372
9374 9373
9375 9374
9376 9375
9377 9376
9378 9377
9379 9378
9380 9379
9381 9380
9382 9381
9383 9382
9384 9383
9385 9384
9386 9385
9387 9386
9388 9387
9389 9388
9390 9389
9391 9390
9392 9391
9393 9392
9394 9393
9395 9394
9396 9395
9397 9396
9398 9397
9399 9398
9400 9399
9401 9400
9402 9401
9403 9402
9404 9403
9405 9404
9406 9405
9407 9406
9408 9407
9409 9408
9410 9409
9411 9410
9412 9411
9413 9412
9414 9413
9415 9414
9416 9415
9417 9416
9418 9417
9419 9418
9420 9419
9421 9420
9422 9421
9423 9422
9424 9423
9425 9424
9426 9425
9427 9426
9428 9427
9429 9428
9430 9429
9431 9430
9432 9431
9433 9432
9434 9433
9435 9434
9436 9435
9437 9436
9438 9437
9439 9438
9440 9439
9441 9440
9442 9441
9443 9442
9444 9443
9445 9444
9446 9445
9447 9446
9448 9447
9449 9448
9450 9449
9451 9450
9452 9451
9453 9452
9454 9453
9455 9454
9456 9455
9457 9456
9458 9457
9459 9458
9460 9459
9461 9460
9462 9461
9463 9462
9464 9463
9465 9464
9466 9465
9467 9466
9468 9467
9469 9468
9470 9469
9471 9470
9472 9471
9473 9472
9474 9473
9475 9474
9476 9475
9477 9476
9478 9477
9479 9478
9480 9479
9481 9480
9482 9481
9483 9482
9484 9483
9485 9484
9486 9485
9487 9486
9488 9487
9489 9488
9490 9489
9491 9490
9492 9491
9493 9492
9494 9493
9495 9494
9496 9495
9497 9496
9498 9497
9499 9498
9500 9499
9501 9500
9502 9501
9503 9502
9504 9503
9505 9504
9506 9505
9507 9506
9508 9507
9509 9508
9510 9509
9511 9510
9512 9511
9513 9512
9514 9513
9515 9514
9516 9515
9517 9516
9518 9517
9519 9518
9520 9519
9521 9520
9522 9521
9523 9522
9524 9523
9525 9524
9526 9525
9527 9526
9528 9527
9529 9528
9530 9529
9531 9530
9532 9531
9533 9532
9534 9533
9535 9534
9536 9535
9537 9536
9538 9537
9539 9538
9540 9539
9541 9540
9542 9541
9543 9542
9544 9543
9545 9544
9546 9545
9547 9546
9548 9547
9549 9548
9550 9549
9551 9550
9552 9551
9553 9552
9554 9553
9555 9554
9556 9555
9557 9556
9558 9557
9559 9558
9560 9559
9561 9560
9562 9561
9563 9562
9564 9563
9565 9564
9566 9565
9567 9566
9568 9567
9569 9568
9570 9569
9571 9570
9572 9571
9573 9572
9574 9573
9575 9574
9576 9575
9577 9576
9578 9577
9579 9578
9580 9579
9581 9580
9582 9581
9583 9582
9584 9583
9585 9584
9586 9585
9587 9586
9588 9587
9589 9588
9590 9589
9591 9590
9592 9591
9593 9592
9594 9593
9595 9594
9596 9595
9597 9596
9598 9597
9599 9598
9600 9599
9601 9600
9602 9601
9603 9602
9604 9603
9605 9604
9606 9605
9607 9606
9608 9607
9609 9608
9610 9609
9611 9610
9612 9611
9613 9612
9614 9613
9615 9614
9616 9615
9617 9616
9618 9617
9619 9618
9620 9619
9621 9620
9622 9621
9623 9622
9624 9623
9625 9624
9626 9625
9627 9626
9628 9627
9629 9628
9630 9629
9631 9630
9632 9631
9633 9632
9634 9633
9635 9634
9636 9635
9637 9636
9638 9637
9639 9638
9640 9639
9641 9640
9642 9641
9643 9642
9644 9643
9645 9644
9646 9645
9647 9646
9648 9647
9649 9648
9650 9649
9651 9650
9652 9651
9653 9652
9654 9653
9655 9654
9656 9655
9657 9656
9658 9657
9659 9658
9660 9659
9661 9660
9662 9661
9663 9662
9664 9663
9665 9664
9666 9665
9667 9666
9668 9667
9669 9668
9670 9669
9671 9670
9672 9671
9673 9672
9674 9673
9675 9674
9676 9675
9677 9676
9678 9677
9679 9678
9680 9679
9681 9680
9682 9681
9683 9682
9684 9683
9685 9684
9686 9685
9687 9686
9688 9687
9689 9688
9690 9689
9691 9690
9692 9691
9693 9692
9694 9693
9695 9694
9696 9695
9697 9696
9698 9697
9699 9698
9700 9699
9701 9700
9702 9701
9703 9702
9704 9703
9705 9704
9706 9705
9707 9706
9708 9707
9709 9708
9710 9709
9711 9710
9712 9711
9713 9712
9714 9713
9715 9714
9716 9715
9717 9716
9718 9717
9719 9718
9720 9719
9721 9720
9722 9721
9723 9722
9724 9723
9725 9724
9726 9725
9727 9726
9728 9727
9729 9728
9730 9729
9731 9730
9732 9731
9733 9732
9734 9733
9735 9734
9736 9735
9737 9736
9738 9737
9739 9738
9740 9739
9741 9740
9742 9741
9743 9742
9744 9743
9745 9744
9746 9745
9747 9746
9748 9747
9749 9748
9750 9749
9751 9750
9752 9751
9753 9752
9754 9753
9755 9754
9756 9755
9757 9756
9758 9757
9759 9758
9760 9759
9761 9760
9762 9761
9763 9762
9764 9763
9765 9764
9766 9765
9767 9766
9768 9767
9769 9768
9770 9769
9771 9770
9772 9771
9773 9772
9774 9773
9775 9774
9776 9775
9777 9776
9778 9777
9779 9778
9780 9779
9781 9780
9782 9781
9783 9782
9784 9783
9785 9784
9786 9785
9787 9786
9788 9787
9789 9788
9790 9789
9791 9790
9792 9791
9793 9792
9794 9793
9795 9794
9796 9795
9797 9796
9798 9797
9799 9798
9800 9799
9801 9800
9802 9801
9803 9802
9804 9803
9805 9804
9806 9805
9807 9806
9808 9807
9809 9808
9810 9809
9811 9810
9812 9811
9813 9812
9814 9813
9815 9814
9816 9815
9817 9816
9818 9817
9819 9818
9820 9819
9821 9820
9822 9821
9823 9822
9824 9823
9825 9824
9826 9825
9827 9826
9828 9827
9829 9828
9830 9829
9831 9830
9832 9831
9833 9832
9834 9833
9835 9834
9836 9835
9837 9836
9838 9837
9839 9838
9840 9839
9841 9840
9842 9841
9843 9842
9844 9843
9845 9844
9846 9845
9847 9846
9848 9847
9849 9848
9850 9849
9851 9850
9852 9851
9853 9852
9854 9853
9855 9854
9856 9855
9857 9856
9858 9857
9859 9858
9860 9859
9861 9860
9862 9861
9863 9862
9864 9863
9865 9864
9866 9865
9867 9866
9868 9867
9869 9868
9870 9869
9871 9870
9872 9871
9873 9872
9874 9873
9875 9874
9876 9875
9877 9876
9878 9877
9879 9878
9880 9879
9881 9880
9882 9881
9883 9882
9884 9883
9885 9884
9886 9885
9887 9886
9888 9887
9889 9888
9890 9889
9891 9890
9892 9891
9893 9892
9894 9893
9895 9894
9896 9895
9897 9896
9898 9897
9899 9898
9900 9899
9901 9900
9902 9901
9903 9902
9904 9903
9905 9904
9906 9905
9907 9906
9908 9907
9909 9908
9910 9909
9911 9910
9912 9911
9913 9912
9914 9913
9915 9914
9916 9915
9917 9916
9918 9917
9919 9918
9920 9919
9921 9920
9922 9921
9923 9922
9924 9923
9925 9924
9926 9925
9927 9926
9928 9927
9929 9928
9930 9929
9931 9930
9932 9931
9933 9932
9934 9933
9935 9934
9936 9935
9937 9936
9938 9937
9939 9938
9940 9939
9941 9940
9942 9941
9943 9942
9944 9943
9945 9944
9946 9945
9947 9946
9948 9947
9949 9948
9950 9949
9951 9950
9952 9951
9953 9952
9954 9953
9955 9954
9956 9955
9957 9956
9958 9957
9959 9958
9960 9959
9961 9960
9962 9961
9963 9962
9964 9963
9965 9964
9966 9965
9967 9966
9968 9967
9969 9968
9970 9969
9971 9970
9972 9971
9973 9972
9974 9973
9975 9974
9976 9975
9977 9976
9978 9977
9979 9978
9980 9979
9981 9980
9982 9981
9983 9982
9984 9983
9985 9984
9986 9985
9987 9986
9988 9987
9989 9988
9990 9989
9991 9990
9992 9991
9993 9992
9994 9993
9995 9994
9996 9995
9997 9996
9998 9997
9999 9998
10000 9999
10000 570
