10000 10001
2 1
3 2
4 3
5 4
6 5
7 6
8 7
9 8
10 9
11 10
12 11
13 12
14 13
15 14
16 15
17 16
18 17
19 18
20 19
21 20
22 21
23 22
24 23
25 24
26 25
27 26
28 27
29 28
30 29
31 30
32 31
33 32
34 33
35 34
36 35
37 36
38 37
39 38
40 39
41 40
42 41
43 42
44 43
45 44
46 45
47 46
48 47
49 48
50 49
51 50
52 51
53 52
54 53
55 54
56 55
57 56
58 57
59 58
60 59
61 60
62 61
63 62
64 63
65 64
66 65
67 66
68 67
69 68
70 69
71 70
72 71
73 72
74 73
75 74
76 75
77 76
78 77
79 78
80 79
81 80
82 81
83 82
84 83
85 84
86 85
87 86
88 87
89 88
90 89
91 90
92 91
93 92
94 93
95 94
96 95
97 96
98 97
99 98
100 99
101 100
102 101
103 102
104 103
105 104
106 105
107 106
108 107
109 108
110 109
111 110
112 111
113 112
114 113
115 114
116 115
117 116
118 117
119 118
120 119
121 120
122 121
123 122
124 123
125 124
126 125
127 126
128 127
129 128
130 129
131 130
132 131
133 132
134 133
135 134
136 135
137 136
138 137
139 138
140 139
141 140
142 141
143 142
144 143
145 144
146 145
147 146
148 147
149 148
150 149
151 150
152 151
153 152
154 153
155 154
156 155
157 156
158 157
159 158
160 159
161 160
162 161
163 162
164 163
165 164
166 165
167 166
168 167
169 168
170 169
171 170
172 171
173 172
174 173
175 174
176 175
177 176
178 177
179 178
180 179
181 180
182 181
183 182
184 183
185 184
186 185
187 186
188 187
189 188
190 189
191 190
192 191
193 192
194 193
195 194
196 195
197 196
198 197
199 198
200 199
201 200
202 201
203 202
204 203
205 204
206 205
207 206
208 207
209 208
210 209
211 210
212 211
213 212
214 213
215 214
216 215
217 216
218 217
219 218
220 219
221 220
222 221
223 222
224 223
225 224
226 225
227 226
228 227
229 228
230 229
231 230
232 231
233 232
234 233
235 234
236 235
237 236
238 237
239 238
240 239
241 240
242 241
243 242
244 243
245 244
246 245
247 246
248 247
249 248
250 249
251 250
252 251
253 252
254 253
255 254
256 255
257 256
258 257
259 258
260 259
261 260
262 261
263 262
264 263
265 264
266 265
267 266
268 267
269 268
270 269
271 270
272 271
273 272
274 273
275 274
276 275
277 276
278 277
279 278
280 279
281 280
282 281
283 282
284 283
285 284
286 285
287 286
288 287
289 288
290 289
291 290
292 291
293 292
294 293
295 294
296 295
297 296
298 297
299 298
300 299
301 300
302 301
303 302
304 303
305 304
306 305
307 306
308 307
309 308
310 309
311 310
312 311
313 312
314 313
315 314
316 315
317 316
318 317
319 318
320 319
321 320
322 321
323 322
324 323
325 324
326 325
327 326
328 327
329 328
330 329
331 330
332 331
333 332
334 333
335 334
336 335
337 336
338 337
339 338
340 339
341 340
342 341
343 342
344 343
345 344
346 345
347 346
348 347
349 348
350 349
351 350
352 351
353 352
354 353
355 354
356 355
357 356
358 357
359 358
360 359
361 360
362 361
363 362
364 363
365 364
366 365
367 366
368 367
369 368
370 369
371 370
372 371
373 372
374 373
375 374
376 375
377 376
378 377
379 378
380 379
381 380
382 381
383 382
384 383
385 384
386 385
387 386
388 387
389 388
390 389
391 390
392 391
393 392
394 393
395 394
396 395
397 396
398 397
399 398
400 399
401 400
402 401
403 402
404 403
405 404
406 405
407 406
408 407
409 408
410 409
411 410
412 411
413 412
414 413
415 414
416 415
417 416
418 417
419 418
420 419
421 420
422 421
423 422
424 423
425 424
426 425
427 426
428 427
429 428
430 429
431 430
432 431
433 432
434 433
435 434
436 435
437 436
438 437
439 438
440 439
441 440
442 441
443 442
444 443
445 444
446 445
447 446
448 447
449 448
450 449
451 450
452 451
453 452
454 453
455 454
456 455
457 456
458 457
459 458
460 459
461 460
462 461
463 462
464 463
465 464
466 465
467 466
468 467
469 468
470 469
471 470
472 471
473 472
474 473
475 474
476 475
477 476
478 477
479 478
480 479
481 480
482 481
483 482
484 483
485 484
486 485
487 486
488 487
489 488
490 489
491 490
492 491
493 492
494 493
495 494
496 495
497 496
498 497
499 498
500 499
501 500
502 501
503 502
504 503
505 504
506 505
507 506
508 507
509 508
510 509
511 510
512 511
513 512
514 513
515 514
516 515
517 516
518 517
519 518
520 519
521 520
522 521
523 522
524 523
525 524
526 525
527 526
528 527
529 528
530 529
531 530
532 531
533 532
534 533
535 534
536 535
537 536
538 537
539 538
540 539
541 540
542 541
543 542
544 543
545 544
546 545
547 546
548 547
549 548
550 549
551 550
552 551
553 552
554 553
555 554
556 555
557 556
558 557
559 558
560 559
561 560
562 561
563 562
564 563
565 564
566 565
567 566
568 567
569 568
570 569
571 570
572 571
573 572
574 573
575 574
576 575
577 576
578 577
579 578
580 579
581 580
582 581
583 582
584 583
585 584
586 585
587 586
588 587
589 588
590 589
591 590
592 591
593 592
594 593
595 594
596 595
597 596
598 597
599 598
600 599
601 600
602 601
603 602
604 603
605 604
606 605
607 606
608 607
609 608
610 609
611 610
612 611
613 612
614 613
615 614
616 615
617 616
618 617
619 618
620 619
621 620
622 621
623 622
624 623
625 624
626 625
627 626
628 627
629 628
630 629
631 630
632 631
633 632
634 633
635 634
636 635
637 636
638 637
639 638
640 639
641 640
642 641
643 642
644 643
645 644
646 645
647 646
648 647
649 648
650 649
651 650
652 651
653 652
654 653
655 654
656 655
657 656
658 657
659 658
660 659
661 660
662 661
663 662
664 663
665 664
666 665
667 666
668 667
669 668
670 669
671 670
672 671
673 672
674 673
675 674
676 675
677 676
678 677
679 678
680 679
681 680
682 681
683 682
684 683
685 684
686 685
687 686
688 687
689 688
690 689
691 690
692 691
693 692
694 693
695 694
696 695
697 696
698 697
699 698
700 699
701 700
702 701
703 702
704 703
705 704
706 705
707 706
708 707
709 708
710 709
711 710
712 711
713 712
714 713
715 714
716 715
717 716
718 717
719 718
720 719
721 720
722 721
723 722
724 723
725 724
726 725
727 726
728 727
729 728
730 729
731 730
732 731
733 732
734 733
735 734
736 735
737 736
738 737
739 738
740 739
741 740
742 741
743 742
744 743
745 744
746 745
747 746
748 747
749 748
750 749
751 750
752 751
753 752
754 753
755 754
756 755
757 756
758 757
759 758
760 759
761 760
762 761
763 762
764 763
765 764
766 765
767 766
768 767
769 768
770 769
771 770
772 771
773 772
774 773
775 774
776 775
777 776
778 777
779 778
780 779
781 780
782 781
783 782
784 783
785 784
786 785
787 786
788 787
789 788
790 789
791 790
792 791
793 792
794 793
795 794
796 795
797 796
798 797
799 798
800 799
801 800
802 801
803 802
804 803
805 804
806 805
807 806
808 807
809 808
810 809
811 810
812 811
813 812
814 813
815 814
816 815
817 816
818 817
819 818
820 819
821 820
822 821
823 822
824 823
825 824
826 825
827 826
828 827
829 828
830 829
831 830
832 831
833 832
834 833
835 834
836 835
837 836
838 837
839 838
840 839
841 840
842 841
843 842
844 843
845 844
846 845
847 846
848 847
849 848
850 849
851 850
852 851
853 852
854 853
855 854
856 855
857 856
858 857
859 858
860 859
861 860
862 861
863 862
864 863
865 864
866 865
867 866
868 867
869 868
870 869
871 870
872 871
873 872
874 873
875 874
876 875
877 876
878 877
879 878
880 879
881 880
882 881
883 882
884 883
885 884
886 885
887 886
888 887
889 888
890 889
891 890
892 891
893 892
894 893
895 894
896 895
897 896
898 897
899 898
900 899
901 900
902 901
903 902
904 903
905 904
906 905
907 906
908 907
909 908
910 909
911 910
912 911
913 912
914 913
915 914
916 915
917 916
918 917
919 918
920 919
921 920
922 921
923 922
924 923
925 924
926 925
927 926
928 927
929 928
930 929
931 930
932 931
933 932
934 933
935 934
936 935
937 936
938 937
939 938
940 939
941 940
942 941
943 942
944 943
945 944
946 945
947 946
948 947
949 948
950 949
951 950
952 951
953 952
954 953
955 954
956 955
957 956
958 957
959 958
960 959
961 960
962 961
963 962
964 963
965 964
966 965
967 966
968 967
969 968
970 969
971 970
972 971
973 972
974 973
975 974
976 975
977 976
978 977
979 978
980 979
981 980
982 981
983 982
984 983
985 984
986 985
987 986
988 987
989 988
990 989
991 990
992 991
993 992
994 993
995 994
996 995
997 996
998 997
999 998
1000 999
1001 1000
1002 1001
1003 1002
1004 1003
1005 1004
1006 1005
1007 1006
1008 1007
1009 1008
1010 1009
1011 1010
1012 1011
1013 1012
1014 1013
1015 1014
1016 1015
1017 1016
1018 1017
1019 1018
1020 1019
1021 1020
1022 1021
1023 1022
1024 1023
1025 1024
1026 1025
1027 1026
1028 1027
1029 1028
1030 1029
1031 1030
1032 1031
1033 1032
1034 1033
1035 1034
1036 1035
1037 1036
1038 1037
1039 1038
1040 1039
1041 1040
1042 1041
1043 1042
1044 1043
1045 1044
1046 1045
1047 1046
1048 1047
1049 1048
1050 1049
1051 1050
1052 1051
1053 1052
1054 1053
1055 1054
1056 1055
1057 1056
1058 1057
1059 1058
1060 1059
1061 1060
1062 1061
1063 1062
1064 1063
1065 1064
1066 1065
1067 1066
1068 1067
1069 1068
1070 1069
1071 1070
1072 1071
1073 1072
1074 1073
1075 1074
1076 1075
1077 1076
1078 1077
1079 1078
1080 1079
1081 1080
1082 1081
1083 1082
1084 1083
1085 1084
1086 1085
1087 1086
1088 1087
1089 1088
1090 1089
1091 1090
1092 1091
1093 1092
1094 1093
1095 1094
1096 1095
1097 1096
1098 1097
1099 1098
1100 1099
1101 1100
1102 1101
1103 1102
1104 1103
1105 1104
1106 1105
1107 1106
1108 1107
1109 1108
1110 1109
1111 1110
1112 1111
1113 1112
1114 1113
1115 1114
1116 1115
1117 1116
1118 1117
1119 1118
1120 1119
1121 1120
1122 1121
1123 1122
1124 1123
1125 1124
1126 1125
1127 1126
1128 1127
1129 1128
1130 1129
1131 1130
1132 1131
1133 1132
1134 1133
1135 1134
1136 1135
1137 1136
1138 1137
1139 1138
1140 1139
1141 1140
1142 1141
1143 1142
1144 1143
1145 1144
1146 1145
1147 1146
1148 1147
1149 1148
1150 1149
1151 1150
1152 1151
1153 1152
1154 1153
1155 1154
1156 1155
1157 1156
1158 1157
1159 1158
1160 1159
1161 1160
1162 1161
1163 1162
1164 1163
1165 1164
1166 1165
1167 1166
1168 1167
1169 1168
1170 1169
1171 1170
1172 1171
1173 1172
1174 1173
1175 1174
1176 1175
1177 1176
1178 1177
1179 1178
1180 1179
1181 1180
1182 1181
1183 1182
1184 1183
1185 1184
1186 1185
1187 1186
1188 1187
1189 1188
1190 1189
1191 1190
1192 1191
1193 1192
1194 1193
1195 1194
1196 1195
1197 1196
1198 1197
1199 1198
1200 1199
1201 1200
1202 1201
1203 1202
1204 1203
1205 1204
1206 1205
1207 1206
1208 1207
1209 1208
1210 1209
1211 1210
1212 1211
1213 1212
1214 1213
1215 1214
1216 1215
1217 1216
1218 1217
1219 1218
1220 1219
1221 1220
1222 1221
1223 1222
1224 1223
1225 1224
1226 1225
1227 1226
1228 1227
1229 1228
1230 1229
1231 1230
1232 1231
1233 1232
1234 1233
1235 1234
1236 1235
1237 1236
1238 1237
1239 1238
1240 1239
1241 1240
1242 1241
1243 1242
1244 1243
1245 1244
1246 1245
1247 1246
1248 1247
1249 1248
1250 1249
1251 1250
1252 1251
1253 1252
1254 1253
1255 1254
1256 1255
1257 1256
1258 1257
1259 1258
1260 1259
1261 1260
1262 1261
1263 1262
1264 1263
1265 1264
1266 1265
1267 1266
1268 1267
1269 1268
1270 1269
1271 1270
1272 1271
1273 1272
1274 1273
1275 1274
1276 1275
1277 1276
1278 1277
1279 1278
1280 1279
1281 1280
1282 1281
1283 1282
1284 1283
1285 1284
1286 1285
1287 1286
1288 1287
1289 1288
1290 1289
1291 1290
1292 1291
1293 1292
1294 1293
1295 1294
1296 1295
1297 1296
1298 1297
1299 1298
1300 1299
1301 1300
1302 1301
1303 1302
1304 1303
1305 1304
1306 1305
1307 1306
1308 1307
1309 1308
1310 1309
1311 1310
1312 1311
1313 1312
1314 1313
1315 1314
1316 1315
1317 1316
1318 1317
1319 1318
1320 1319
1321 1320
1322 1321
1323 1322
1324 1323
1325 1324
1326 1325
1327 1326
1328 1327
1329 1328
1330 1329
1331 1330
1332 1331
1333 1332
1334 1333
1335 1334
1336 1335
1337 1336
1338 1337
1339 1338
1340 1339
1341 1340
1342 1341
1343 1342
1344 1343
1345 1344
1346 1345
1347 1346
1348 1347
1349 1348
1350 1349
1351 1350
1352 1351
1353 1352
1354 1353
1355 1354
1356 1355
1357 1356
1358 1357
1359 1358
1360 1359
1361 1360
1362 1361
1363 1362
1364 1363
1365 1364
1366 1365
1367 1366
1368 1367
1369 1368
1370 1369
1371 1370
1372 1371
1373 1372
1374 1373
1375 1374
1376 1375
1377 1376
1378 1377
1379 1378
1380 1379
1381 1380
1382 1381
1383 1382
1384 1383
1385 1384
1386 1385
1387 1386
1388 1387
1389 1388
1390 1389
1391 1390
1392 1391
1393 1392
1394 1393
1395 1394
1396 1395
1397 1396
1398 1397
1399 1398
1400 1399
1401 1400
1402 1401
1403 1402
1404 1403
1405 1404
1406 1405
1407 1406
1408 1407
1409 1408
1410 1409
1411 1410
1412 1411
1413 1412
1414 1413
1415 1414
1416 1415
1417 1416
1418 1417
1419 1418
1420 1419
1421 1420
1422 1421
1423 1422
1424 1423
1425 1424
1426 1425
1427 1426
1428 1427
1429 1428
1430 1429
1431 1430
1432 1431
1433 1432
1434 1433
1435 1434
1436 1435
1437 1436
1438 1437
1439 1438
1440 1439
1441 1440
1442 1441
1443 1442
1444 1443
1445 1444
1446 1445
1447 1446
1448 1447
1449 1448
1450 1449
1451 1450
1452 1451
1453 1452
1454 1453
1455 1454
1456 1455
1457 1456
1458 1457
1459 1458
1460 1459
1461 1460
1462 1461
1463 1462
1464 1463
1465 1464
1466 1465
1467 1466
1468 1467
1469 1468
1470 1469
1471 1470
1472 1471
1473 1472
1474 1473
1475 1474
1476 1475
1477 1476
1478 1477
1479 1478
1480 1479
1481 1480
1482 1481
1483 1482
1484 1483
1485 1484
1486 1485
1487 1486
1488 1487
1489 1488
1490 1489
1491 1490
1492 1491
1493 1492
1494 1493
1495 1494
1496 1495
1497 1496
1498 1497
1499 1498
1500 1499
1501 1500
1502 1501
1503 1502
1504 1503
1505 1504
1506 1505
1507 1506
1508 1507
1509 1508
1510 1509
1511 1510
1512 1511
1513 1512
1514 1513
1515 1514
1516 1515
1517 1516
1518 1517
1519 1518
1520 1519
1521 1520
1522 1521
1523 1522
1524 1523
1525 1524
1526 1525
1527 1526
1528 1527
1529 1528
1530 1529
1531 1530
1532 1531
1533 1532
1534 1533
1535 1534
1536 1535
1537 1536
1538 1537
1539 1538
1540 1539
1541 1540
1542 1541
1543 1542
1544 1543
1545 1544
1546 1545
1547 1546
1548 1547
1549 1548
1550 1549
1551 1550
1552 1551
1553 1552
1554 1553
1555 1554
1556 1555
1557 1556
1558 1557
1559 1558
1560 1559
1561 1560
1562 1561
1563 1562
1564 1563
1565 1564
1566 1565
1567 1566
1568 1567
1569 1568
1570 1569
1571 1570
1572 1571
1573 1572
1574 1573
1575 1574
1576 1575
1577 1576
1578 1577
1579 1578
1580 1579
1581 1580
1582 1581
1583 1582
1584 1583
1585 1584
1586 1585
1587 1586
1588 1587
1589 1588
1590 1589
1591 1590
1592 1591
1593 1592
1594 1593
1595 1594
1596 1595
1597 1596
1598 1597
1599 1598
1600 1599
1601 1600
1602 1601
1603 1602
1604 1603
1605 1604
1606 1605
1607 1606
1608 1607
1609 1608
1610 1609
1611 1610
1612 1611
1613 1612
1614 1613
1615 1614
1616 1615
1617 1616
1618 1617
1619 1618
1620 1619
1621 1620
1622 1621
1623 1622
1624 1623
1625 1624
1626 1625
1627 1626
1628 1627
1629 1628
1630 1629
1631 1630
1632 1631
1633 1632
1634 1633
1635 1634
1636 1635
1637 1636
1638 1637
1639 1638
1640 1639
1641 1640
1642 1641
1643 1642
1644 1643
1645 1644
1646 1645
1647 1646
1648 1647
1649 1648
1650 1649
1651 1650
1652 1651
1653 1652
1654 1653
1655 1654
1656 1655
1657 1656
1658 1657
1659 1658
1660 1659
1661 1660
1662 1661
1663 1662
1664 1663
1665 1664
1666 1665
1667 1666
1668 1667
1669 1668
1670 1669
1671 1670
1672 1671
1673 1672
1674 1673
1675 1674
1676 1675
1677 1676
1678 1677
1679 1678
1680 1679
1681 1680
1682 1681
1683 1682
1684 1683
1685 1684
1686 1685
1687 1686
1688 1687
1689 1688
1690 1689
1691 1690
1692 1691
1693 1692
1694 1693
1695 1694
1696 1695
1697 1696
1698 1697
1699 1698
1700 1699
1701 1700
1702 1701
1703 1702
1704 1703
1705 1704
1706 1705
1707 1706
1708 1707
1709 1708
1710 1709
1711 1710
1712 1711
1713 1712
1714 1713
1715 1714
1716 1715
1717 1716
1718 1717
1719 1718
1720 1719
1721 1720
1722 1721
1723 1722
1724 1723
1725 1724
1726 1725
1727 1726
1728 1727
1729 1728
1730 1729
1731 1730
1732 1731
1733 1732
1734 1733
1735 1734
1736 1735
1737 1736
1738 1737
1739 1738
1740 1739
1741 1740
1742 1741
1743 1742
1744 1743
1745 1744
1746 1745
1747 1746
1748 1747
1749 1748
1750 1749
1751 1750
1752 1751
1753 1752
1754 1753
1755 1754
1756 1755
1757 1756
1758 1757
1759 1758
1760 1759
1761 1760
1762 1761
1763 1762
1764 1763
1765 1764
1766 1765
1767 1766
1768 1767
1769 1768
1770 1769
1771 1770
1772 1771
1773 1772
1774 1773
1775 1774
1776 1775
1777 1776
1778 1777
1779 1778
1780 1779
1781 1780
1782 1781
1783 1782
1784 1783
1785 1784
1786 1785
1787 1786
1788 1787
1789 1788
1790 1789
1791 1790
1792 1791
1793 1792
1794 1793
1795 1794
1796 1795
1797 1796
1798 1797
1799 1798
1800 1799
1801 1800
1802 1801
1803 1802
1804 1803
1805 1804
1806 1805
1807 1806
1808 1807
1809 1808
1810 1809
1811 1810
1812 1811
1813 1812
1814 1813
1815 1814
1816 1815
1817 1816
1818 1817
1819 1818
1820 1819
1821 1820
1822 1821
1823 1822
1824 1823
1825 1824
1826 1825
1827 1826
1828 1827
1829 1828
1830 1829
1831 1830
1832 1831
1833 1832
1834 1833
1835 1834
1836 1835
1837 1836
1838 1837
1839 1838
1840 1839
1841 1840
1842 1841
1843 1842
1844 1843
1845 1844
1846 1845
1847 1846
1848 1847
1849 1848
1850 1849
1851 1850
1852 1851
1853 1852
1854 1853
1855 1854
1856 1855
1857 1856
1858 1857
1859 1858
1860 1859
1861 1860
1862 1861
1863 1862
1864 1863
1865 1864
1866 1865
1867 1866
1868 1867
1869 1868
1870 1869
1871 1870
1872 1871
1873 1872
1874 1873
1875 1874
1876 1875
1877 1876
1878 1877
1879 1878
1880 1879
1881 1880
1882 1881
1883 1882
1884 1883
1885 1884
1886 1885
1887 1886
1888 1887
1889 1888
1890 1889
1891 1890
1892 1891
1893 1892
1894 1893
1895 1894
1896 1895
1897 1896
1898 1897
1899 1898
1900 1899
1901 1900
1902 1901
1903 1902
1904 1903
1905 1904
1906 1905
1907 1906
1908 1907
1909 1908
1910 1909
1911 1910
1912 1911
1913 1912
1914 1913
1915 1914
1916 1915
1917 1916
1918 1917
1919 1918
1920 1919
1921 1920
1922 1921
1923 1922
1924 1923
1925 1924
1926 1925
1927 1926
1928 1927
1929 1928
1930 1929
1931 1930
1932 1931
1933 1932
1934 1933
1935 1934
1936 1935
1937 1936
1938 1937
1939 1938
1940 1939
1941 1940
1942 1941
1943 1942
1944 1943
1945 1944
1946 1945
1947 1946
1948 1947
1949 1948
1950 1949
1951 1950
1952 1951
1953 1952
1954 1953
1955 1954
1956 1955
1957 1956
1958 1957
1959 1958
1960 1959
1961 1960
1962 1961
1963 1962
1964 1963
1965 1964
1966 1965
1967 1966
1968 1967
1969 1968
1970 1969
1971 1970
1972 1971
1973 1972
1974 1973
1975 1974
1976 1975
1977 1976
1978 1977
1979 1978
1980 1979
1981 1980
1982 1981
1983 1982
1984 1983
1985 1984
1986 1985
1987 1986
1988 1987
1989 1988
1990 1989
1991 1990
1992 1991
1993 1992
1994 1993
1995 1994
1996 1995
1997 1996
1998 1997
1999 1998
2000 1999
2001 2000
2002 2001
2003 2002
2004 2003
2005 2004
2006 2005
2007 2006
2008 2007
2009 2008
2010 2009
2011 2010
2012 2011
2013 2012
2014 2013
2015 2014
2016 2015
2017 2016
2018 2017
2019 2018
2020 2019
2021 2020
2022 2021
2023 2022
2024 2023
2025 2024
2026 2025
2027 2026
2028 2027
2029 2028
2030 2029
2031 2030
2032 2031
2033 2032
2034 2033
2035 2034
2036 2035
2037 2036
2038 2037
2039 2038
2040 2039
2041 2040
2042 2041
2043 2042
2044 2043
2045 2044
2046 2045
2047 2046
2048 2047
2049 2048
2050 2049
2051 2050
2052 2051
2053 2052
2054 2053
2055 2054
2056 2055
2057 2056
2058 2057
2059 2058
2060 2059
2061 2060
2062 2061
2063 2062
2064 2063
2065 2064
2066 2065
2067 2066
2068 2067
2069 2068
2070 2069
2071 2070
2072 2071
2073 2072
2074 2073
2075 2074
2076 2075
2077 2076
2078 2077
2079 2078
2080 2079
2081 2080
2082 2081
2083 2082
2084 2083
2085 2084
2086 2085
2087 2086
2088 2087
2089 2088
2090 2089
2091 2090
2092 2091
2093 2092
2094 2093
2095 2094
2096 2095
2097 2096
2098 2097
2099 2098
2100 2099
2101 2100
2102 2101
2103 2102
2104 2103
2105 2104
2106 2105
2107 2106
2108 2107
2109 2108
2110 2109
2111 2110
2112 2111
2113 2112
2114 2113
2115 2114
2116 2115
2117 2116
2118 2117
2119 2118
2120 2119
2121 2120
2122 2121
2123 2122
2124 2123
2125 2124
2126 2125
2127 2126
2128 2127
2129 2128
2130 2129
2131 2130
2132 2131
2133 2132
2134 2133
2135 2134
2136 2135
2137 2136
2138 2137
2139 2138
2140 2139
2141 2140
2142 2141
2143 2142
2144 2143
2145 2144
2146 2145
2147 2146
2148 2147
2149 2148
2150 2149
2151 2150
2152 2151
2153 2152
2154 2153
2155 2154
2156 2155
2157 2156
2158 2157
2159 2158
2160 2159
2161 2160
2162 2161
2163 2162
2164 2163
2165 2164
2166 2165
2167 2166
2168 2167
2169 2168
2170 2169
2171 2170
2172 2171
2173 2172
2174 2173
2175 2174
2176 2175
2177 2176
2178 2177
2179 2178
2180 2179
2181 2180
2182 2181
2183 2182
2184 2183
2185 2184
2186 2185
2187 2186
2188 2187
2189 2188
2190 2189
2191 2190
2192 2191
2193 2192
2194 2193
2195 2194
2196 2195
2197 2196
2198 2197
2199 2198
2200 2199
2201 2200
2202 2201
2203 2202
2204 2203
2205 2204
2206 2205
2207 2206
2208 2207
2209 2208
2210 2209
2211 2210
2212 2211
2213 2212
2214 2213
2215 2214
2216 2215
2217 2216
2218 2217
2219 2218
2220 2219
2221 2220
2222 2221
2223 2222
2224 2223
2225 2224
2226 2225
2227 2226
2228 2227
2229 2228
2230 2229
2231 2230
2232 2231
2233 2232
2234 2233
2235 2234
2236 2235
2237 2236
2238 2237
2239 2238
2240 2239
2241 2240
2242 2241
2243 2242
2244 2243
2245 2244
2246 2245
2247 2246
2248 2247
2249 2248
2250 2249
2251 2250
2252 2251
2253 2252
2254 2253
2255 2254
2256 2255
2257 2256
2258 2257
2259 2258
2260 2259
2261 2260
2262 2261
2263 2262
2264 2263
2265 2264
2266 2265
2267 2266
2268 2267
2269 2268
2270 2269
2271 2270
2272 2271
2273 2272
2274 2273
2275 2274
2276 2275
2277 2276
2278 2277
2279 2278
2280 2279
2281 2280
2282 2281
2283 2282
2284 2283
2285 2284
2286 2285
2287 2286
2288 2287
2289 2288
2290 2289
2291 2290
2292 2291
2293 2292
2294 2293
2295 2294
2296 2295
2297 2296
2298 2297
2299 2298
2300 2299
2301 2300
2302 2301
2303 2302
2304 2303
2305 2304
2306 2305
2307 2306
2308 2307
2309 2308
2310 2309
2311 2310
2312 2311
2313 2312
2314 2313
2315 2314
2316 2315
2317 2316
2318 2317
2319 2318
2320 2319
2321 2320
2322 2321
2323 2322
2324 2323
2325 2324
2326 2325
2327 2326
2328 2327
2329 2328
2330 2329
2331 2330
2332 2331
2333 2332
2334 2333
2335 2334
2336 2335
2337 2336
2338 2337
2339 2338
2340 2339
2341 2340
2342 2341
2343 2342
2344 2343
2345 2344
2346 2345
2347 2346
2348 2347
2349 2348
2350 2349
2351 2350
2352 2351
2353 2352
2354 2353
2355 2354
2356 2355
2357 2356
2358 2357
2359 2358
2360 2359
2361 2360
2362 2361
2363 2362
2364 2363
2365 2364
2366 2365
2367 2366
2368 2367
2369 2368
2370 2369
2371 2370
2372 2371
2373 2372
2374 2373
2375 2374
2376 2375
2377 2376
2378 2377
2379 2378
2380 2379
2381 2380
2382 2381
2383 2382
2384 2383
2385 2384
2386 2385
2387 2386
2388 2387
2389 2388
2390 2389
2391 2390
2392 2391
2393 2392
2394 2393
2395 2394
2396 2395
2397 2396
2398 2397
2399 2398
2400 2399
2401 2400
2402 2401
2403 2402
2404 2403
2405 2404
2406 2405
2407 2406
2408 2407
2409 2408
2410 2409
2411 2410
2412 2411
2413 2412
2414 2413
2415 2414
2416 2415
2417 2416
2418 2417
2419 2418
2420 2419
2421 2420
2422 2421
2423 2422
2424 2423
2425 2424
2426 2425
2427 2426
2428 2427
2429 2428
2430 2429
2431 2430
2432 2431
2433 2432
2434 2433
2435 2434
2436 2435
2437 2436
2438 2437
2439 2438
2440 2439
2441 2440
2442 2441
2443 2442
2444 2443
2445 2444
2446 2445
2447 2446
2448 2447
2449 2448
2450 2449
2451 2450
2452 2451
2453 2452
2454 2453
2455 2454
2456 2455
2457 2456
2458 2457
2459 2458
2460 2459
2461 2460
2462 2461
2463 2462
2464 2463
2465 2464
2466 2465
2467 2466
2468 2467
2469 2468
2470 2469
2471 2470
2472 2471
2473 2472
2474 2473
2475 2474
2476 2475
2477 2476
2478 2477
2479 2478
2480 2479
2481 2480
2482 2481
2483 2482
2484 2483
2485 2484
2486 2485
2487 2486
2488 2487
2489 2488
2490 2489
2491 2490
2492 2491
2493 2492
2494 2493
2495 2494
2496 2495
2497 2496
2498 2497
2499 2498
2500 2499
2501 2500
2502 2501
2503 2502
2504 2503
2505 2504
2506 2505
2507 2506
2508 2507
2509 2508
2510 2509
2511 2510
2512 2511
2513 2512
2514 2513
2515 2514
2516 2515
2517 2516
2518 2517
2519 2518
2520 2519
2521 2520
2522 2521
2523 2522
2524 2523
2525 2524
2526 2525
2527 2526
2528 2527
2529 2528
2530 2529
2531 2530
2532 2531
2533 2532
2534 2533
2535 2534
2536 2535
2537 2536
2538 2537
2539 2538
2540 2539
2541 2540
2542 2541
2543 2542
2544 2543
2545 2544
2546 2545
2547 2546
2548 2547
2549 2548
2550 2549
2551 2550
2552 2551
2553 2552
2554 2553
2555 2554
2556 2555
2557 2556
2558 2557
2559 2558
2560 2559
2561 2560
2562 2561
2563 2562
2564 2563
2565 2564
2566 2565
2567 2566
2568 2567
2569 2568
2570 2569
2571 2570
2572 2571
2573 2572
2574 2573
2575 2574
2576 2575
2577 2576
2578 2577
2579 2578
2580 2579
2581 2580
2582 2581
2583 2582
2584 2583
2585 2584
2586 2585
2587 2586
2588 2587
2589 2588
2590 2589
2591 2590
2592 2591
2593 2592
2594 2593
2595 2594
2596 2595
2597 2596
2598 2597
2599 2598
2600 2599
2601 2600
2602 2601
2603 2602
2604 2603
2605 2604
2606 2605
2607 2606
2608 2607
2609 2608
2610 2609
2611 2610
2612 2611
2613 2612
2614 2613
2615 2614
2616 2615
2617 2616
2618 2617
2619 2618
2620 2619
2621 2620
2622 2621
2623 2622
2624 2623
2625 2624
2626 2625
2627 2626
2628 2627
2629 2628
2630 2629
2631 2630
2632 2631
2633 2632
2634 2633
2635 2634
2636 2635
2637 2636
2638 2637
2639 2638
2640 2639
2641 2640
2642 2641
2643 2642
2644 2643
2645 2644
2646 2645
2647 2646
2648 2647
2649 2648
2650 2649
2651 2650
2652 2651
2653 2652
2654 2653
2655 2654
2656 2655
2657 2656
2658 2657
2659 2658
2660 2659
2661 2660
2662 2661
2663 2662
2664 2663
2665 2664
2666 2665
2667 2666
2668 2667
2669 2668
2670 2669
2671 2670
2672 2671
2673 2672
2674 2673
2675 2674
2676 2675
2677 2676
2678 2677
2679 2678
2680 2679
2681 2680
2682 2681
2683 2682
2684 2683
2685 2684
2686 2685
2687 2686
2688 2687
2689 2688
2690 2689
2691 2690
2692 2691
2693 2692
2694 2693
2695 2694
2696 2695
2697 2696
2698 2697
2699 2698
2700 2699
2701 2700
2702 2701
2703 2702
2704 2703
2705 2704
2706 2705
2707 2706
2708 2707
2709 2708
2710 2709
2711 2710
2712 2711
2713 2712
2714 2713
2715 2714
2716 2715
2717 2716
2718 2717
2719 2718
2720 2719
2721 2720
2722 2721
2723 2722
2724 2723
2725 2724
2726 2725
2727 2726
2728 2727
2729 2728
2730 2729
2731 2730
2732 2731
2733 2732
2734 2733
2735 2734
2736 2735
2737 2736
2738 2737
2739 2738
2740 2739
2741 2740
2742 2741
2743 2742
2744 2743
2745 2744
2746 2745
2747 2746
2748 2747
2749 2748
2750 2749
2751 2750
2752 2751
2753 2752
2754 2753
2755 2754
2756 2755
2757 2756
2758 2757
2759 2758
2760 2759
2761 2760
2762 2761
2763 2762
2764 2763
2765 2764
2766 2765
2767 2766
2768 2767
2769 2768
2770 2769
2771 2770
2772 2771
2773 2772
2774 2773
2775 2774
2776 2775
2777 2776
2778 2777
2779 2778
2780 2779
2781 2780
2782 2781
2783 2782
2784 2783
2785 2784
2786 2785
2787 2786
2788 2787
2789 2788
2790 2789
2791 2790
2792 2791
2793 2792
2794 2793
2795 2794
2796 2795
2797 2796
2798 2797
2799 2798
2800 2799
2801 2800
2802 2801
2803 2802
2804 2803
2805 2804
2806 2805
2807 2806
2808 2807
2809 2808
2810 2809
2811 2810
2812 2811
2813 2812
2814 2813
2815 2814
2816 2815
2817 2816
2818 2817
2819 2818
2820 2819
2821 2820
2822 2821
2823 2822
2824 2823
2825 2824
2826 2825
2827 2826
2828 2827
2829 2828
2830 2829
2831 2830
2832 2831
2833 2832
2834 2833
2835 2834
2836 2835
2837 2836
2838 2837
2839 2838
2840 2839
2841 2840
2842 2841
2843 2842
2844 2843
2845 2844
2846 2845
2847 2846
2848 2847
2849 2848
2850 2849
2851 2850
2852 2851
2853 2852
2854 2853
2855 2854
2856 2855
2857 2856
2858 2857
2859 2858
2860 2859
2861 2860
2862 2861
2863 2862
2864 2863
2865 2864
2866 2865
2867 2866
2868 2867
2869 2868
2870 2869
2871 2870
2872 2871
2873 2872
2874 2873
2875 2874
2876 2875
2877 2876
2878 2877
2879 2878
2880 2879
2881 2880
2882 2881
2883 2882
2884 2883
2885 2884
2886 2885
2887 2886
2888 2887
2889 2888
2890 2889
2891 2890
2892 2891
2893 2892
2894 2893
2895 2894
2896 2895
2897 2896
2898 2897
2899 2898
2900 2899
2901 2900
2902 2901
2903 2902
2904 2903
2905 2904
2906 2905
2907 2906
2908 2907
2909 2908
2910 2909
2911 2910
2912 2911
2913 2912
2914 2913
2915 2914
2916 2915
2917 2916
2918 2917
2919 2918
2920 2919
2921 2920
2922 2921
2923 2922
2924 2923
2925 2924
2926 2925
2927 2926
2928 2927
2929 2928
2930 2929
2931 2930
2932 2931
2933 2932
2934 2933
2935 2934
2936 2935
2937 2936
2938 2937
2939 2938
2940 2939
2941 2940
2942 2941
2943 2942
2944 2943
2945 2944
2946 2945
2947 2946
2948 2947
2949 2948
2950 2949
2951 2950
2952 2951
2953 2952
2954 2953
2955 2954
2956 2955
2957 2956
2958 2957
2959 2958
2960 2959
2961 2960
2962 2961
2963 2962
2964 2963
2965 2964
2966 2965
2967 2966
2968 2967
2969 2968
2970 2969
2971 2970
2972 2971
2973 2972
2974 2973
2975 2974
2976 2975
2977 2976
2978 2977
2979 2978
2980 2979
2981 2980
2982 2981
2983 2982
2984 2983
2985 2984
2986 2985
2987 2986
2988 2987
2989 2988
2990 2989
2991 2990
2992 2991
2993 2992
2994 2993
2995 2994
2996 2995
2997 2996
2998 2997
2999 2998
3000 2999
3001 3000
3002 3001
3003 3002
3004 3003
3005 3004
3006 3005
3007 3006
3008 3007
3009 3008
3010 3009
3011 3010
3012 3011
3013 3012
3014 3013
3015 3014
3016 3015
3017 3016
3018 3017
3019 3018
3020 3019
3021 3020
3022 3021
3023 3022
3024 3023
3025 3024
3026 3025
3027 3026
3028 3027
3029 3028
3030 3029
3031 3030
3032 3031
3033 3032
3034 3033
3035 3034
3036 3035
3037 3036
3038 3037
3039 3038
3040 3039
3041 3040
3042 3041
3043 3042
3044 3043
3045 3044
3046 3045
3047 3046
3048 3047
3049 3048
3050 3049
3051 3050
3052 3051
3053 3052
3054 3053
3055 3054
3056 3055
3057 3056
3058 3057
3059 3058
3060 3059
3061 3060
3062 3061
3063 3062
3064 3063
3065 3064
3066 3065
3067 3066
3068 3067
3069 3068
3070 3069
3071 3070
3072 3071
3073 3072
3074 3073
3075 3074
3076 3075
3077 3076
3078 3077
3079 3078
3080 3079
3081 3080
3082 3081
3083 3082
3084 3083
3085 3084
3086 3085
3087 3086
3088 3087
3089 3088
3090 3089
3091 3090
3092 3091
3093 3092
3094 3093
3095 3094
3096 3095
3097 3096
3098 3097
3099 3098
3100 3099
3101 3100
3102 3101
3103 3102
3104 3103
3105 3104
3106 3105
3107 3106
3108 3107
3109 3108
3110 3109
3111 3110
3112 3111
3113 3112
3114 3113
3115 3114
3116 3115
3117 3116
3118 3117
3119 3118
3120 3119
3121 3120
3122 3121
3123 3122
3124 3123
3125 3124
3126 3125
3127 3126
3128 3127
3129 3128
3130 3129
3131 3130
3132 3131
3133 3132
3134 3133
3135 3134
3136 3135
3137 3136
3138 3137
3139 3138
3140 3139
3141 3140
3142 3141
3143 3142
3144 3143
3145 3144
3146 3145
3147 3146
3148 3147
3149 3148
3150 3149
3151 3150
3152 3151
3153 3152
3154 3153
3155 3154
3156 3155
3157 3156
3158 3157
3159 3158
3160 3159
3161 3160
3162 3161
3163 3162
3164 3163
3165 3164
3166 3165
3167 3166
3168 3167
3169 3168
3170 3169
3171 3170
3172 3171
3173 3172
3174 3173
3175 3174
3176 3175
3177 3176
3178 3177
3179 3178
3180 3179
3181 3180
3182 3181
3183 3182
3184 3183
3185 3184
3186 3185
3187 3186
3188 3187
3189 3188
3190 3189
3191 3190
3192 3191
3193 3192
3194 3193
3195 3194
3196 3195
3197 3196
3198 3197
3199 3198
3200 3199
3201 3200
3202 3201
3203 3202
3204 3203
3205 3204
3206 3205
3207 3206
3208 3207
3209 3208
3210 3209
3211 3210
3212 3211
3213 3212
3214 3213
3215 3214
3216 3215
3217 3216
3218 3217
3219 3218
3220 3219
3221 3220
3222 3221
3223 3222
3224 3223
3225 3224
3226 3225
3227 3226
3228 3227
3229 3228
3230 3229
3231 3230
3232 3231
3233 3232
3234 3233
3235 3234
3236 3235
3237 3236
3238 3237
3239 3238
3240 3239
3241 3240
3242 3241
3243 3242
3244 3243
3245 3244
3246 3245
3247 3246
3248 3247
3249 3248
3250 3249
3251 3250
3252 3251
3253 3252
3254 3253
3255 3254
3256 3255
3257 3256
3258 3257
3259 3258
3260 3259
3261 3260
3262 3261
3263 3262
3264 3263
3265 3264
3266 3265
3267 3266
3268 3267
3269 3268
3270 3269
3271 3270
3272 3271
3273 3272
3274 3273
3275 3274
3276 3275
3277 3276
3278 3277
3279 3278
3280 3279
3281 3280
3282 3281
3283 3282
3284 3283
3285 3284
3286 3285
3287 3286
3288 3287
3289 3288
3290 3289
3291 3290
3292 3291
3293 3292
3294 3293
3295 3294
3296 3295
3297 3296
3298 3297
3299 3298
3300 3299
3301 3300
3302 3301
3303 3302
3304 3303
3305 3304
3306 3305
3307 3306
3308 3307
3309 3308
3310 3309
3311 3310
3312 3311
3313 3312
3314 3313
3315 3314
3316 3315
3317 3316
3318 3317
3319 3318
3320 3319
3321 3320
3322 3321
3323 3322
3324 3323
3325 3324
3326 3325
3327 3326
3328 3327
3329 3328
3330 3329
3331 3330
3332 3331
3333 3332
3334 3333
3335 3334
3336 3335
3337 3336
3338 3337
3339 3338
3340 3339
3341 3340
3342 3341
3343 3342
3344 3343
3345 3344
3346 3345
3347 3346
3348 3347
3349 3348
3350 3349
3351 3350
3352 3351
3353 3352
3354 3353
3355 3354
3356 3355
3357 3356
3358 3357
3359 3358
3360 3359
3361 3360
3362 3361
3363 3362
3364 3363
3365 3364
3366 3365
3367 3366
3368 3367
3369 3368
3370 3369
3371 3370
3372 3371
3373 3372
3374 3373
3375 3374
3376 3375
3377 3376
3378 3377
3379 3378
3380 3379
3381 3380
3382 3381
3383 3382
3384 3383
3385 3384
3386 3385
3387 3386
3388 3387
3389 3388
3390 3389
3391 3390
3392 3391
3393 3392
3394 3393
3395 3394
3396 3395
3397 3396
3398 3397
3399 3398
3400 3399
3401 3400
3402 3401
3403 3402
3404 3403
3405 3404
3406 3405
3407 3406
3408 3407
3409 3408
3410 3409
3411 3410
3412 3411
3413 3412
3414 3413
3415 3414
3416 3415
3417 3416
3418 3417
3419 3418
3420 3419
3421 3420
3422 3421
3423 3422
3424 3423
3425 3424
3426 3425
3427 3426
3428 3427
3429 3428
3430 3429
3431 3430
3432 3431
3433 3432
3434 3433
3435 3434
3436 3435
3437 3436
3438 3437
3439 3438
3440 3439
3441 3440
3442 3441
3443 3442
3444 3443
3445 3444
3446 3445
3447 3446
3448 3447
3449 3448
3450 3449
3451 3450
3452 3451
3453 3452
3454 3453
3455 3454
3456 3455
3457 3456
3458 3457
3459 3458
3460 3459
3461 3460
3462 3461
3463 3462
3464 3463
3465 3464
3466 3465
3467 3466
3468 3467
3469 3468
3470 3469
3471 3470
3472 3471
3473 3472
3474 3473
3475 3474
3476 3475
3477 3476
3478 3477
3479 3478
3480 3479
3481 3480
3482 3481
3483 3482
3484 3483
3485 3484
3486 3485
3487 3486
3488 3487
3489 3488
3490 3489
3491 3490
3492 3491
3493 3492
3494 3493
3495 3494
3496 3495
3497 3496
3498 3497
3499 3498
3500 3499
3501 3500
3502 3501
3503 3502
3504 3503
3505 3504
3506 3505
3507 3506
3508 3507
3509 3508
3510 3509
3511 3510
3512 3511
3513 3512
3514 3513
3515 3514
3516 3515
3517 3516
3518 3517
3519 3518
3520 3519
3521 3520
3522 3521
3523 3522
3524 3523
3525 3524
3526 3525
3527 3526
3528 3527
3529 3528
3530 3529
3531 3530
3532 3531
3533 3532
3534 3533
3535 3534
3536 3535
3537 3536
3538 3537
3539 3538
3540 3539
3541 3540
3542 3541
3543 3542
3544 3543
3545 3544
3546 3545
3547 3546
3548 3547
3549 3548
3550 3549
3551 3550
3552 3551
3553 3552
3554 3553
3555 3554
3556 3555
3557 3556
3558 3557
3559 3558
3560 3559
3561 3560
3562 3561
3563 3562
3564 3563
3565 3564
3566 3565
3567 3566
3568 3567
3569 3568
3570 3569
3571 3570
3572 3571
3573 3572
3574 3573
3575 3574
3576 3575
3577 3576
3578 3577
3579 3578
3580 3579
3581 3580
3582 3581
3583 3582
3584 3583
3585 3584
3586 3585
3587 3586
3588 3587
3589 3588
3590 3589
3591 3590
3592 3591
3593 3592
3594 3593
3595 3594
3596 3595
3597 3596
3598 3597
3599 3598
3600 3599
3601 3600
3602 3601
3603 3602
3604 3603
3605 3604
3606 3605
3607 3606
3608 3607
3609 3608
3610 3609
3611 3610
3612 3611
3613 3612
3614 3613
3615 3614
3616 3615
3617 3616
3618 3617
3619 3618
3620 3619
3621 3620
3622 3621
3623 3622
3624 3623
3625 3624
3626 3625
3627 3626
3628 3627
3629 3628
3630 3629
3631 3630
3632 3631
3633 3632
3634 3633
3635 3634
3636 3635
3637 3636
3638 3637
3639 3638
3640 3639
3641 3640
3642 3641
3643 3642
3644 3643
3645 3644
3646 3645
3647 3646
3648 3647
3649 3648
3650 3649
3651 3650
3652 3651
3653 3652
3654 3653
3655 3654
3656 3655
3657 3656
3658 3657
3659 3658
3660 3659
3661 3660
3662 3661
3663 3662
3664 3663
3665 3664
3666 3665
3667 3666
3668 3667
3669 3668
3670 3669
3671 3670
3672 3671
3673 3672
3674 3673
3675 3674
3676 3675
3677 3676
3678 3677
3679 3678
3680 3679
3681 3680
3682 3681
3683 3682
3684 3683
3685 3684
3686 3685
3687 3686
3688 3687
3689 3688
3690 3689
3691 3690
3692 3691
3693 3692
3694 3693
3695 3694
3696 3695
3697 3696
3698 3697
3699 3698
3700 3699
3701 3700
3702 3701
3703 3702
3704 3703
3705 3704
3706 3705
3707 3706
3708 3707
3709 3708
3710 3709
3711 3710
3712 3711
3713 3712
3714 3713
3715 3714
3716 3715
3717 3716
3718 3717
3719 3718
3720 3719
3721 3720
3722 3721
3723 3722
3724 3723
3725 3724
3726 3725
3727 3726
3728 3727
3729 3728
3730 3729
3731 3730
3732 3731
3733 3732
3734 3733
3735 3734
3736 3735
3737 3736
3738 3737
3739 3738
3740 3739
3741 3740
3742 3741
3743 3742
3744 3743
3745 3744
3746 3745
3747 3746
3748 3747
3749 3748
3750 3749
3751 3750
3752 3751
3753 3752
3754 3753
3755 3754
3756 3755
3757 3756
3758 3757
3759 3758
3760 3759
3761 3760
3762 3761
3763 3762
3764 3763
3765 3764
3766 3765
3767 3766
3768 3767
3769 3768
3770 3769
3771 3770
3772 3771
3773 3772
3774 3773
3775 3774
3776 3775
3777 3776
3778 3777
3779 3778
3780 3779
3781 3780
3782 3781
3783 3782
3784 3783
3785 3784
3786 3785
3787 3786
3788 3787
3789 3788
3790 3789
3791 3790
3792 3791
3793 3792
3794 3793
3795 3794
3796 3795
3797 3796
3798 3797
3799 3798
3800 3799
3801 3800
3802 3801
3803 3802
3804 3803
3805 3804
3806 3805
3807 3806
3808 3807
3809 3808
3810 3809
3811 3810
3812 3811
3813 3812
3814 3813
3815 3814
3816 3815
3817 3816
3818 3817
3819 3818
3820 3819
3821 3820
3822 3821
3823 3822
3824 3823
3825 3824
3826 3825
3827 3826
3828 3827
3829 3828
3830 3829
3831 3830
3832 3831
3833 3832
3834 3833
3835 3834
3836 3835
3837 3836
3838 3837
3839 3838
3840 3839
3841 3840
3842 3841
3843 3842
3844 3843
3845 3844
3846 3845
3847 3846
3848 3847
3849 3848
3850 3849
3851 3850
3852 3851
3853 3852
3854 3853
3855 3854
3856 3855
3857 3856
3858 3857
3859 3858
3860 3859
3861 3860
3862 3861
3863 3862
3864 3863
3865 3864
3866 3865
3867 3866
3868 3867
3869 3868
3870 3869
3871 3870
3872 3871
3873 3872
3874 3873
3875 3874
3876 3875
3877 3876
3878 3877
3879 3878
3880 3879
3881 3880
3882 3881
3883 3882
3884 3883
3885 3884
3886 3885
3887 3886
3888 3887
3889 3888
3890 3889
3891 3890
3892 3891
3893 3892
3894 3893
3895 3894
3896 3895
3897 3896
3898 3897
3899 3898
3900 3899
3901 3900
3902 3901
3903 3902
3904 3903
3905 3904
3906 3905
3907 3906
3908 3907
3909 3908
3910 3909
3911 3910
3912 3911
3913 3912
3914 3913
3915 3914
3916 3915
3917 3916
3918 3917
3919 3918
3920 3919
3921 3920
3922 3921
3923 3922
3924 3923
3925 3924
3926 3925
3927 3926
3928 3927
3929 3928
3930 3929
3931 3930
3932 3931
3933 3932
3934 3933
3935 3934
3936 3935
3937 3936
3938 3937
3939 3938
3939 1
3940 3293
3941 3293
3942 3293
3943 3942
3944 3941
3945 3941
3946 3942
3947 3944
3948 3945
3949 3941
3950 3946
3951 3945
3952 3942
3953 3952
3954 3953
3955 3293
3956 3293
3957 3948
3958 3957
3959 3941
3960 3950
3961 3946
3962 3951
3963 3946
3964 3963
3965 3943
3966 3944
3967 3941
3968 3943
3969 3959
3970 3943
3971 3947
3972 3945
3973 3954
3974 3947
3975 3940
3976 3957
3977 3964
3978 3945
3979 3954
3980 3942
3981 3977
3982 3981
3983 3956
3984 3969
3985 3940
3986 3947
3987 3949
3988 3984
3989 3977
3990 3951
3991 3990
3992 3987
3993 3971
3994 3975
3995 3984
3996 3959
3997 3982
3998 3963
3999 3992
4000 3970
4001 3957
4002 3975
4003 3952
4004 3964
4005 3979
4006 3976
4007 3985
4008 3962
4009 3963
4010 3981
4011 3293
4012 3961
4013 3956
4014 3961
4015 3963
4016 3990
4017 3942
4018 3953
4019 4014
4020 3968
4021 3967
4022 4011
4023 3987
4024 3978
4025 4021
4026 3994
4027 3989
4028 3958
4029 4023
4030 3963
4031 3946
4032 3957
4033 3977
4034 3999
4035 3997
4036 4012
4037 3962
4038 4021
4039 3941
4040 3968
4041 3293
4042 3953
4043 3972
4044 4035
4045 4039
4046 4003
4047 3945
4048 3990
4049 3968
4050 4009
4051 4006
4052 3994
4053 3949
4054 4016
4055 4003
4056 4028
4057 4043
4058 3950
4059 3953
4060 4032
4061 4044
4062 4054
4063 4000
4064 3957
4065 3944
4066 3989
4067 3953
4068 4035
4069 4039
4070 3967
4071 4056
4072 3992
4073 3974
4074 4069
4075 3996
4076 3949
4077 3977
4078 4006
4079 4026
4080 4020
4081 4048
4082 4077
4083 4054
4084 3952
4085 3971
4086 3997
4087 4050
4088 3948
4089 3989
4090 4031
4091 3949
4092 3998
4093 3953
4094 4080
4095 3949
4096 3979
4097 3989
4098 3960
4099 3949
4100 3962
4101 4002
4102 3967
4103 3987
4104 3976
4105 4002
4106 4074
4107 3987
4108 4043
4109 4024
4110 4090
4111 3947
4112 4065
4113 4101
4114 3971
4115 4045
4116 4114
4117 4063
4118 4105
4119 4088
4120 3960
4121 4087
4122 3958
4123 4039
4124 4066
4125 4020
4126 4032
4127 4021
4128 4037
4129 4102
4130 4107
4131 3983
4132 3989
4133 4091
4134 4111
4135 4025
4136 3996
4137 4071
4138 4090
4139 3953
4140 3989
4141 3963
4142 4023
4143 3962
4144 3970
4145 4047
4146 4134
4147 4107
4148 4014
4149 3972
4150 4123
4151 3982
4152 4144
4153 4090
4154 4046
4155 4009
4156 4092
4157 4070
4158 4070
4159 4064
4160 3968
4161 3960
4162 3954
4163 3961
4164 4127
4165 4042
4166 4080
4167 4022
4168 4020
4169 3998
4170 4159
4171 3991
4172 4030
4173 4110
4174 4171
4175 4065
4176 4107
4177 4043
4178 4102
4179 4160
4180 4173
4181 4011
4182 3985
4183 4011
4184 4030
4185 4005
4186 4021
4187 3954
4188 4031
4189 3959
4190 4081
4191 3951
4192 4157
4193 4035
4194 4030
4195 4170
4196 4146
4197 4194
4198 4021
4199 4071
4200 3954
4201 4150
4202 4164
4203 3940
4204 4161
4205 4065
4206 4064
4207 3984
4208 4119
4209 4046
4210 4087
4211 4109
4212 3952
4213 3971
4214 3952
4215 4039
4216 4186
4217 4098
4218 4133
4219 4099
4220 4075
4221 4100
4222 4117
4223 4192
4224 4190
4225 3953
4226 4183
4227 3970
4228 4155
4229 4096
4230 4142
4231 3946
4232 4207
4233 4163
4234 4069
4235 4056
4236 4033
4237 3957
4238 4087
4239 3957
4240 3981
4241 3990
4242 4020
4243 4097
4244 4193
4245 4088
4246 3975
4247 4102
4248 4031
4249 4017
4250 4092
4251 4091
4252 4214
4253 4132
4254 4168
4255 4106
4256 4079
4257 4131
4258 4081
4259 4002
4260 3994
4261 4130
4262 3975
4263 4201
4264 4251
4265 4116
4266 4205
4267 4115
4268 3985
4269 4199
4270 4030
4271 4126
4272 4156
4273 4081
4274 4145
4275 4092
4276 3950
4277 4194
4278 4128
4279 3952
4280 4075
4281 4183
4282 4183
4283 4002
4284 4149
4285 4075
4286 4219
4287 4238
4288 3954
4289 3964
4290 4254
4291 4072
4292 4142
4293 4106
4294 3962
4295 4023
4296 4063
4297 3970
4298 4267
4299 4254
4300 4241
4301 4031
4302 4176
4303 4106
4304 4212
4305 4004
4306 4035
4307 4271
4308 4056
4309 4051
4310 4078
4311 4102
4312 4252
4313 4119
4314 4089
4315 3976
4316 4203
4317 4249
4318 4019
4319 4278
4320 4014
4321 4204
4322 4259
4323 4246
4324 4116
4325 4203
4326 3996
4327 4077
4328 4079
4329 4049
4330 4156
4331 4064
4332 4115
4333 4129
4334 4243
4335 4273
4336 3998
4337 4018
4338 3951
4339 4296
4340 4082
4341 4032
4342 4039
4343 4195
4344 4057
4345 4285
4346 4344
4347 4253
4348 4253
4349 4276
4350 4195
4351 4228
4352 4025
4353 4264
4354 4125
4355 3948
4356 4207
4357 4292
4358 3945
4359 4070
4360 4165
4361 4157
4362 4046
4363 3977
4364 3964
4365 4264
4366 3983
4367 4232
4368 4085
4369 4045
4370 4201
4371 4265
4372 3293
4373 4032
4374 4232
4375 4372
4376 4002
4377 4175
4378 4311
4379 4034
4380 4109
4381 4311
4382 4212
4383 4363
4384 4109
4385 4138
4386 3958
4387 4264
4388 4273
4389 4347
4390 4028
4391 3965
4392 3993
4393 4321
4394 4057
4395 4289
4396 4251
4397 4089
4398 4372
4399 4093
4400 4112
4401 4277
4402 4204
4403 4241
4404 4305
4405 4041
4406 4332
4407 4239
4408 4274
4409 4182
4410 4231
4411 4302
4412 4394
4413 3957
4414 4021
4415 4088
4416 4137
4417 4380
4418 4131
4419 4108
4420 4064
4421 4098
4422 4136
4423 4141
4424 4329
4425 4401
4426 4152
4427 4289
4428 4024
4429 4347
4430 4171
4431 4322
4432 4425
4433 3970
4434 4358
4435 4225
4436 4083
4437 4308
4438 4067
4439 4162
4440 3293
4441 4011
4442 4095
4443 4209
4444 4065
4445 4297
4446 4426
4447 4073
4448 3293
4449 4385
4450 4256
4451 4439
4452 4421
4453 3992
4454 4171
4455 4271
4456 4034
4457 4079
4458 4036
4459 4311
4460 3983
4461 4335
4462 4051
4463 4231
4464 3980
4465 4189
4466 4414
4467 4311
4468 4421
4469 4417
4470 4096
4471 4044
4472 4179
4473 4298
4474 4197
4475 4460
4476 4351
4477 4129
4478 4398
4479 4452
4480 4155
4481 4006
4482 4234
4483 4361
4484 4080
4485 4305
4486 4025
4487 4225
4488 4209
4489 4271
4490 4001
4491 4029
4492 4466
4493 4356
4494 4034
4495 4026
4496 4308
4497 4159
4498 4031
4499 3941
4500 4499
4501 4392
4502 4008
4503 4145
4504 4009
4505 4337
4506 4503
4507 4221
4508 4253
4509 4503
4510 3957
4511 3968
4512 4185
4513 4482
4514 4187
4515 4323
4516 4232
4517 4224
4518 4448
4519 4310
4520 4354
4521 4035
4522 4061
4523 3979
4524 4345
4525 4439
4526 4194
4527 4189
4528 3961
4529 4393
4530 4298
4531 3994
4532 4488
4533 4045
4534 4151
4535 4250
4536 4020
4537 4087
4538 4232
4539 4510
4540 4501
4541 4236
4542 4143
4543 3946
4544 4356
4545 4479
4546 4128
4547 4484
4548 4273
4549 4298
4550 4086
4551 3978
4552 4063
4553 3971
4554 4048
4555 4543
4556 4120
4557 4250
4558 4484
4559 4351
4560 4130
4561 4483
4562 4160
4563 4295
4564 4125
4565 4516
4566 4122
4567 4382
4568 4343
4569 4037
4570 4105
4571 4398
4572 4199
4573 4016
4574 4043
4575 4204
4576 4182
4577 4359
4578 4509
4579 4492
4580 4424
4581 4213
4582 4169
4583 4341
4584 4285
4585 4202
4586 4018
4587 4187
4588 4576
4589 4544
4590 4254
4591 4568
4592 4517
4593 4323
4594 4439
4595 4314
4596 4270
4597 4045
4598 3994
4599 4041
4600 4137
4601 4080
4602 3988
4603 4598
4604 4372
4605 4400
4606 4507
4607 4140
4608 4049
4609 3982
4610 3955
4611 4091
4612 4575
4613 4229
4614 4608
4615 4316
4616 4568
4617 3986
4618 4485
4619 4574
4620 4615
4621 4449
4622 4165
4623 4513
4624 3975
4625 3990
4626 4361
4627 4149
4628 4514
4629 4317
4630 4604
4631 4459
4632 4513
4633 4629
4634 4196
4635 4421
4636 4147
4637 4087
4638 3973
4639 4588
4640 4332
4641 4481
4642 4237
4643 4177
4644 4435
4645 4011
4646 4163
4647 4638
4648 4480
4649 4102
4650 4013
4651 4249
4652 4443
4653 4489
4654 4384
4655 4144
4656 4532
4657 4410
4658 4551
4659 4311
4660 4659
4661 4322
4662 4190
4663 3961
4664 4656
4665 4595
4666 3985
4667 4099
4668 3952
4669 4229
4670 4170
4671 4576
4672 4229
4673 4531
4674 4189
4675 4271
4676 4483
4677 4060
4678 4033
4679 4359
4680 4634
4681 4536
4682 4521
4683 4682
4684 4341
4685 4421
4686 4106
4687 4075
4688 4287
4689 4448
4690 4659
4691 4465
4692 4058
4693 3958
4694 4141
4695 3989
4696 4206
4697 4031
4698 4019
4699 4312
4700 4125
4701 4462
4702 4491
4703 4650
4704 4384
4705 4236
4706 4046
4707 4404
4708 3997
4709 4700
4710 4383
4711 4455
4712 4010
4713 4218
4714 4092
4715 4331
4716 4142
4717 4286
4718 4186
4719 4461
4720 4573
4721 4717
4722 4253
4723 4721
4724 4462
4725 4510
4726 4055
4727 4213
4728 4185
4729 4361
4730 4263
4731 4316
4732 4697
4733 4256
4734 4223
4735 4704
4736 4479
4737 4460
4738 4407
4739 4704
4740 3293
4741 4725
4742 4108
4743 4691
4744 4414
4745 3982
4746 4366
4747 4395
4748 4373
4749 4000
4750 4534
4751 4667
4752 4497
4753 4393
4754 4310
4755 4169
4756 4519
4757 4031
4758 4430
4759 4757
4760 4382
4761 4473
4762 4202
4763 4032
4764 3991
4765 4214
4766 4753
4767 4741
4768 4242
4769 4550
4770 4132
4771 4404
4772 4370
4773 4226
4774 4655
4775 4366
4776 4203
4777 3954
4778 4769
4779 3994
4780 4341
4781 4125
4782 4061
4783 4532
4784 4686
4785 4240
4786 4378
4787 3992
4788 4523
4789 3971
4790 4260
4791 4663
4792 4607
4793 3940
4794 4653
4795 4291
4796 4743
4797 4251
4798 4431
4799 4470
4800 4474
4801 4387
4802 4634
4803 3951
4804 4135
4805 4100
4806 4276
4807 4696
4808 4543
4809 4156
4810 4053
4811 4073
4812 4268
4813 3992
4814 4182
4815 4488
4816 4312
4817 4593
4818 4436
4819 4271
4820 4751
4821 4185
4822 4148
4823 4037
4824 3967
4825 4625
4826 4484
4827 4021
4828 4626
4829 4578
4830 4445
4831 4341
4832 4287
4833 4331
4834 4675
4835 4305
4836 4774
4837 4597
4838 4291
4839 4398
4840 4807
4841 4019
4842 3963
4843 4351
4844 4022
4845 4732
4846 4286
4847 4443
4848 4704
4849 4277
4850 4290
4851 4204
4852 4759
4853 4158
4854 4587
4855 4602
4856 4775
4857 4296
4858 4225
4859 4599
4860 4704
4861 4041
4862 4663
4863 4692
4864 4655
4865 4187
4866 4590
4867 4154
4868 3987
4869 4175
4870 4747
4871 4222
4872 4691
4873 4017
4874 4833
4875 4292
4876 4376
4877 3983
4878 4576
4879 4213
4880 3999
4881 4358
4882 4594
4883 4529
4884 4636
4885 4156
4886 4492
4887 3950
4888 4840
4889 4639
4890 4397
4891 4487
4892 4009
4893 4862
4894 4020
4895 4690
4896 4560
4897 4463
4898 4113
4899 4107
4900 4148
4901 4389
4902 4873
4903 3966
4904 4548
4905 4691
4906 4533
4907 4504
4908 4804
4909 3989
4910 4827
4911 4043
4912 4882
4913 4542
4914 4596
4915 4110
4916 4612
4917 4609
4918 4916
4919 4534
4920 4577
4921 3941
4922 4289
4923 4343
4924 4873
4925 4490
4926 4248
4927 4912
4928 4541
4929 4899
4930 4314
4931 4802
4932 4804
4933 4146
4934 4704
4935 4837
4936 4417
4937 4231
4938 4154
4939 4700
4940 4563
4941 4559
4942 3944
4943 4648
4944 4679
4945 4222
4946 4766
4947 4081
4948 4450
4949 4809
4950 4190
4951 4141
4952 3989
4953 4355
4954 4326
4955 4006
4956 4042
4957 4735
4958 4856
4959 4324
4960 4312
4961 4101
4962 4433
4963 4321
4964 4595
4965 4040
4966 3942
4967 4680
4968 4933
4969 4301
4970 4118
4971 4823
4972 4092
4973 4544
4974 4573
4975 3992
4976 4524
4977 4670
4978 4400
4979 4716
4980 4940
4981 4511
4982 4823
4983 4751
4984 4653
4985 4765
4986 4630
4987 4965
4988 4669
4989 4144
4990 4520
4991 4820
4992 4071
4993 4921
4994 4784
4995 4840
4996 4564
4997 4429
4998 4968
4999 4642
5000 4166
5001 4025
5002 4366
5003 4609
5004 4127
5005 4552
5006 4074
5007 4972
5008 4782
5009 4668
5010 4007
5011 4269
5012 4663
5013 4618
5014 4006
5015 4004
5016 4666
5017 4801
5018 4756
5019 4595
5020 5011
5021 4707
5022 4436
5023 4139
5024 4404
5025 4063
5026 4581
5027 4757
5028 4823
5029 4938
5030 4952
5031 4615
5032 4393
5033 4459
5034 4909
5035 4482
5036 4199
5037 4988
5038 4804
5039 4827
5040 4789
5041 4110
5042 3990
5043 4663
5044 4361
5045 4116
5046 4637
5047 4621
5048 5042
5049 4518
5050 4261
5051 4888
5052 4178
5053 4531
5054 5000
5055 4742
5056 4928
5057 4838
5058 4178
5059 4106
5060 4048
5061 4856
5062 4563
5063 5059
5064 4095
5065 4863
5066 4004
5067 4091
5068 3967
5069 4100
5070 4149
5071 4105
5072 4071
5073 4852
5074 4851
5075 4743
5076 4818
5077 4972
5078 4307
5079 4768
5080 4332
5081 4281
5082 4843
5083 4260
5084 4245
5085 4609
5086 5014
5087 4719
5088 5039
5089 4658
5090 4436
5091 4198
5092 4751
5093 4657
5094 4044
5095 5094
5096 5094
5097 5060
5098 5014
5099 3955
5100 4636
5101 4954
5102 4437
5103 4858
5104 4962
5105 4068
5106 4257
5107 4127
5108 4973
5109 4220
5110 4005
5111 4152
5112 4252
5113 4146
5114 5031
5115 4655
5116 4555
5117 4562
5118 4991
5119 4944
5120 4568
5121 3941
5122 4390
5123 3977
5124 4627
5125 4791
5126 4382
5127 5029
5128 4002
5129 4626
5130 4156
5131 4506
5132 4642
5133 4223
5134 4196
5135 4270
5136 4969
5137 4083
5138 4845
5139 4190
5140 4416
5141 4418
5142 4242
5143 4070
5144 4718
5145 4217
5146 5104
5147 5130
5148 4709
5149 4649
5150 4971
5151 4944
5152 4615
5153 4052
5154 5138
5155 3988
5156 4133
5157 4419
5158 4421
5159 4927
5160 4655
5161 4030
5162 4983
5163 4456
5164 4298
5165 4862
5166 4580
5167 4514
5168 5163
5169 4690
5170 4121
5171 4164
5172 4542
5173 4138
5174 4195
5175 4079
5176 4851
5177 4907
5178 5001
5179 4012
5180 4147
5181 4003
5182 4857
5183 4864
5184 4065
5185 4798
5186 4289
5187 4325
5188 4499
5189 4343
5190 4393
5191 4416
5192 4330
5193 4066
5194 4427
5195 3982
5196 4462
5197 4925
5198 4602
5199 4885
5200 4852
5201 4201
5202 4851
5203 5201
5204 4227
5205 4092
5206 4196
5207 4832
5208 3965
5209 3997
5210 4523
5211 3949
5212 5165
5213 5114
5214 4166
5215 5074
5216 4602
5217 5053
5218 4434
5219 4702
5220 4252
5221 4444
5222 4936
5223 4724
5224 4928
5225 4416
5226 3999
5227 4266
5228 4948
5229 5166
5230 4912
5231 5203
5232 4295
5233 4410
5234 4892
5235 5126
5236 3962
5237 4844
5238 4623
5239 4144
5240 4924
5241 4151
5242 4294
5243 4638
5244 5033
5245 4639
5246 4190
5247 4576
5248 4816
5249 5178
5250 4694
5251 4479
5252 4974
5253 4129
5254 4146
5255 4172
5256 5245
5257 4876
5258 4035
5259 3998
5260 5195
5261 5094
5262 4397
5263 3949
5264 4291
5265 5018
5266 4243
5267 4770
5268 4710
5269 4707
5270 5075
5271 4472
5272 4490
5273 4073
5274 4756
5275 5077
5276 4624
5277 4173
5278 3978
5279 4989
5280 4300
5281 4895
5282 4648
5283 4358
5284 4844
5285 5245
5286 4969
5287 4431
5288 4471
5289 4480
5290 4247
5291 4170
5292 4991
5293 4894
5294 4931
5295 4034
5296 4288
5297 4075
5298 4733
5299 4597
5300 4718
5301 5129
5302 4252
5303 4622
5304 5007
5305 4224
5306 4617
5307 4764
5308 5268
5309 4952
5310 4354
5311 4970
5312 5127
5313 4716
5314 4562
5315 4533
5316 4384
5317 4239
5318 4782
5319 5149
5320 4561
5321 4164
5322 4387
5323 4388
5324 5164
5325 4301
5326 4857
5327 4738
5328 4380
5329 4658
5330 5013
5331 4431
5332 4269
5333 5160
5334 4871
5335 4096
5336 5287
5337 4901
5338 4041
5339 4834
5340 4697
5341 4540
5342 4849
5343 4261
5344 4419
5345 4636
5346 4360
5347 4171
5348 4591
5349 4460
5350 4489
5351 3955
5352 4252
5353 4667
5354 4311
5355 4054
5356 4752
5357 4248
5358 4388
5359 4305
5360 4869
5361 4330
5362 5031
5363 5121
5364 4436
5365 5281
5366 5163
5367 4805
5368 4956
5369 5360
5370 4146
5371 4680
5372 4395
5373 4496
5374 4389
5375 4848
5376 4499
5377 4078
5378 4074
5379 4040
5380 5012
5381 4069
5382 5308
5383 5295
5384 5190
5385 5175
5386 4194
5387 5207
5388 4508
5389 4048
5390 4060
5391 4987
5392 3948
5393 4439
5394 4883
5395 4090
5396 4266
5397 4243
5398 4896
5399 4749
5400 5197
5401 4029
5402 4818
5403 4301
5404 4286
5405 4426
5406 4765
5407 4210
5408 4570
5409 4356
5410 4966
5411 5293
5412 4554
5413 4066
5414 5189
5415 5231
5416 5150
5417 4355
5418 4601
5419 4176
5420 4045
5421 4322
5422 4284
5423 4221
5424 5037
5425 5239
5426 4623
5427 4250
5428 4738
5429 3940
5430 4556
5431 4241
5432 4387
5433 5115
5434 4036
5435 4361
5436 4921
5437 5138
5438 5364
5439 4224
5440 4231
5441 4068
5442 5117
5443 4985
5444 4993
5445 5285
5446 3958
5447 4966
5448 5238
5449 5315
5450 5144
5451 4559
5452 5121
5453 4502
5454 4140
5455 4006
5456 4431
5457 5077
5458 5117
5459 4977
5460 5038
5461 4959
5462 4421
5463 4844
5464 4702
5465 5419
5466 5275
5467 5204
5468 4173
5469 4094
5470 4812
5471 4744
5472 5035
5473 4456
5474 4624
5475 5036
5476 5098
5477 4121
5478 4351
5479 4993
5480 5025
5481 4413
5482 5104
5483 4678
5484 4515
5485 5223
5486 5445
5487 4022
5488 4446
5489 5359
5490 5238
5491 4864
5492 5349
5493 4565
5494 4577
5495 4366
5496 5102
5497 5215
5498 4745
5499 5470
5500 4392
5501 5336
5502 4235
5503 5012
5504 5081
5505 4158
5506 4061
5507 4006
5508 5428
5509 4221
5510 5228
5511 5066
5512 4441
5513 4813
5514 5081
5515 4492
5516 5149
5517 4973
5518 3986
5519 4070
5520 4144
5521 4867
5522 5451
5523 4150
5524 4322
5525 4752
5526 5342
5527 4075
5528 4269
5529 5246
5530 4923
5531 4224
5532 5098
5533 4404
5534 4058
5535 4215
5536 4932
5537 4406
5538 5442
5539 5255
5540 4365
5541 4205
5542 5525
5543 5251
5544 5300
5545 4289
5546 4691
5547 5257
5548 4678
5549 5368
5550 4777
5551 5372
5552 4739
5553 5119
5554 4396
5555 4691
5556 4855
5557 5360
5558 4844
5559 4760
5560 5110
5561 5558
5562 4372
5563 4937
5564 4953
5565 5021
5566 5310
5567 4890
5568 5448
5569 4919
5570 4121
5571 4848
5572 5186
5573 5253
5574 5004
5575 4960
5576 4647
5577 5113
5578 4219
5579 5454
5580 5119
5581 4565
5582 5113
5583 4142
5584 4850
5585 4037
5586 4627
5587 4631
5588 5513
5589 5011
5590 4073
5591 4575
5592 4480
5593 4465
5594 4026
5595 5097
5596 3944
5597 4965
5598 4719
5599 5271
5600 4522
5601 4777
5602 4880
5603 4224
5604 5360
5605 4080
5606 5065
5607 4395
5608 5337
5609 4694
5610 4746
5611 4298
5612 4839
5613 4569
5614 4701
5615 5052
5616 4497
5617 4501
5618 5477
5619 4803
5620 4038
5621 5436
5622 4205
5623 5010
5624 4421
5625 4036
5626 4696
5627 4265
5628 5478
5629 5131
5630 4128
5631 4844
5632 4963
5633 4976
5634 3973
5635 5336
5636 4435
5637 5461
5638 5223
5639 4062
5640 4659
5641 5492
5642 5573
5643 4885
5644 4599
5645 5326
5646 4086
5647 4076
5648 4362
5649 4918
5650 4083
5651 5190
5652 5637
5653 5616
5654 4340
5655 5453
5656 4942
5657 5270
5658 5308
5659 4223
5660 5057
5661 4926
5662 5465
5663 5156
5664 5575
5665 4917
5666 5242
5667 5590
5668 4861
5669 4730
5670 4689
5671 4940
5672 5543
5673 5282
5674 4280
5675 4183
5676 5633
5677 4890
5678 4061
5679 4120
5680 5578
5681 4547
5682 4612
5683 5568
5684 4621
5685 5023
5686 4961
5687 4774
5688 4874
5689 4701
5690 4656
5691 4589
5692 5193
5693 4204
5694 5000
5695 4583
5696 4164
5697 3959
5698 5536
5699 4092
5700 4430
5701 4655
5702 5143
5703 5497
5704 3997
5705 4958
5706 4289
5707 4721
5708 4525
5709 3950
5710 4486
5711 4627
5712 5089
5713 5130
5714 4330
5715 4225
5716 4012
5717 5450
5718 4285
5719 5611
5720 3963
5721 3963
5722 5144
5723 4146
5724 4243
5725 5083
5726 4208
5727 4850
5728 5233
5729 4876
5730 4318
5731 4809
5732 4548
5733 4673
5734 4566
5735 5389
5736 4388
5737 4696
5738 4763
5739 4322
5740 4692
5741 4613
5742 4581
5743 4525
5744 4278
5745 4365
5746 5255
5747 4138
5748 5318
5749 4963
5750 4525
5751 5051
5752 4332
5753 4979
5754 5133
5755 4975
5756 4012
5757 5318
5758 4734
5759 5656
5760 4948
5761 4109
5762 4395
5763 4989
5764 5705
5765 4484
5766 4778
5767 4401
5768 4676
5769 4950
5770 5520
5771 4130
5772 5263
5773 5671
5774 4788
5775 4015
5776 5520
5777 4493
5778 4316
5779 4106
5780 5500
5781 4094
5782 5687
5783 4606
5784 4883
5785 5046
5786 5664
5787 5427
5788 4532
5789 5191
5790 5143
5791 4097
5792 4413
5793 4744
5794 5400
5795 4057
5796 5591
5797 4367
5798 4699
5799 4564
5800 5675
5801 4910
5802 5784
5803 5633
5804 5619
5805 5572
5806 5791
5807 4055
5808 4763
5809 4296
5810 4058
5811 4769
5812 3950
5813 4489
5814 5196
5815 5773
5816 4406
5817 4890
5818 4467
5819 4614
5820 5079
5821 5752
5822 5153
5823 5529
5824 5333
5825 4047
5826 4009
5827 5691
5828 4105
5829 4501
5830 4697
5831 5634
5832 4285
5833 5224
5834 5222
5835 4872
5836 5339
5837 4365
5838 4166
5839 3987
5840 5355
5841 4721
5842 5708
5843 5039
5844 4813
5845 5808
5846 4400
5847 5579
5848 4718
5849 5625
5850 5788
5851 5648
5852 4561
5853 4383
5854 4451
5855 4449
5856 4509
5857 5079
5858 4520
5859 5765
5860 4369
5861 4528
5862 4685
5863 4959
5864 5312
5865 4195
5866 4741
5867 3990
5868 4803
5869 5705
5870 5021
5871 5115
5872 4684
5873 4473
5874 4797
5875 4613
5876 4668
5877 3953
5878 5034
5879 4292
5880 4773
5881 5146
5882 4739
5883 5489
5884 4471
5885 5150
5886 3998
5887 4260
5888 5095
5889 5325
5890 4435
5891 4087
5892 4119
5893 4174
5894 5083
5895 4928
5896 4796
5897 3977
5898 5043
5899 5107
5900 4811
5901 4680
5902 4055
5903 5561
5904 5599
5905 5496
5906 5297
5907 5362
5908 4312
5909 5597
5910 5446
5911 4552
5912 5143
5913 5844
5914 4633
5915 4410
5916 4840
5917 5127
5918 4385
5919 4414
5920 4184
5921 4992
5922 4857
5923 4687
5924 5379
5925 4416
5926 5321
5927 5580
5928 4458
5929 4987
5930 4279
5931 5583
5932 4845
5933 5733
5934 5727
5935 4871
5936 5892
5937 5212
5938 4229
5939 5414
5940 5069
5941 5250
5942 5524
5943 4680
5944 4890
5945 4063
5946 4344
5947 4634
5948 5175
5949 5877
5950 5511
5951 4999
5952 5311
5953 3969
5954 5915
5955 5135
5956 4184
5957 4239
5958 4198
5959 4999
5960 5559
5961 5503
5962 4971
5963 4123
5964 4593
5965 4984
5966 5182
5967 5644
5968 5926
5969 4024
5970 5325
5971 4146
5972 4760
5973 4252
5974 5164
5975 5170
5976 4380
5977 5395
5978 4257
5979 5497
5980 4238
5981 5770
5982 4384
5983 5292
5984 4584
5985 4003
5986 5167
5987 5558
5988 4388
5989 4729
5990 4649
5991 5538
5992 4898
5993 4403
5994 4475
5995 5077
5996 4668
5997 4285
5998 5167
5999 4132
6000 5685
6001 4811
6002 5019
6003 3972
6004 4541
6005 5466
6006 4115
6007 4448
6008 4773
6009 5143
6010 4297
6011 5336
6012 5797
6013 5499
6014 4600
6015 5308
6016 5723
6017 5819
6018 5548
6019 5636
6020 4201
6021 4144
6022 5615
6023 4083
6024 4599
6025 4709
6026 4476
6027 5119
6028 5734
6029 4675
6030 4987
6031 5984
6032 5219
6033 5217
6034 5813
6035 4494
6036 4065
6037 5969
6038 5376
6039 5358
6040 5952
6041 4798
6042 4683
6043 4517
6044 5006
6045 5793
6046 4031
6047 5703
6048 4774
6049 5893
6050 5878
6051 4282
6052 5496
6053 4065
6054 5270
6055 5220
6056 5168
6057 5685
6058 4795
6059 4185
6060 4342
6061 4053
6062 6044
6063 4954
6064 4845
6065 5822
6066 5388
6067 5471
6068 4571
6069 4171
6070 5439
6071 5422
6072 4959
6073 4068
6074 5803
6075 5706
6076 4046
6077 5054
6078 4957
6079 4029
6080 5931
6081 4102
6082 5028
6083 5847
6084 4832
6085 4147
6086 4222
6087 4724
6088 4421
6089 6023
6090 6041
6091 5985
6092 5745
6093 5665
6094 4200
6095 4376
6096 4912
6097 5620
6098 5154
6099 4296
6100 5519
6101 4443
6102 5937
6103 4246
6104 5812
6105 5619
6106 6041
6107 5262
6108 5356
6109 5364
6110 6024
6111 5147
6112 5215
6113 5788
6114 5668
6115 5211
6116 5742
6117 4082
6118 5288
6119 5952
6120 5971
6121 3972
6122 4436
6123 4993
6124 4619
6125 5275
6126 5960
6127 5206
6128 4913
6129 5684
6130 5250
6131 4343
6132 5340
6133 4664
6134 5038
6135 5509
6136 5498
6137 4686
6138 4193
6139 6058
6140 5911
6141 5517
6142 4336
6143 4548
6144 5914
6145 5879
6146 5181
6147 4614
6148 6075
6149 5140
6150 5412
6151 5002
6152 5765
6153 5106
6154 6057
6155 5952
6156 4406
6157 5830
6158 4313
6159 4430
6160 4200
6161 5409
6162 5541
6163 4718
6164 5580
6165 4124
6166 5665
6167 5864
6168 4913
6169 5784
6170 4790
6171 5981
6172 5096
6173 5178
6174 4752
6175 5196
6176 6090
6177 5708
6178 4484
6179 5976
6180 4655
6181 4066
6182 5525
6183 4064
6184 5192
6185 5732
6186 3962
6187 5631
6188 5763
6189 4805
6190 4448
6191 5230
6192 4329
6193 4644
6194 4289
6195 6108
6196 4050
6197 6169
6198 4467
6199 4525
6200 4052
6201 4605
6202 4814
6203 4303
6204 3948
6205 4672
6206 5700
6207 4123
6208 5132
6209 4468
6210 6048
6211 5586
6212 4958
6213 5485
6214 5845
6215 4878
6216 4374
6217 5567
6218 4064
6219 5308
6220 4386
6221 5107
6222 4647
6223 5377
6224 5372
6225 4905
6226 6094
6227 4130
6228 5603
6229 5341
6230 4822
6231 5518
6232 6107
6233 5311
6234 4959
6235 5712
6236 4065
6237 4486
6238 5572
6239 3950
6240 4059
6241 5281
6242 5931
6243 4723
6244 6123
6245 5835
6246 4048
6247 5266
6248 4472
6249 5871
6250 5016
6251 4857
6252 4092
6253 5461
6254 5036
6255 5987
6256 4541
6257 4102
6258 6051
6259 4798
6260 4425
6261 4889
6262 5967
6263 4254
6264 4151
6265 4807
6266 4138
6267 5408
6268 4753
6269 4480
6270 4028
6271 4884
6272 4886
6273 5700
6274 6194
6275 5115
6276 4922
6277 5570
6278 5818
6279 4670
6280 4853
6281 4030
6282 6168
6283 5541
6284 6283
6285 4492
6286 4399
6287 5700
6288 4602
6289 4816
6290 5005
6291 4994
6292 5300
6293 5274
6294 4321
6295 5441
6296 5508
6297 5060
6298 4226
6299 4560
6300 5586
6301 4010
6302 5894
6303 4713
6304 5749
6305 5985
6306 5215
6307 4587
6308 4058
6309 4065
6310 4919
6311 5925
6312 4789
6313 5070
6314 5424
6315 4192
6316 6185
6317 6279
6318 4064
6319 5773
6320 4277
6321 5201
6322 5469
6323 5133
6324 4796
6325 6176
6326 5654
6327 5664
6328 6250
6329 4886
6330 5272
6331 4863
6332 3998
6333 5071
6334 5277
6335 6161
6336 6243
6337 5492
6338 5134
6339 4482
6340 5492
6341 5626
6342 5745
6343 5351
6344 5539
6345 5492
6346 5197
6347 4291
6348 4771
6349 4678
6350 6130
6351 5537
6352 5662
6353 3986
6354 6180
6355 4576
6356 6195
6357 4760
6358 4474
6359 4106
6360 4884
6361 5607
6362 5482
6363 5309
6364 4125
6365 5717
6366 4183
6367 4117
6368 5223
6369 4178
6370 5344
6371 5248
6372 3969
6373 4560
6374 4251
6375 6112
6376 6010
6377 5359
6378 3987
6379 4021
6380 5916
6381 6016
6382 4905
6383 4168
6384 6160
6385 5168
6386 5376
6387 4505
6388 4867
6389 4832
6390 4374
6391 4259
6392 4913
6393 4818
6394 5835
6395 5587
6396 5767
6397 5991
6398 4325
6399 5940
6400 6040
6401 5894
6402 6063
6403 4389
6404 6233
6405 6026
6406 5449
6407 4733
6408 5379
6409 5663
6410 6157
6411 4926
6412 4129
6413 4399
6414 4659
6415 5251
6416 5537
6417 6259
6418 4243
6419 4362
6420 4926
6421 4496
6422 4090
6423 4423
6424 5519
6425 4568
6426 4407
6427 6183
6428 4937
6429 5532
6430 4107
6431 5802
6432 4489
6433 4555
6434 5300
6435 4658
6436 5036
6437 6350
6438 4202
6439 4141
6440 4923
6441 6417
6442 4706
6443 6158
6444 5077
6445 5251
6446 6147
6447 4797
6448 4885
6449 4543
6450 4176
6451 6355
6452 4153
6453 4888
6454 5067
6455 6214
6456 6148
6457 4989
6458 4727
6459 5707
6460 5935
6461 5726
6462 4132
6463 5267
6464 5520
6465 4527
6466 4458
6467 5989
6468 5729
6469 4446
6470 4673
6471 5492
6472 4097
6473 5812
6474 4710
6475 4270
6476 4455
6477 4931
6478 4882
6479 4982
6480 5268
6481 5479
6482 6125
6483 5554
6484 5809
6485 5362
6486 5521
6487 6021
6488 6124
6489 5717
6490 5140
6491 5934
6492 5857
6493 5809
6494 5146
6495 4476
6496 4124
6497 5458
6498 5923
6499 6400
6500 4593
6501 4628
6502 5362
6503 6010
6504 3968
6505 4692
6506 4969
6507 4213
6508 5685
6509 6078
6510 4001
6511 4714
6512 4235
6513 6330
6514 6455
6515 5289
6516 4705
6517 4282
6518 5216
6519 5923
6520 6241
6521 4499
6522 5626
6523 5921
6524 5313
6525 6105
6526 5134
6527 4104
6528 5773
6529 5164
6530 5525
6531 4483
6532 6115
6533 4200
6534 4972
6535 4944
6536 4140
6537 4377
6538 5145
6539 4707
6540 5402
6541 4418
6542 6123
6543 4289
6544 5303
6545 4194
6546 5312
6547 4598
6548 6010
6549 4283
6550 5367
6551 6433
6552 4083
6553 4708
6554 4545
6555 4579
6556 5597
6557 4977
6558 4373
6559 6371
6560 5975
6561 5336
6562 5105
6563 6252
6564 5538
6565 3986
6566 4847
6567 6441
6568 4524
6569 5465
6570 5107
6571 5056
6572 4535
6573 4035
6574 4412
6575 4136
6576 4361
6577 6541
6578 4869
6579 6316
6580 5246
6581 6485
6582 4309
6583 5657
6584 4344
6585 5724
6586 5177
6587 5316
6588 4151
6589 6572
6590 4666
6591 4821
6592 5507
6593 5831
6594 5716
6595 5245
6596 4600
6597 5104
6598 5866
6599 5133
6600 4345
6601 4085
6602 5623
6603 5877
6604 5369
6605 4464
6606 4550
6607 4382
6608 5330
6609 4746
6610 5068
6611 4616
6612 4251
6613 5644
6614 6257
6615 5257
6616 4934
6617 4741
6618 4480
6619 3964
6620 5606
6621 5649
6622 5089
6623 4931
6624 3992
6625 5247
6626 4428
6627 4981
6628 6351
6629 5381
6630 6309
6631 5573
6632 4864
6633 4284
6634 6211
6635 4033
6636 6083
6637 5764
6638 4985
6639 5871
6640 5620
6641 6145
6642 5354
6643 4060
6644 6633
6645 5481
6646 4875
6647 5888
6648 4872
6649 6638
6650 5582
6651 4147
6652 5263
6653 6188
6654 5444
6655 4348
6656 6328
6657 6232
6658 5838
6659 5460
6660 6446
6661 6092
6662 5087
6663 5323
6664 5618
6665 4244
6666 5424
6667 6252
6668 6372
6669 5631
6670 4158
6671 6000
6672 5797
6673 4410
6674 3968
6675 3959
6676 6110
6677 5211
6678 5132
6679 4406
6680 4841
6681 4662
6682 4083
6683 5850
6684 5143
6685 6005
6686 4995
6687 5540
6688 5148
6689 5683
6690 4023
6691 5403
6692 6508
6693 5223
6694 4548
6695 5201
6696 6587
6697 6320
6698 5598
6699 5294
6700 4071
6701 6499
6702 5634
6703 5636
6704 4144
6705 5763
6706 5017
6707 4089
6708 6203
6709 3972
6710 6052
6711 4252
6712 4079
6713 4101
6714 5792
6715 4600
6716 5800
6717 5951
6718 4587
6719 6111
6720 5833
6721 5949
6722 5981
6723 4840
6724 4263
6725 4332
6726 6275
6727 4734
6728 6593
6729 6493
6730 5983
6731 6600
6732 6177
6733 5235
6734 4712
6735 4043
6736 5726
6737 6728
6738 3969
6739 4498
6740 4356
6741 5927
6742 5724
6743 5801
6744 5579
6745 4505
6746 4264
6747 4669
6748 5285
6749 4010
6750 6713
6751 5634
6752 4423
6753 6198
6754 4990
6755 5981
6756 5812
6757 4302
6758 6430
6759 4191
6760 4537
6761 5367
6762 5472
6763 6168
6764 4959
6765 5708
6766 5786
6767 4241
6768 4197
6769 3947
6770 4383
6771 5171
6772 5816
6773 4371
6774 6380
6775 4717
6776 4748
6777 5701
6778 4349
6779 6306
6780 5794
6781 6007
6782 5669
6783 5724
6784 5114
6785 4763
6786 6575
6787 6202
6788 5775
6789 5004
6790 4674
6791 6626
6792 6685
6793 4372
6794 4304
6795 5376
6796 5422
6797 5226
6798 5215
6799 6246
6800 4967
6801 6741
6802 4448
6803 4251
6804 6765
6805 6623
6806 6132
6807 6072
6808 4494
6809 6078
6810 5303
6811 5413
6812 6187
6813 5318
6814 4236
6815 6665
6816 5199
6817 4054
6818 4334
6819 4861
6820 5089
6821 6438
6822 5331
6823 4717
6824 5374
6825 5058
6826 5662
6827 4768
6828 6145
6829 6672
6830 4982
6831 6251
6832 6153
6833 5417
6834 5721
6835 6378
6836 5300
6837 4546
6838 5148
6839 5359
6840 6108
6841 6210
6842 5082
6843 5272
6844 4187
6845 4682
6846 5159
6847 6641
6848 4772
6849 4215
6850 4227
6851 5832
6852 6031
6853 5566
6854 5851
6855 5040
6856 6007
6857 4152
6858 4644
6859 6398
6860 6848
6861 4592
6862 5720
6863 5947
6864 4833
6865 6573
6866 4444
6867 4608
6868 4036
6869 6805
6870 6813
6871 6532
6872 5700
6873 4411
6874 6814
6875 5314
6876 5026
6877 6388
6878 6385
6879 5937
6880 4097
6881 5074
6882 5609
6883 4666
6884 5013
6885 3977
6886 4099
6887 6377
6888 5579
6889 5433
6890 5189
6891 5692
6892 6389
6893 5294
6894 5325
6895 5538
6896 5517
6897 4973
6898 6674
6899 5950
6900 5313
6901 6292
6902 5932
6903 6133
6904 4910
6905 5870
6906 5495
6907 5508
6908 4300
6909 4431
6910 3974
6911 6728
6912 5236
6913 4297
6914 6028
6915 4243
6916 6723
6917 6749
6918 6016
6919 4642
6920 6899
6921 4625
6922 6163
6923 5665
6924 6416
6925 4565
6926 5004
6927 6045
6928 4415
6929 6714
6930 5139
6931 5859
6932 5905
6933 6616
6934 4049
6935 6170
6936 5564
6937 4252
6938 5624
6939 5933
6940 5989
6941 6742
6942 5638
6943 4038
6944 6922
6945 4282
6946 6148
6947 5204
6948 4984
6949 5703
6950 6830
6951 4966
6952 4691
6953 3293
6954 5073
6955 5030
6956 5975
6957 6816
6958 4346
6959 6034
6960 6220
6961 4774
6962 5772
6963 5599
6964 5265
6965 5947
6966 6965
6967 5129
6968 5533
6969 4303
6970 6759
6971 6493
6972 4581
6973 4300
6974 5954
6975 5403
6976 5640
6977 6280
6978 6560
6979 5788
6980 6404
6981 5436
6982 5698
6983 4093
6984 6833
6985 6412
6986 6095
6987 6849
6988 5342
6989 6979
6990 4440
6991 6303
6992 4071
6993 5712
6994 4851
6995 6642
6996 6989
6997 6830
6998 4181
6999 5176
7000 4403
7001 6957
7002 5785
7003 4700
7004 5495
7005 6613
7006 4360
7007 4912
7008 4396
7009 6291
7010 4437
7011 6027
7012 5433
7013 6458
7014 6374
7015 4343
7016 6026
7017 4898
7018 4210
7019 6420
7020 6449
7021 4164
7022 5991
7023 6360
7024 6707
7025 6443
7026 6154
7027 6189
7028 4948
7029 5607
7030 4711
7031 5922
7032 5243
7033 5763
7034 5425
7035 6498
7036 5654
7037 4190
7038 5761
7039 4496
7040 5744
7041 5681
7042 6555
7043 4193
7044 4999
7045 5923
7046 5266
7047 5253
7048 6286
7049 5477
7050 4610
7051 4614
7052 4719
7053 6176
7054 5667
7055 6447
7056 6450
7057 6649
7058 7036
7059 6047
7060 4531
7061 6860
7062 7056
7063 6723
7064 5595
7065 6270
7066 5811
7067 5832
7068 6464
7069 6152
7070 4991
7071 6463
7072 6138
7073 5189
7074 5488
7075 7070
7076 4931
7077 6952
7078 6525
7079 4506
7080 4292
7081 5815
7082 4628
7083 5479
7084 4900
7085 6160
7086 6756
7087 5510
7088 4168
7089 4308
7090 5444
7091 4728
7092 6971
7093 5817
7094 6213
7095 4968
7096 5887
7097 4716
7098 5762
7099 4445
7100 4575
7101 4197
7102 6897
7103 5465
7104 4439
7105 6668
7106 4397
7107 6147
7108 5034
7109 4436
7110 6673
7111 6846
7112 6459
7113 5855
7114 6882
7115 4128
7116 5701
7117 3943
7118 4689
7119 6900
7120 3943
7121 4877
7122 6262
7123 4824
7124 5649
7125 6384
7126 6132
7127 4444
7128 6471
7129 4913
7130 4834
7131 5409
7132 7099
7133 4339
7134 4608
7135 6231
7136 6466
7137 6448
7138 5562
7139 4687
7140 6999
7141 5227
7142 6723
7143 6845
7144 6693
7145 7112
7146 6232
7147 4424
7148 5105
7149 4932
7150 7086
7151 4593
7152 4469
7153 6132
7154 4181
7155 5520
7156 6059
7157 5255
7158 6329
7159 6935
7160 5570
7161 6628
7162 5426
7163 4493
7164 5682
7165 5197
7166 7025
7167 5448
7168 7133
7169 4046
7170 4175
7171 5314
7172 4217
7173 6217
7174 7034
7175 5052
7176 6590
7177 5854
7178 5949
7179 4815
7180 4373
7181 6540
7182 4318
7183 4826
7184 5412
7185 4559
7186 6524
7187 6895
7188 5068
7189 5077
7190 5288
7191 4993
7192 5607
7193 6608
7194 6431
7195 5967
7196 5464
7197 4271
7198 6225
7199 4596
7200 6360
7201 5248
7202 4629
7203 5469
7204 6997
7205 5091
7206 4196
7207 5954
7208 6590
7209 5118
7210 5952
7211 6405
7212 4818
7213 5144
7214 6068
7215 5477
7216 5180
7217 4800
7218 4913
7219 5461
7220 6056
7221 6732
7222 5579
7223 4295
7224 5583
7225 5871
7226 5443
7227 5433
7228 6257
7229 6737
7230 7139
7231 5815
7232 5884
7233 5592
7234 4596
7235 5599
7236 5376
7237 5858
7238 3971
7239 5391
7240 4684
7241 6071
7242 6819
7243 4131
7244 5686
7245 5418
7246 4493
7247 6888
7248 5824
7249 4539
7250 5852
7251 6978
7252 5256
7253 4392
7254 4332
7255 4816
7256 7183
7257 6825
7258 6074
7259 4658
7260 6050
7261 5833
7262 3973
7263 4286
7264 7240
7265 5353
7266 3293
7267 4232
7268 5071
7269 4172
7270 4850
7271 4528
7272 6741
7273 3965
7274 7076
7275 4240
7276 5655
7277 6091
7278 4626
7279 6987
7280 4747
7281 6600
7282 6005
7283 6503
7284 5862
7285 6660
7286 7125
7287 6932
7288 5310
7289 7265
7290 7217
7291 4379
7292 7181
7293 6593
7294 4323
7295 4523
7296 6428
7297 4168
7298 4428
7299 6936
7300 4435
7301 5439
7302 4939
7303 6023
7304 6591
7305 7272
7306 5474
7307 5756
7308 4887
7309 6115
7310 6416
7311 6200
7312 5235
7313 5258
7314 7152
7315 6083
7316 4978
7317 5633
7318 5452
7319 4743
7320 5788
7321 4482
7322 5279
7323 6795
7324 6053
7325 4483
7326 4594
7327 5597
7328 3945
7329 4752
7330 5619
7331 7120
7332 6321
7333 5876
7334 7060
7335 6394
7336 6759
7337 7196
7338 4908
7339 5767
7340 7261
7341 4486
7342 6328
7343 6517
7344 5310
7345 7182
7346 6875
7347 5222
7348 6193
7349 7165
7350 6445
7351 6229
7352 6318
7353 5120
7354 4383
7355 5489
7356 4457
7357 5364
7358 4193
7359 3973
7360 6941
7361 6122
7362 4139
7363 4558
7364 5831
7365 4756
7366 6639
7367 4400
7368 5181
7369 6630
7370 4985
7371 4026
7372 7152
7373 6799
7374 6187
7375 4141
7376 6590
7377 7140
7378 4215
7379 7376
7380 6153
7381 7043
7382 7046
7383 7083
7384 5091
7385 4727
7386 6595
7387 5704
7388 6897
7389 5576
7390 5801
7391 6121
7392 5403
7393 4445
7394 6034
7395 7220
7396 5033
7397 4625
7398 6480
7399 6178
7400 6223
7401 6013
7402 6065
7403 6612
7404 5968
7405 6577
7406 5601
7407 5576
7408 7268
7409 4924
7410 4983
7411 4914
7412 4121
7413 6445
7414 5740
7415 6892
7416 4633
7417 4938
7418 6686
7419 4557
7420 4720
7421 4376
7422 4144
7423 6123
7424 5182
7425 6240
7426 6916
7427 5986
7428 5085
7429 4301
7430 4683
7431 7023
7432 6870
7433 5037
7434 4164
7435 7293
7436 5241
7437 6384
7438 5320
7439 4947
7440 4610
7441 7021
7442 7372
7443 7131
7444 6083
7445 4633
7446 4101
7447 5833
7448 5920
7449 4474
7450 6099
7451 7202
7452 7041
7453 6791
7454 5102
7455 4782
7456 4031
7457 7007
7458 4797
7459 6518
7460 4444
7461 4249
7462 7457
7463 5846
7464 7300
7465 6349
7466 5933
7467 6845
7468 7114
7469 5578
7470 5462
7471 7112
7472 6901
7473 6263
7474 7466
7475 6091
7476 6842
7477 4553
7478 6667
7479 6800
7480 6289
7481 6297
7482 4014
7483 4998
7484 6211
7485 4029
7486 5515
7487 6607
7488 5419
7489 4485
7490 4368
7491 6994
7492 7379
7493 5342
7494 5304
7495 5746
7496 4534
7497 6904
7498 6738
7499 6349
7500 5885
7501 4670
7502 6345
7503 5801
7504 4561
7505 6603
7506 3964
7507 4547
7508 6153
7509 5145
7510 4944
7511 7503
7512 5155
7513 5599
7514 6161
7515 4129
7516 5880
7517 5304
7518 5975
7519 5036
7520 4341
7521 7404
7522 5743
7523 5461
7524 5611
7525 4116
7526 4530
7527 5112
7528 7301
7529 6468
7530 6002
7531 6299
7532 4556
7533 6763
7534 5161
7535 6002
7536 6859
7537 6766
7538 5581
7539 4433
7540 5725
7541 4013
7542 4350
7543 7225
7544 4932
7545 4559
7546 7148
7547 4803
7548 5292
7549 5517
7550 6349
7551 6991
7552 4300
7553 4056
7554 5894
7555 4031
7556 7133
7557 4133
7558 4756
7559 5454
7560 6417
7561 7225
7562 6202
7563 5961
7564 6040
7565 6221
7566 4077
7567 5137
7568 6649
7569 6442
7570 4105
7571 4775
7572 4208
7573 4574
7574 4723
7575 7290
7576 4426
7577 4306
7578 5521
7579 4301
7580 5777
7581 4022
7582 6688
7583 5618
7584 6495
7585 7046
7586 6639
7587 4113
7588 5472
7589 6382
7590 7159
7591 6123
7592 4803
7593 4277
7594 5953
7595 4631
7596 6153
7597 6638
7598 5216
7599 4500
7600 4965
7601 6173
7602 7089
7603 4388
7604 4308
7605 4524
7606 4091
7607 4859
7608 6719
7609 6068
7610 5970
7611 5662
7612 5925
7613 7021
7614 5623
7615 5845
7616 4455
7617 6653
7618 6760
7619 7146
7620 6755
7621 6471
7622 5725
7623 5923
7624 7605
7625 7027
7626 6574
7627 6419
7628 4054
7629 4281
7630 5387
7631 6230
7632 4596
7633 6914
7634 5374
7635 7193
7636 4520
7637 4864
7638 5402
7639 7519
7640 5437
7641 4143
7642 4428
7643 5806
7644 6164
7645 7084
7646 6165
7647 6434
7648 4145
7649 6171
7650 4032
7651 4842
7652 7068
7653 5571
7654 4761
7655 5702
7656 6444
7657 7170
7658 4279
7659 4263
7660 4992
7661 6133
7662 4447
7663 5915
7664 6338
7665 4590
7666 4545
7667 6484
7668 4833
7669 5276
7670 3670
7671 3670
7672 7670
7673 7671
7674 7673
7675 3670
7676 7674
7677 7672
7678 7675
7679 7671
7680 7670
7681 7672
7682 7680
7683 3670
7684 7672
7685 7680
7686 7685
7687 7680
7688 7680
7689 7673
7690 7677
7691 7682
7692 7673
7693 7690
7694 7681
7695 7685
7696 7695
7697 7680
7698 7690
7699 7684
7700 7694
7701 7692
7702 7689
7703 7687
7704 7684
7705 7681
7706 7684
7707 7692
7708 7675
7709 7707
7710 7679
7711 7695
7712 7682
7713 7673
7714 7713
7715 7674
7716 7673
7717 7692
7718 7689
7719 7718
7720 7693
7721 7670
7722 7676
7723 7694
7724 7705
7725 7684
7726 7683
7727 7686
7728 7680
7729 7712
7730 7717
7731 7726
7732 7707
7733 7719
7734 7678
7735 7728
7736 7710
7737 7684
7738 7714
7739 7738
7740 7733
7741 7676
7742 7682
7743 7713
7744 7720
7745 7700
7746 7716
7747 7684
7748 7706
7749 7718
7750 7739
7751 7692
7752 7703
7753 7723
7754 7731
7755 7711
7756 7707
7757 7715
7758 7701
7759 7680
7760 7729
7761 7717
7762 7704
7763 7717
7764 7760
7765 7695
7766 7743
7767 7721
7768 7764
7769 7768
7770 7755
7771 7751
7772 7750
7773 7737
7774 7698
7775 7684
7776 7761
7777 7771
7778 7728
7779 7692
7780 7690
7781 7773
7782 3670
7783 7782
7784 7737
7785 7706
7786 7706
7787 7768
7788 7684
7789 7711
7790 7703
7791 7720
7792 7689
7793 7735
7794 7746
7795 7741
7796 7784
7797 7749
7798 7686
7799 7729
7800 7672
7801 7758
7802 7678
7803 7710
7804 7723
7805 7756
7806 7672
7807 7670
7808 7695
7809 7716
7810 7673
7811 7689
7812 7685
7813 7681
7814 7683
7815 7702
7816 7687
7817 7799
7818 7710
7819 7794
7820 7706
7821 7768
7822 7794
7823 7787
7824 7803
7825 7707
7826 7726
7827 7757
7828 7783
7829 7752
7830 3670
7831 7806
7832 7751
7833 7793
7834 7753
7835 7700
7836 7699
7837 7724
7838 7787
7839 7766
7840 7794
7841 7818
7842 7716
7843 7767
7844 7793
7845 7698
7846 7841
7847 7834
7848 7674
7849 7800
7850 7760
7851 7830
7852 7698
7853 7727
7854 7733
7855 7719
7856 7773
7857 7775
7858 7680
7859 7728
7860 7778
7861 7768
7862 7778
7863 7671
7864 7736
7865 7821
7866 7741
7867 7787
7868 7765
7869 7785
7870 7779
7871 7850
7872 7728
7873 7742
7874 7737
7875 7765
7876 7784
7877 7873
7878 7766
7879 7865
7880 7833
7881 7703
7882 7794
7883 7782
7884 7683
7885 7803
7886 7846
7887 7722
7888 7841
7889 7722
7890 7820
7891 7834
7892 7760
7893 7765
7894 7867
7895 7684
7896 7859
7897 7770
7898 7822
7899 7737
7900 7803
7901 7716
7902 7872
7903 7898
7904 7713
7905 7743
7906 7899
7907 7781
7908 7903
7909 7740
7910 7871
7911 7696
7912 7705
7913 7739
7914 7696
7915 7705
7916 7867
7917 7908
7918 7867
7919 7713
7920 7826
7921 7873
7922 7904
7923 7775
7924 7769
7925 7839
7926 7896
7927 7701
7928 7787
7929 7805
7930 7922
7931 7877
7932 7866
7933 7932
7934 7767
7935 7928
7936 7875
7937 7765
7938 7888
7939 7839
7940 7699
7941 7718
7942 7847
7943 7927
7944 7750
7945 7796
7946 7743
7947 7759
7948 7916
7949 7850
7950 7778
7951 7901
7952 7838
7953 7685
7954 7680
7955 7782
7956 7949
7957 7767
7958 7710
7959 7779
7960 7792
7961 7805
7962 7877
7963 7902
7964 7952
7965 7937
7966 7938
7967 7716
7968 7888
7969 7680
7970 7846
7971 7788
7972 7710
7973 7676
7974 7953
7975 7878
7976 7715
7977 7759
7978 7841
7979 7775
7980 7874
7981 7742
7982 7747
7983 7722
7984 7780
7985 7867
7986 7700
7987 7711
7988 7785
7989 7836
7990 7741
7991 7693
7992 7924
7993 7974
7994 7733
7995 7770
7996 7723
7997 7827
7998 7949
7999 7674
8000 7879
8001 7980
8002 7748
8003 7909
8004 7683
8005 7776
8006 7864
8007 7746
8008 7913
8009 7939
8010 7964
8011 7871
8012 7953
8013 7687
8014 7812
8015 7986
8016 7799
8017 7846
8018 7963
8019 7708
8020 7856
8021 7918
8022 7989
8023 7823
8024 7950
8025 7748
8026 8016
8027 7695
8028 7973
8029 7770
8030 7981
8031 8017
8032 7829
8033 7994
8034 7888
8035 7978
8036 8016
8037 8016
8038 7842
8039 8007
8040 7875
8041 7812
8042 7809
8043 7833
8044 7779
8045 7885
8046 7806
8047 7948
8048 7737
8049 7923
8050 7872
8051 7711
8052 8002
8053 7758
8054 8006
8055 7729
8056 7754
8057 7752
8058 7894
8059 8034
8060 7956
8061 7791
8062 7718
8063 7967
8064 7773
8065 8029
8066 7724
8067 7709
8068 7717
8069 7806
8070 7672
8071 7956
8072 7854
8073 8054
8074 7970
8075 8036
8076 8067
8077 7745
8078 7795
8079 7813
8080 7813
8081 8000
8082 7834
8083 7706
8084 7977
8085 7675
8086 7717
8087 7873
8088 7680
8089 8017
8090 7751
8091 7755
8092 7679
8093 7841
8094 7746
8095 8091
8096 7874
8097 8081
8098 7781
8099 7865
8100 8023
8101 7674
8102 7815
8103 7828
8104 8036
8105 7901
8106 8014
8107 7903
8108 8066
8109 7849
8110 7711
8111 8029
8112 8056
8113 7927
8114 8087
8115 8101
8116 7831
8117 8052
8118 8022
8119 7763
8120 7724
8121 7955
8122 8000
8123 8079
8124 7780
8125 8049
8126 7810
8127 7757
8128 7863
8129 7814
8130 7932
8131 7929
8132 7870
8133 8034
8134 8105
8135 7701
8136 7707
8137 7810
8138 7745
8139 7887
8140 7834
8141 8007
8142 7775
8143 8056
8144 7928
8145 8135
8146 7798
8147 7877
8148 8144
8149 7772
8150 8142
8151 7895
8152 8094
8153 7798
8154 7834
8155 8079
8156 7797
8157 7837
8158 8023
8159 7999
8160 7923
8161 7821
8162 7790
8163 7893
8164 7749
8165 7880
8166 7738
8167 7811
8168 7896
8169 7864
8170 7953
8171 8068
8172 7842
8173 8082
8174 8077
8175 3670
8176 7737
8177 7980
8178 7954
8179 7848
8180 8102
8181 7888
8182 7792
8183 7964
8184 8147
8185 7799
8186 7783
8187 8019
8188 7830
8189 7743
8190 8055
8191 8179
8192 7985
8193 7753
8194 7715
8195 7953
8196 8030
8197 8011
8198 7825
8199 7905
8200 7852
8201 7791
8202 7670
8203 7780
8204 7880
8205 8115
8206 8110
8207 8149
8208 8035
8209 7739
8210 7824
8211 7751
8212 7888
8213 7922
8214 8109
8215 8056
8216 7976
8217 8097
8218 8114
8219 8203
8220 7783
8221 7838
8222 7709
8223 7995
8224 7945
8225 8186
8226 8131
8227 7855
8228 8218
8229 8060
8230 7715
8231 7843
8232 7924
8233 7932
8234 8033
8235 8069
8236 7826
8237 8088
8238 8146
8239 7888
8240 7749
8241 7975
8242 8125
8243 7767
8244 8014
8245 7841
8246 7831
8247 8015
8248 7873
8249 8136
8250 7670
8251 8089
8252 7999
8253 7682
8254 7787
8255 8127
8256 7758
8257 8245
8258 7823
8259 7881
8260 7910
8261 7897
8262 7746
8263 8019
8264 8173
8265 7870
8266 8000
8267 8102
8268 7746
8269 7723
8270 7773
8271 8088
8272 7719
8273 8084
8274 7689
8275 7888
8276 7828
8277 8221
8278 8025
8279 8102
8280 7752
8281 8033
8282 7697
8283 8197
8284 8224
8285 7740
8286 8076
8287 8144
8288 7738
8289 8168
8290 8118
8291 7729
8292 8224
8293 7780
8294 7813
8295 7955
8296 7889
8297 7677
8298 8186
8299 7928
8300 7942
8301 8260
8302 7857
8303 7914
8304 7921
8305 8166
8306 7773
8307 7936
8308 7920
8309 8103
8310 8119
8311 7810
8312 8020
8313 8294
8314 8135
8315 7723
8316 7848
8317 7683
8318 7694
8319 8236
8320 7708
8321 7769
8322 8193
8323 7705
8324 7945
8325 7756
8326 8167
8327 8267
8328 7773
8329 3670
8330 7838
8331 7977
8332 7722
8333 7953
8334 7797
8335 7829
8336 8214
8337 8066
8338 7993
8339 7747
8340 8069
8341 8285
8342 7904
8343 8285
8344 7894
8345 8137
8346 7780
8347 8161
8348 8053
8349 7807
8350 8081
8351 8336
8352 8289
8353 7832
8354 7931
8355 8094
8356 8346
8357 7906
8358 8061
8359 8307
8360 7881
8361 8302
8362 7740
8363 7820
8364 8169
8365 8260
8366 7901
8367 8221
8368 8256
8369 8079
8370 8128
8371 8056
8372 8188
8373 8161
8374 8082
8375 7819
8376 7755
8377 8265
8378 8335
8379 8322
8380 8162
8381 8176
8382 7796
8383 7816
8384 8223
8385 7863
8386 7701
8387 8339
8388 8246
8389 8132
8390 8297
8391 7680
8392 8048
8393 8049
8394 7817
8395 7781
8396 7994
8397 8236
8398 7951
8399 8350
8400 7946
8401 7921
8402 8091
8403 7730
8404 7988
8405 8339
8406 7698
8407 7977
8408 8087
8409 7731
8410 8096
8411 7675
8412 8283
8413 7966
8414 7875
8415 8374
8416 8275
8417 7792
8418 7886
8419 7916
8420 8099
8421 7988
8422 7956
8423 7852
8424 7864
8425 7677
8426 7931
8427 8412
8428 8360
8429 8033
8430 8379
8431 8281
8432 8375
8433 8248
8434 8182
8435 7927
8436 8242
8437 8273
8438 8344
8439 7842
8440 8156
8441 8273
8442 8154
8443 8168
8444 7726
8445 7746
8446 7705
8447 7996
8448 7742
8449 8430
8450 8311
8451 8370
8452 8059
8453 7873
8454 8317
8455 8386
8456 7783
8457 8071
8458 8328
8459 7825
8460 8144
8461 8019
8462 7684
8463 8105
8464 8180
8465 8113
8466 8295
8467 8210
8468 7917
8469 7869
8470 7735
8471 8380
8472 7937
8473 8121
8474 8021
8475 8165
8476 8249
8477 7715
8478 8129
8479 8014
8480 7913
8481 8417
8482 8049
8483 8361
8484 8107
8485 7980
8486 8431
8487 7789
8488 8123
8489 7693
8490 8458
8491 8194
8492 7706
8493 8155
8494 7888
8495 7926
8496 7704
8497 8238
8498 8041
8499 7890
8500 8003
8501 8374
8502 7741
8503 7962
8504 8117
8505 8266
8506 8416
8507 7771
8508 7672
8509 8322
8510 8084
8511 8380
8512 8286
8513 8061
8514 7686
8515 8097
8516 7765
8517 8339
8518 8355
8519 8331
8520 7928
8521 8465
8522 8274
8523 7681
8524 7788
8525 8424
8526 7825
8527 8414
8528 7863
8529 7946
8530 8208
8531 8447
8532 8054
8533 7740
8534 8458
8535 7892
8536 7821
8537 7961
8538 7712
8539 8301
8540 7914
8541 7965
8542 8282
8543 7795
8544 8480
8545 8331
8546 8119
8547 7805
8548 8421
8549 7688
8550 7993
8551 7718
8552 7884
8553 7958
8554 7959
8555 7769
8556 8250
8557 8370
8558 8150
8559 7966
8560 8000
8561 7870
8562 8370
8563 8167
8564 8244
8565 8399
8566 8289
8567 8050
8568 7736
8569 7672
8570 7859
8571 7921
8572 7682
8573 8062
8574 7761
8575 7781
8576 7683
8577 7750
8578 7879
8579 8490
8580 7945
8581 8202
8582 8556
8583 8077
8584 8383
8585 8180
8586 8103
8587 7738
8588 8273
8589 8121
8590 7921
8591 7859
8592 7831
8593 8023
8594 8455
8595 7931
8596 8263
8597 8560
8598 8244
8599 8354
8600 7939
8601 8373
8602 8225
8603 8301
8604 7905
8605 8460
8606 8249
8607 7721
8608 8119
8609 7954
8610 8284
8611 8266
8612 8255
8613 8602
8614 7772
8615 8315
8616 8221
8617 8280
8618 8375
8619 7876
8620 8276
8621 8198
8622 8165
8623 8545
8624 8388
8625 8298
8626 8185
8627 7859
8628 8570
8629 8222
8630 8545
8631 8246
8632 8401
8633 8563
8634 7890
8635 8184
8636 7743
8637 8191
8638 8120
8639 8509
8640 7726
8641 7760
8642 7679
8643 8203
8644 8570
8645 7814
8646 7903
8647 8280
8648 8198
8649 8088
8650 7762
8651 8120
8652 8486
8653 8056
8654 8300
8655 8004
8656 7698
8657 8542
8658 8099
8659 8177
8660 8126
8661 8249
8662 7941
8663 7886
8664 8238
8665 8459
8666 7932
8667 8444
8668 7781
8669 8088
8670 8043
8671 8129
8672 8397
8673 7754
8674 8379
8675 8608
8676 8113
8677 8336
8678 7721
8679 8150
8680 7819
8681 8626
8682 8541
8683 8171
8684 8579
8685 8463
8686 8344
8687 8581
8688 8581
8689 8444
8690 8590
8691 8621
8692 8200
8693 7970
8694 8662
8695 8391
8696 8599
8697 7843
8698 8489
8699 8586
8700 7844
8701 8286
8702 8098
8703 8149
8704 7885
8705 8558
8706 7771
8707 8210
8708 8055
8709 7959
8710 8027
8711 8640
8712 7991
8713 8478
8714 8002
8715 7823
8716 8541
8717 8099
8718 8551
8719 7957
8720 8193
8721 7770
8722 8642
8723 8493
8724 7902
8725 8248
8726 8508
8727 8231
8728 8323
8729 7941
8730 8202
8731 8341
8732 7704
8733 8593
8734 8653
8735 7687
8736 8190
8737 8596
8738 7804
8739 8719
8740 8584
8741 7819
8742 8581
8743 8160
8744 7998
8745 7738
8746 8424
8747 8361
8748 8372
8749 8133
8750 7709
8751 8136
8752 8328
8753 7854
8754 8361
8755 8447
8756 8631
8757 8667
8758 8649
8759 8374
8760 8390
8761 7992
8762 8137
8763 8385
8764 8665
8765 8417
8766 7773
8767 8185
8768 8262
8769 7814
8770 7848
8771 8397
8772 8502
8773 7853
8774 8639
8775 8568
8776 7865
8777 7684
8778 8419
8779 8255
8780 8550
8781 8284
8782 8081
8783 8654
8784 7930
8785 8611
8786 8188
8787 7818
8788 8271
8789 8747
8790 7846
8791 7713
8792 8287
8793 8601
8794 7769
8795 8472
8796 8021
8797 8382
8798 8455
8799 7938
8800 7727
8801 8782
8802 7927
8803 8477
8804 7995
8805 8540
8806 8368
8807 8360
8808 8119
8809 8351
8810 8558
8811 7895
8812 7915
8813 8696
8814 8430
8815 8108
8816 8040
8817 7797
8818 8064
8819 7880
8820 7958
8821 8136
8822 8818
8823 8555
8824 8333
8825 8306
8826 8362
8827 8177
8828 8487
8829 8001
8830 8135
8831 8748
8832 8400
8833 7791
8834 8561
8835 8394
8836 7961
8837 8168
8838 8717
8839 7786
8840 8799
8841 8067
8842 8753
8843 8577
8844 8729
8845 8666
8846 7674
8847 7851
8848 7967
8849 8121
8850 8127
8851 8090
8852 8240
8853 8307
8854 8525
8855 8282
8856 7941
8857 7741
8858 8431
8859 8013
8860 8846
8861 7889
8862 7693
8863 7957
8864 8152
8865 8725
8866 8151
8867 8152
8868 7980
8869 8001
8870 8826
8871 8674
8872 8255
8873 8329
8874 8228
8875 7717
8876 8680
8877 8840
8878 8854
8879 7981
8880 7758
8881 8586
8882 8374
8883 7821
8884 8017
8885 8683
8886 8561
8887 8710
8888 8081
8889 8429
8890 7952
8891 8382
8892 8500
8893 8543
8894 7943
8895 8702
8896 8710
8897 8488
8898 7799
8899 8833
8900 8671
8901 8728
8902 7989
8903 7795
8904 8278
8905 8647
8906 7907
8907 8711
8908 8258
8909 7748
8910 8004
8911 7896
8912 7863
8913 8036
8914 8295
8915 8063
8916 8212
8917 8752
8918 8553
8919 7896
8920 8085
8921 7747
8922 8813
8923 8552
8924 8430
8925 7809
8926 8095
8927 8514
8928 8525
8929 8013
8930 8458
8931 7956
8932 8490
8933 7884
8934 8828
8935 8059
8936 7962
8937 7995
8938 8331
8939 8426
8940 8762
8941 8173
8942 8449
8943 8173
8944 8611
8945 7683
8946 8349
8947 8566
8948 8586
8949 8771
8950 8006
8951 8025
8952 8854
8953 7793
8954 8011
8955 7870
8956 8790
8957 8121
8958 7794
8959 8739
8960 7680
8961 8739
8962 8490
8963 8324
8964 8262
8965 7789
8966 7795
8967 7881
8968 8296
8969 8865
8970 8451
8971 8524
8972 7983
8973 8940
8974 7854
8975 8223
8976 8647
8977 7992
8978 8043
8979 8346
8980 8607
8981 7906
8982 8036
8983 7935
8984 8503
8985 8037
8986 7818
8987 8787
8988 8847
8989 8862
8990 8782
8991 8874
8992 7709
8993 8422
8994 7881
8995 7849
8996 7718
8997 7867
8998 8233
8999 8212
9000 7942
9001 7675
9002 8137
9003 8031
9004 8030
9005 8431
9006 8179
9007 7786
9008 8835
9009 8466
9010 8270
9011 7998
9012 7688
9013 8847
9014 8471
9015 7851
9016 8278
9017 8782
9018 8336
9019 8317
9020 8608
9021 8104
9022 8678
9023 8416
9024 8810
9025 8467
9026 8853
9027 7794
9028 8543
9029 8343
9030 7778
9031 8054
9032 8918
9033 8495
9034 8794
9035 8468
9036 8058
9037 8864
9038 7714
9039 7870
9040 8926
9041 8169
9042 8845
9043 8951
9044 8127
9045 8330
9046 8137
9047 8657
9048 7836
9049 8917
9050 7718
9051 8800
9052 8882
9053 8808
9054 8443
9055 7877
9056 8924
9057 8980
9058 8250
9059 7755
9060 8541
9061 8176
9062 8635
9063 8823
9064 8766
9065 8432
9066 8756
9067 8658
9068 8146
9069 7711
9070 8604
9071 8182
9072 7854
9073 7713
9074 8654
9075 8942
9076 8479
9077 7825
9078 8889
9079 8599
9080 7893
9081 8928
9082 8251
9083 7911
9084 8317
9085 7869
9086 8012
9087 7829
9088 8233
9089 7935
9090 7870
9091 8356
9092 8914
9093 8054
9094 7917
9095 7770
9096 8378
9097 8186
9098 8193
9099 8613
9100 8762
9101 8506
9102 8824
9103 8127
9104 8811
9105 7939
9106 8724
9107 8077
9108 7921
9109 8646
9110 8254
9111 8596
9112 8501
9113 8969
9114 8160
9115 8482
9116 8106
9117 8751
9118 8098
9119 8296
9120 8254
9121 8995
9122 9058
9123 7774
9124 7940
9125 8953
9126 8675
9127 9110
9128 8620
9129 8178
9130 8099
9131 8148
9132 9117
9133 8699
9134 8934
9135 7719
9136 8284
9137 8393
9138 8578
9139 8528
9140 8166
9141 8264
9142 8962
9143 8287
9144 8270
9145 8708
9146 8615
9147 8167
9148 8339
9149 8510
9150 8516
9151 8153
9152 8534
9153 9109
9154 8576
9155 8278
9156 8502
9157 8106
9158 8322
9159 7689
9160 8027
9161 8547
9162 7811
9163 8990
9164 7988
9165 8697
9166 8239
9167 8842
9168 9037
9169 8534
9170 8875
9171 8490
9172 9011
9173 8535
9174 8858
9175 8945
9176 8951
9177 8235
9178 9127
9179 7708
9180 8424
9181 8754
9182 7745
9183 8955
9184 8623
9185 8208
9186 8838
9187 8942
9188 8086
9189 7976
9190 9020
9191 8209
9192 8563
9193 7717
9194 8149
9195 8282
9196 8441
9197 7884
9198 8629
9199 8067
9200 8092
9201 8507
9202 9161
9203 8803
9204 8374
9205 8884
9206 8322
9207 7822
9208 9182
9209 9196
9210 7674
9211 8863
9212 7863
9213 7820
9214 8240
9215 9136
9216 8222
9217 8672
9218 8381
9219 7780
9220 7722
9221 8611
9222 8747
9223 9176
9224 8718
9225 7996
9226 8322
9227 8183
9228 8468
9229 8436
9230 7823
9231 8905
9232 8539
9233 8869
9234 8791
9235 7900
9236 8444
9237 8957
9238 9104
9239 8880
9240 7853
9241 8165
9242 7834
9243 8768
9244 8686
9245 8211
9246 8270
9247 7977
9248 9057
9249 8461
9250 8432
9251 7943
9252 8787
9253 8779
9254 8506
9255 8465
9256 9149
9257 8072
9258 7831
9259 8482
9260 9016
9261 8178
9262 8970
9263 8512
9264 8065
9265 9229
9266 9256
9267 8461
9268 7773
9269 8916
9270 8995
9271 7901
9272 8161
9273 7861
9274 9264
9275 7788
9276 8517
9277 8360
9278 8191
9279 9039
9280 8585
9281 8607
9282 9196
9283 8800
9284 8194
9285 8049
9286 8684
9287 8843
9288 8800
9289 7738
9290 8713
9291 7805
9292 8221
9293 8077
9294 8942
9295 8296
9296 8559
9297 9282
9298 8113
9299 8728
9300 9091
9301 8473
9302 8145
9303 8312
9304 8925
9305 8953
9306 8717
9307 8612
9308 8753
9309 8529
9310 8643
9311 8162
9312 8053
9313 8671
9314 8525
9315 8005
9316 8246
9317 7780
9318 9222
9319 8299
9320 9156
9321 9125
9322 7707
9323 8423
9324 8849
9325 7941
9326 8843
9327 7698
9328 8799
9329 8177
9330 8799
9331 8573
9332 7784
9333 9002
9334 8819
9335 9262
9336 7815
9337 8651
9338 9069
9339 9072
9340 9302
9341 8816
9342 8856
9343 8630
9344 8590
9345 9308
9346 8627
9347 8512
9348 9103
9349 7956
9350 8316
9351 7901
9352 8568
9353 9173
9354 9266
9355 9120
9356 8196
9357 8194
9358 9267
9359 8185
9360 8230
9361 7776
9362 8163
9363 8372
9364 7724
9365 8457
9366 8959
9367 7895
9368 8528
9369 9201
9370 8464
9371 7960
9372 8505
9373 9276
9374 8723
9375 9265
9376 8884
9377 8290
9378 9375
9379 8849
9380 8400
9381 8081
9382 8373
9383 8229
9384 7692
9385 8775
9386 8935
9387 8123
9388 8652
9389 9037
9390 8235
9391 7707
9392 9257
9393 7925
9394 8509
9395 8711
9396 9373
9397 8181
9398 8275
9399 9377
9400 9295
9401 8042
9402 8675
9403 8971
9404 8248
9405 8109
9406 7867
9407 8062
9408 8570
9409 7685
9410 8847
9411 8568
9412 9262
9413 8188
9414 7741
9415 7702
9416 9028
9417 8366
9418 9007
9419 8570
9420 8530
9421 8213
9422 8634
9423 9322
9424 7794
9425 8351
9426 7840
9427 8537
9428 8888
9429 9038
9430 7799
9431 9309
9432 7919
9433 8175
9434 8591
9435 8836
9436 9287
9437 8356
9438 9326
9439 8038
9440 8997
9441 8094
9442 9428
9443 8261
9444 8351
9445 9060
9446 7819
9447 7758
9448 8892
9449 9034
9450 8221
9451 9169
9452 7670
9453 9234
9454 7826
9455 8047
9456 8757
9457 8782
9458 7771
9459 7868
9460 8324
9461 7796
9462 7914
9463 8430
9464 7771
9465 9186
9466 8284
9467 9263
9468 8891
9469 8240
9470 8604
9471 8273
9472 8270
9473 8192
9474 8795
9475 8378
9476 7956
9477 9097
9478 8783
9479 7880
9480 7775
9481 8451
9482 9396
9483 8083
9484 9388
9485 8909
9486 8865
9487 8979
9488 8858
9489 8803
9490 8875
9491 7939
9492 8865
9493 8584
9494 8449
9495 8348
9496 8094
9497 9030
9498 8413
9499 9490
9500 8033
9501 8577
9502 8720
9503 9354
9504 8868
9505 8899
9506 8685
9507 7992
9508 9171
9509 8251
9510 9133
9511 8201
9512 7738
9513 8453
9514 9251
9515 8483
9516 9136
9517 7804
9518 8586
9519 9314
9520 8295
9521 8229
9522 8079
9523 9389
9524 7681
9525 9449
9526 8069
9527 8546
9528 8349
9529 8415
9530 8744
9531 8258
9532 8236
9533 8895
9534 8960
9535 7682
9536 7874
9537 7920
9538 8011
9539 8094
9540 9274
9541 9403
9542 7712
9543 9077
9544 8120
9545 8653
9546 9497
9547 8840
9548 8599
9549 8417
9550 7963
9551 8348
9552 9381
9553 7948
9554 8880
9555 7726
9556 9363
9557 7735
9558 8993
9559 8062
9560 7753
9561 7833
9562 9375
9563 9491
9564 8959
9565 8123
9566 9293
9567 7755
9568 8863
9569 9173
9570 8411
9571 8306
9572 9050
9573 7687
9574 8448
9575 9290
9576 9224
9577 8138
9578 8518
9579 8016
9580 8576
9581 9043
9582 9061
9583 8710
9584 8894
9585 9044
9586 8450
9587 9354
9588 8507
9589 7827
9590 9199
9591 8158
9592 8656
9593 7697
9594 7766
9595 9336
9596 8854
9597 7987
9598 8437
9599 8849
9600 9136
9601 9420
9602 9395
9603 9253
9604 8482
9605 8178
9606 9448
9607 8541
9608 8859
9609 8436
9610 7766
9611 8421
9612 9163
9613 8635
9614 8520
9615 9017
9616 8839
9617 8910
9618 8354
9619 8676
9620 8549
9621 8636
9622 7912
9623 8693
9624 9339
9625 9558
9626 8849
9627 8060
9628 9502
9629 9145
9630 9459
9631 7676
9632 8172
9633 8629
9634 8006
9635 9634
9636 9635
9637 9636
9638 9637
9639 9638
9640 9639
9641 9640
9642 9641
9643 9642
9644 9643
9645 9644
9646 9645
9647 9646
9648 9647
9649 9648
9650 9649
9651 9650
9652 9651
9653 9652
9654 9653
9655 9654
9656 9655
9657 9656
9658 9657
9659 9658
9660 9659
9661 9660
9662 9661
9663 9662
9664 9663
9665 9664
9666 9665
9667 9666
9668 9667
9669 9668
9670 9669
9671 9670
9672 9671
9673 9672
9674 9673
9675 9674
9676 9675
9677 9676
9678 9677
9679 9678
9680 9679
9681 9680
9682 9681
9683 9682
9684 9683
9685 9684
9686 9685
9687 9686
9688 9687
9689 9688
9690 9689
9691 9690
9692 9691
9693 9692
9694 9693
9695 9694
9696 9695
9697 9696
9698 9697
9699 9698
9700 9699
9701 9700
9702 9701
9703 9702
9704 9703
9705 9704
9706 9705
9707 9706
9708 9707
9709 9708
9710 9709
9711 9710
9712 9711
9713 9712
9714 9713
9715 9714
9716 9715
9717 9716
9718 9717
9719 9718
9720 9719
9721 9720
9722 9721
9723 9722
9724 9723
9725 9724
9726 9725
9727 9726
9728 9727
9729 9728
9730 9729
9731 9730
9732 9731
9733 9732
9734 9733
9735 9734
9736 9735
9737 9736
9738 9737
9739 9738
9740 9739
9741 9740
9742 9741
9743 9742
9744 9743
9745 9744
9746 9745
9747 9746
9748 9747
9749 9748
9750 9749
9751 9750
9752 9751
9753 9752
9754 9753
9755 9754
9756 9755
9757 9756
9758 9757
9759 9758
9760 9759
9761 9760
9762 9761
9763 9762
9764 9763
9765 9764
9766 9765
9767 9766
9768 9767
9769 9768
9770 9769
9771 9770
9772 9771
9773 9772
9774 9773
9775 9774
9776 9775
9777 9776
9778 9777
9779 9778
9780 9779
9781 9780
9782 9781
9783 9782
9784 9783
9785 9784
9786 9785
9787 9786
9788 9787
9789 9788
9790 9789
9791 9790
9792 9791
9793 9792
9794 9793
9795 9794
9796 9795
9797 9796
9798 9797
9799 9798
9800 9799
9801 9800
9802 9801
9803 9802
9804 9803
9805 9804
9806 9805
9807 9806
9808 9807
9809 9808
9810 9809
9811 9810
9812 9811
9813 9812
9814 9813
9815 9814
9816 9815
9817 9816
9818 9817
9819 9818
9820 9819
9821 9820
9822 9821
9823 9822
9824 9823
9825 9824
9826 9825
9827 9826
9828 9827
9829 9828
9830 9829
9831 9830
9832 9831
9833 9832
9834 9833
9835 9834
9836 9835
9837 9836
9838 9837
9839 9838
9840 9839
9841 9840
9842 9841
9843 9842
9844 9843
9845 9844
9846 9845
9847 9846
9848 9847
9849 9848
9850 9849
9851 9850
9852 9851
9853 9852
9854 9853
9855 9854
9856 9855
9857 9856
9858 9857
9859 9858
9860 9859
9861 9860
9862 9861
9863 9862
9864 9863
9865 9864
9866 9865
9867 9866
9868 9867
9869 9868
9870 9869
9871 9870
9872 9871
9873 9872
9874 9873
9875 9874
9876 9875
9877 9876
9878 9877
9879 9878
9880 9879
9881 9880
9882 9881
9883 9882
9884 9883
9885 9884
9886 9885
9887 9886
9888 9887
9889 9888
9890 9889
9891 9890
9892 9891
9893 9892
9894 9893
9895 9894
9896 9895
9897 9896
9898 9897
9899 9898
9900 9899
9901 9900
9902 9901
9903 9902
9904 9903
9905 9904
9906 9905
9907 9906
9908 9907
9909 9908
9910 9909
9911 9910
9912 9911
9913 9912
9914 9913
9915 9914
9916 9915
9917 9916
9918 9917
9919 9918
9920 9919
9921 9920
9922 9921
9923 9922
9924 9923
9925 9924
9926 9925
9927 9926
9928 9927
9929 9928
9930 9929
9931 9930
9932 9931
9933 9932
9934 9933
9935 9934
9936 9935
9937 9936
9938 9937
9939 9938
9940 9939
9941 9940
9942 9941
9943 9942
9944 9943
9945 9944
9946 9945
9947 9946
9948 9947
9949 9948
9950 9949
9951 9950
9952 9951
9953 9952
9954 9953
9955 9954
9956 9955
9957 9956
9958 9957
9959 9958
9960 9959
9961 9960
9962 9961
9963 9962
9964 9963
9965 9964
9966 9965
9967 9966
9968 9967
9969 9968
9970 9969
9971 9970
9972 9971
9973 9972
9974 9973
9975 9974
9976 9975
9977 9976
9978 9977
9979 9978
9980 9979
9981 9980
9982 9981
9983 9982
9984 9983
9985 9984
9986 9985
9987 9986
9988 9987
9989 9988
9990 9989
9991 9990
9992 9991
9993 9992
9994 9993
9995 9994
9996 9995
9997 9996
9998 9997
9999 9998
10000 9999
10000 8006
