1000 1099
2 1
3 2
3 1
4 1
5 4
6 4
7 1
8 6
9 4
10 6
11 8
12 11
13 8
14 8
15 8
16 7
17 16
18 17
19 18
20 19
21 20
21 7
22 11
23 22
24 23
25 24
26 25
27 26
28 27
29 28
30 29
30 11
31 26
32 31
33 10
34 33
34 10
35 12
36 35
36 12
37 25
38 37
39 38
39 25
40 1
41 40
41 1
42 30
43 42
44 43
45 44
45 30
46 17
47 46
48 47
49 17
50 48
51 47
52 50
53 52
54 48
55 16
56 16
57 56
58 57
59 55
60 16
61 16
62 57
63 55
64 26
65 26
66 64
67 65
68 65
69 65
70 26
71 26
72 66
73 67
74 73
75 74
76 75
77 76
77 67
78 62
79 78
80 79
81 80
82 81
83 82
84 83
85 84
85 62
86 45
87 86
88 87
89 88
90 89
91 90
92 91
92 45
93 4
94 93
95 94
96 95
97 96
97 4
98 46
99 98
100 99
101 100
101 46
102 22
103 22
104 22
105 102
106 103
107 94
108 107
109 108
110 109
111 110
112 111
112 94
113 56
114 113
115 114
116 115
117 116
118 117
119 118
119 56
120 110
121 120
122 121
122 110
123 92
124 123
125 124
126 92
127 126
128 43
129 128
130 80
131 130
132 131
133 132
133 80
134 56
135 134
136 63
137 136
138 137
139 138
140 139
141 140
141 63
142 133
143 142
144 143
145 144
146 45
147 146
148 147
149 148
150 149
151 150
152 151
152 45
153 137
154 153
155 137
156 28
157 156
158 157
159 158
160 159
161 160
161 28
162 79
163 162
164 163
165 164
166 165
167 166
168 167
169 168
170 169
170 79
171 94
172 171
173 172
174 173
175 174
175 94
176 172
177 172
178 172
179 172
180 113
181 180
181 113
182 136
183 182
184 183
185 136
186 185
187 184
188 186
189 183
190 186
191 116
192 116
193 192
194 192
195 191
196 195
197 116
198 175
199 175
200 175
201 175
202 175
203 200
204 201
205 198
206 160
207 206
208 160
209 160
210 206
211 206
212 206
213 210
214 165
215 165
216 215
217 214
218 165
219 214
220 215
221 218
222 221
223 80
224 223
225 224
225 80
226 108
227 226
228 227
229 227
230 228
231 229
232 57
233 232
234 233
235 234
236 235
237 236
237 57
238 163
239 238
240 239
241 240
242 241
243 242
244 243
245 244
246 245
246 163
247 211
248 247
249 248
250 249
250 211
251 115
252 251
253 252
254 253
255 254
256 255
257 256
258 257
258 115
259 14
260 14
261 260
262 261
263 262
264 261
265 260
266 259
267 97
268 267
269 268
270 269
271 270
272 271
273 272
273 97
274 67
275 67
276 274
277 67
278 67
279 274
280 6
281 280
282 281
283 282
284 283
285 284
285 6
286 270
287 286
288 287
289 288
290 289
291 290
292 14
293 292
294 293
294 14
295 249
296 295
297 295
298 181
299 298
300 299
301 300
302 301
303 302
304 303
305 304
306 305
306 181
307 78
308 307
309 308
309 78
310 217
311 310
312 311
313 312
314 313
315 314
316 315
317 316
318 317
318 217
319 67
320 319
321 320
322 321
323 322
324 323
325 324
326 325
326 67
327 179
328 327
329 327
330 327
331 329
332 330
333 332
334 331
335 56
336 56
337 335
338 337
339 56
340 337
341 335
342 198
343 342
343 198
344 311
345 344
346 345
347 346
348 347
349 348
350 349
351 350
351 311
352 14
353 352
354 353
355 354
356 355
357 356
357 14
358 22
359 22
360 359
361 360
362 359
363 362
364 16
365 364
366 353
367 366
368 367
369 368
370 369
371 370
372 371
373 372
373 353
374 37
375 374
376 375
377 376
378 377
379 378
380 379
381 380
382 381
382 37
383 123
384 383
385 384
386 385
387 386
388 387
389 388
390 389
390 123
391 390
392 390
393 391
394 264
395 264
396 394
397 264
398 394
399 264
400 397
401 399
402 399
403 54
404 403
405 404
406 405
407 406
407 54
408 278
409 408
410 409
411 410
412 411
413 412
414 413
414 278
415 146
416 415
417 146
418 415
419 146
420 415
421 146
422 420
423 422
424 231
425 231
426 83
427 426
428 427
429 428
430 429
431 430
432 431
432 83
433 314
434 433
435 433
436 431
437 436
438 437
439 438
440 439
440 431
441 79
442 441
443 442
444 443
444 79
445 383
446 383
447 445
448 271
449 448
450 448
451 450
452 271
453 451
454 271
455 453
456 454
457 73
458 457
459 457
460 450
461 460
462 461
463 462
463 450
464 235
465 464
466 465
467 466
468 467
469 468
470 469
470 235
471 204
472 204
473 472
474 204
475 204
476 471
477 475
478 471
479 181
480 479
481 480
481 181
482 154
483 482
484 483
485 484
485 154
486 193
487 486
488 486
489 488
490 486
491 75
492 75
493 492
494 134
495 494
496 134
497 8
498 497
499 8
500 497
501 8
502 498
503 8
504 497
505 499
506 52
507 506
508 507
509 508
510 509
510 52
511 211
512 511
512 211
513 426
514 513
515 514
515 426
516 296
517 516
518 516
519 296
520 518
521 516
522 76
523 522
524 522
525 522
526 525
527 76
528 523
529 523
530 159
531 530
532 530
533 531
534 532
535 533
536 534
537 536
538 474
539 538
540 539
541 540
542 541
543 542
544 543
544 474
545 312
546 545
547 546
548 547
549 548
550 549
551 550
552 551
553 552
553 312
554 15
555 554
556 555
557 556
558 557
559 558
559 15
560 58
561 560
562 561
563 562
564 563
565 564
565 58
566 409
567 566
568 566
569 566
570 409
571 409
572 567
573 566
574 566
575 275
576 575
577 576
578 577
579 578
580 579
581 580
582 581
583 582
583 275
584 186
585 186
586 186
587 585
588 587
589 587
590 186
591 587
592 587
593 480
594 480
595 593
596 595
597 595
598 594
599 595
600 115
601 115
602 600
603 600
604 602
605 15
606 605
607 606
608 607
609 608
610 609
610 15
611 582
612 582
613 582
614 613
615 611
616 582
617 614
618 582
619 563
620 619
620 563
621 464
622 621
623 622
624 622
625 395
626 625
627 626
628 627
629 628
630 629
631 630
632 631
633 632
633 395
634 600
635 634
636 635
637 636
638 637
638 600
639 282
640 639
641 639
642 641
643 88
644 643
645 643
646 645
647 645
648 645
649 645
650 647
651 644
652 480
653 652
654 480
655 652
656 653
657 655
658 653
659 74
660 659
661 659
662 74
663 659
664 74
665 663
666 224
667 224
668 666
669 164
670 669
671 670
672 670
673 670
674 671
675 670
676 83
677 676
677 83
678 199
679 678
680 679
681 680
682 681
683 682
684 683
685 684
686 685
686 199
687 148
688 687
689 688
689 148
690 664
691 690
692 691
693 692
694 693
695 694
696 695
697 696
697 664
698 543
699 698
700 699
701 700
702 699
703 701
704 703
705 703
706 240
707 706
708 707
709 708
710 709
711 710
712 711
713 712
714 713
714 240
715 712
716 715
717 716
718 717
719 718
719 712
720 363
721 720
722 721
723 722
724 723
725 724
726 725
726 363
727 208
728 727
728 208
729 627
730 627
731 636
732 731
733 732
733 636
734 605
735 734
736 735
737 736
738 737
739 738
740 739
741 740
741 605
742 167
743 742
744 743
745 744
746 745
747 746
747 167
748 637
749 748
749 637
750 602
751 750
752 750
753 750
754 751
755 754
756 220
757 756
758 756
759 151
760 759
761 760
762 761
763 762
764 763
764 151
765 330
766 765
767 766
768 767
769 768
769 330
770 490
771 770
772 771
773 772
774 773
775 774
776 775
777 776
777 490
778 268
779 778
780 779
781 780
781 268
782 141
783 782
784 782
785 784
786 141
787 782
788 787
789 736
790 789
791 790
792 736
793 736
794 789
795 791
796 794
797 377
798 797
798 377
799 289
800 799
801 800
802 801
803 802
804 803
804 289
805 339
806 805
807 806
807 339
808 619
809 808
810 809
811 810
812 811
813 812
814 813
814 619
815 512
816 815
817 816
818 817
819 818
820 819
821 820
821 512
822 547
823 822
824 823
824 547
825 64
826 64
827 825
828 827
829 826
830 64
831 64
832 640
833 832
834 833
835 834
836 835
837 836
838 837
838 640
839 508
840 839
841 839
842 841
843 839
844 839
845 841
846 288
847 288
848 846
849 848
850 847
851 339
852 339
853 852
854 853
855 339
856 852
857 501
858 501
859 501
860 858
861 329
862 861
863 862
864 863
865 864
866 865
866 329
867 83
868 867
869 868
870 869
871 870
872 871
873 872
874 873
875 874
875 83
876 244
877 876
878 877
879 876
880 611
881 880
882 881
883 882
884 882
885 413
886 413
887 768
888 768
889 887
890 887
891 889
892 891
893 887
894 725
895 894
896 894
897 127
898 897
899 898
899 127
900 101
901 900
902 901
903 902
904 903
905 904
906 905
907 906
907 101
908 159
909 908
910 908
911 593
912 593
913 593
914 593
915 911
916 914
917 915
918 912
919 593
920 735
921 920
922 921
923 922
924 923
925 924
925 735
926 599
927 926
928 927
929 928
930 929
931 930
932 931
932 599
933 848
934 933
935 934
936 935
937 936
938 937
939 938
939 848
940 834
941 940
942 941
943 942
944 943
945 944
946 945
947 946
947 834
948 497
949 497
950 497
951 497
952 950
953 949
954 950
955 949
956 400
957 956
958 957
958 400
959 694
960 959
961 960
962 961
963 962
964 963
965 964
965 694
966 959
967 966
968 967
969 968
970 969
971 970
971 959
972 673
973 972
974 973
975 974
976 975
977 976
978 977
978 673
979 711
980 979
981 980
982 981
982 711
983 234
984 983
985 984
985 234
986 392
987 986
988 987
988 392
989 756
990 756
991 989
992 991
993 992
994 993
995 990
996 844
997 996
998 996
999 998
1000 996
