10000 10009
2 1
3 2
4 1
5 3
6 3
7 3
8 6
9 8
10 7
11 1
12 2
13 3
14 12
15 5
16 12
17 16
18 4
19 3
20 12
21 20
22 18
23 2
24 22
25 5
26 16
27 14
28 4
29 2
30 24
31 29
32 20
33 25
34 30
35 23
36 5
37 7
38 14
39 33
40 36
41 28
42 28
43 40
44 14
45 16
46 29
47 1
48 16
49 15
50 12
51 33
52 10
53 41
54 31
55 2
56 3
57 43
58 22
59 11
60 38
61 56
62 35
63 52
64 10
65 41
66 57
67 22
68 64
69 34
70 25
71 66
72 55
73 66
74 53
75 52
76 74
77 71
78 64
79 23
80 21
81 64
82 15
83 39
84 43
85 33
86 15
87 79
88 50
89 18
90 10
91 1
92 22
93 64
94 16
95 87
96 10
97 11
98 49
99 56
100 33
101 35
102 6
103 34
104 75
105 99
106 29
107 55
108 79
109 44
110 75
111 103
112 97
113 35
114 17
115 4
116 111
117 19
118 109
119 23
120 114
121 76
122 91
123 97
124 47
125 7
126 26
127 107
128 28
129 95
130 85
131 49
132 77
133 78
134 32
135 93
136 46
137 102
138 73
139 100
140 22
141 120
142 51
143 76
144 83
145 8
146 131
147 122
148 96
149 99
150 111
151 129
152 31
153 72
154 144
155 9
156 142
157 144
158 3
159 6
160 45
161 38
162 89
163 97
164 51
165 135
166 104
167 110
168 81
169 67
170 131
171 48
172 146
173 10
174 141
175 42
176 45
177 32
178 146
179 111
180 37
181 42
182 113
183 129
184 178
185 6
186 12
187 168
188 186
189 15
190 119
191 188
192 1
193 31
194 111
195 33
196 187
197 91
198 23
199 170
200 182
201 10
202 72
203 58
204 150
205 178
206 201
207 197
208 106
209 138
210 32
211 180
212 107
213 114
214 149
215 202
216 195
217 15
218 109
219 57
220 102
221 148
222 30
223 150
224 135
225 138
226 116
227 179
228 163
229 113
230 155
231 169
232 104
233 116
234 178
235 40
236 95
237 217
238 199
239 192
240 21
241 198
242 140
243 202
244 226
245 37
246 121
247 178
248 60
249 66
250 9
251 124
252 118
253 228
254 113
255 16
256 163
257 167
258 18
259 210
260 40
261 25
262 116
263 191
264 31
265 208
266 261
267 260
268 6
269 45
270 164
271 172
272 78
273 149
274 155
275 184
276 41
277 71
278 17
279 73
280 86
281 151
282 226
283 207
284 254
285 233
286 76
287 181
288 132
289 55
290 58
291 11
292 57
293 27
294 82
295 265
296 189
297 118
298 151
299 170
300 257
301 224
302 253
303 236
304 189
305 229
306 260
307 238
308 45
309 266
310 182
311 225
312 100
313 134
314 18
315 61
316 217
317 217
318 316
319 318
320 316
321 320
322 318
323 321
324 319
325 322
326 316
327 322
328 317
329 217
330 318
331 217
332 330
333 323
334 333
335 332
336 326
337 333
338 217
339 336
340 318
341 323
342 338
343 318
344 318
345 317
346 326
347 337
348 326
349 326
350 343
351 340
352 322
353 339
354 330
355 335
356 349
357 324
358 325
359 352
360 329
361 341
362 345
363 217
364 352
365 336
366 364
367 318
368 346
369 350
370 362
371 341
372 335
373 316
374 357
375 328
376 362
377 332
378 350
379 320
380 362
381 350
382 330
383 322
384 329
385 358
386 334
387 332
388 331
389 361
390 329
391 346
392 366
393 339
394 361
395 378
396 358
397 348
398 329
399 360
400 394
401 373
402 387
403 363
404 321
405 327
406 397
407 362
408 320
409 380
410 339
411 352
412 331
413 402
414 335
415 372
416 388
417 365
418 385
419 418
420 397
421 348
422 355
423 348
424 351
425 395
426 336
427 362
428 360
429 394
430 388
431 363
432 397
433 370
434 381
435 417
436 323
437 330
438 357
439 421
440 391
441 358
442 386
443 400
444 331
445 404
446 439
447 359
448 414
449 412
450 337
451 408
452 405
453 443
454 424
455 327
456 366
457 361
458 327
459 458
460 398
461 331
462 326
463 341
464 397
465 415
466 369
467 343
468 456
469 417
470 359
471 351
472 347
473 365
474 334
475 368
476 474
477 324
478 350
479 402
480 442
481 349
482 438
483 383
484 480
485 331
486 443
487 346
488 365
489 413
490 467
491 217
492 343
493 481
494 334
495 472
496 473
497 486
498 414
499 358
500 379
501 475
502 335
503 366
504 463
505 351
506 494
507 481
508 365
509 487
510 443
511 373
512 329
513 443
514 421
515 413
516 509
517 420
518 324
519 465
520 383
521 354
522 436
523 443
524 451
525 512
526 328
527 328
528 319
529 522
530 511
531 357
532 423
533 377
534 395
535 530
536 391
537 508
538 365
539 322
540 322
541 338
542 364
543 384
544 354
545 433
546 406
547 484
548 435
549 480
550 345
551 508
552 394
553 339
554 450
555 316
556 523
557 511
558 469
559 519
560 456
561 402
562 387
563 452
564 343
565 439
566 466
567 505
568 381
569 471
570 483
571 371
572 322
573 411
574 354
575 432
576 393
577 543
578 388
579 363
580 405
581 340
582 326
583 440
584 435
585 316
586 342
587 397
588 443
589 434
590 510
591 511
592 565
593 573
594 394
595 371
596 485
597 415
598 524
599 461
600 580
601 405
602 328
603 340
604 452
605 562
606 400
607 480
608 539
609 591
610 375
611 562
612 556
613 511
614 431
615 348
616 473
617 558
618 331
619 591
620 557
621 608
622 522
623 339
624 514
625 603
626 325
627 410
628 627
629 426
630 374
631 597
632 432
633 380
634 596
635 518
636 575
637 526
638 523
639 444
640 388
641 332
642 523
643 418
644 412
645 336
646 635
647 440
648 542
649 532
650 328
651 608
652 440
653 536
654 442
655 563
656 362
657 654
658 483
659 402
660 652
661 417
662 455
663 645
664 366
665 398
666 535
667 615
668 555
669 656
670 590
671 568
672 539
673 533
674 587
675 666
676 487
677 671
678 475
679 420
680 461
681 424
682 399
683 450
684 665
685 536
686 421
687 667
688 607
689 529
690 674
691 450
692 532
693 438
694 511
695 422
696 412
697 426
698 449
699 601
700 507
701 338
702 318
703 568
704 450
705 702
706 217
707 410
708 612
709 328
710 385
711 565
712 544
713 560
714 347
715 676
716 523
717 582
718 532
719 712
720 488
721 596
722 340
723 330
724 327
725 443
726 380
727 554
728 510
729 651
730 651
731 476
732 465
733 323
734 694
735 377
736 553
737 420
738 395
739 722
740 710
741 735
742 217
743 414
744 581
745 317
746 632
747 663
748 547
749 590
750 689
751 449
752 396
753 434
754 706
755 475
756 716
757 711
758 217
759 475
760 449
761 601
762 681
763 430
764 423
765 503
766 644
767 682
768 413
769 391
770 491
771 435
772 622
773 729
774 380
775 603
776 349
777 389
778 505
779 762
780 548
781 669
782 398
783 430
784 733
785 420
786 736
787 355
788 709
789 465
790 773
791 605
792 566
793 528
794 743
795 593
796 676
797 470
798 516
799 608
800 318
801 391
802 622
803 380
804 326
805 653
806 323
807 604
808 433
809 738
810 642
811 628
812 811
813 812
814 813
815 814
816 815
817 816
818 817
819 818
820 819
821 820
822 821
823 822
824 823
825 824
826 825
827 826
828 827
829 828
830 829
831 830
832 831
833 832
834 833
835 834
836 835
837 836
838 837
839 838
840 839
841 840
842 841
843 842
844 843
845 844
846 845
847 846
848 847
849 848
850 849
851 850
852 851
853 852
854 853
855 854
856 855
857 856
858 857
859 858
860 859
861 860
862 861
863 862
864 863
865 864
866 865
867 866
868 867
869 868
870 869
871 870
872 871
873 872
874 873
875 874
876 875
877 876
878 877
879 878
880 879
881 880
882 881
883 882
884 883
885 884
886 885
887 886
888 887
889 888
890 889
891 890
892 891
893 892
894 893
895 894
896 895
897 896
898 897
899 898
900 899
901 900
902 901
903 902
904 903
905 904
906 905
907 906
908 907
909 908
910 909
911 910
912 911
913 912
914 913
915 914
916 915
917 916
918 917
919 918
920 919
921 920
922 921
923 922
924 923
925 924
926 925
927 926
928 927
929 928
930 929
931 930
932 931
933 932
934 933
935 934
936 935
937 936
938 937
939 938
940 939
941 940
942 941
943 942
944 943
945 944
946 945
947 946
948 947
949 948
950 949
951 950
952 951
953 952
954 953
955 954
956 955
957 956
958 957
959 958
960 959
961 960
962 961
963 962
964 963
965 964
966 965
967 966
968 967
969 968
970 969
971 970
972 971
973 972
974 973
975 974
976 975
977 976
978 977
979 978
980 979
981 980
982 981
983 982
984 983
985 984
986 985
987 986
988 987
989 988
990 989
991 990
992 991
993 992
994 993
995 994
996 995
997 996
998 997
999 998
1000 999
1001 1000
1002 1001
1003 1002
1004 1003
1005 1004
1006 1005
1007 1006
1008 1007
1009 1008
1010 1009
1011 1010
1012 1011
1013 1012
1014 1013
1015 1014
1016 1015
1017 1016
1018 1017
1019 1018
1020 1019
1021 1020
1022 1021
1023 1022
1024 1023
1025 1024
1026 1025
1027 1026
1028 1027
1029 1028
1030 1029
1031 1030
1032 1031
1033 1032
1034 1033
1035 1034
1036 1035
1037 1036
1038 1037
1039 1038
1040 1039
1041 1040
1042 1041
1043 1042
1044 1043
1045 1044
1046 1045
1047 1046
1048 1047
1049 1048
1050 1049
1051 1050
1052 1051
1053 1052
1054 1053
1055 1054
1056 1055
1057 1056
1058 1057
1059 1058
1060 1059
1061 1060
1062 1061
1063 1062
1064 1063
1065 1064
1066 1065
1067 1066
1068 1067
1069 1068
1070 1069
1071 1070
1072 1071
1073 1072
1074 1073
1075 1074
1076 1075
1077 1076
1078 1077
1079 1078
1080 1079
1081 1080
1082 1081
1083 1082
1084 1083
1085 1084
1086 1085
1087 1086
1088 1087
1089 1088
1090 1089
1091 1090
1092 1091
1093 1092
1094 1093
1095 1094
1096 1095
1097 1096
1098 1097
1099 1098
1100 1099
1101 1100
1102 1101
1103 1102
1104 1103
1105 1104
1106 1105
1107 1106
1108 1107
1109 1108
1110 1109
1111 1110
1112 1111
1113 1112
1114 1113
1115 1114
1116 1115
1117 1116
1118 1117
1119 1118
1120 1119
1121 1120
1122 1121
1123 1122
1124 1123
1125 1124
1126 1125
1127 1126
1128 1127
1129 1128
1130 1129
1131 1130
1132 1131
1133 1132
1134 1133
1135 1134
1136 1135
1137 1136
1138 1137
1139 1138
1140 1139
1141 1140
1142 1141
1143 1142
1144 1143
1145 1144
1146 1145
1147 1146
1148 1147
1149 1148
1150 1149
1151 1150
1152 1151
1153 1152
1154 1153
1155 1154
1156 1155
1157 1156
1158 1157
1159 1158
1160 1159
1161 1160
1162 1161
1163 1162
1164 1163
1165 1164
1166 1165
1167 1166
1168 1167
1169 1168
1170 1169
1171 1170
1172 1171
1173 1172
1174 1173
1175 1174
1176 1175
1177 1176
1178 1177
1179 1178
1180 1179
1181 1180
1182 1181
1183 1182
1184 1183
1185 1184
1186 1185
1187 1186
1188 1187
1189 1188
1190 1189
1191 1190
1192 1191
1193 1192
1194 1193
1195 1194
1196 1195
1197 1196
1198 1197
1199 1198
1200 1199
1201 1200
1202 1201
1203 1202
1204 1203
1205 1204
1206 1205
1207 1206
1208 1207
1209 1208
1210 1209
1211 1210
1212 1211
1213 1212
1214 1213
1215 1214
1216 1215
1217 1216
1218 1217
1219 1218
1220 1219
1221 1220
1222 1221
1223 1222
1224 1223
1225 1224
1226 1225
1227 1226
1228 1227
1229 1228
1230 1229
1231 1230
1232 1231
1233 1232
1234 1233
1235 1234
1236 1235
1237 1236
1238 1237
1239 1238
1240 1239
1241 1240
1242 1241
1243 1242
1244 1243
1245 1244
1246 1245
1247 1246
1248 1247
1249 1248
1250 1249
1251 1250
1252 1251
1253 1252
1254 1253
1255 1254
1256 1255
1257 1256
1258 1257
1259 1258
1260 1259
1261 1260
1262 1261
1263 1262
1264 1263
1265 1264
1266 1265
1267 1266
1268 1267
1269 1268
1270 1269
1271 1270
1272 1271
1273 1272
1274 1273
1275 1274
1276 1275
1277 1276
1278 1277
1279 1278
1280 1279
1281 1280
1282 1281
1283 1282
1284 1283
1285 1284
1286 1285
1287 1286
1288 1287
1289 1288
1290 1289
1291 1290
1292 1291
1293 1292
1294 1293
1295 1294
1296 1295
1297 1296
1298 1297
1299 1298
1300 1299
1301 1300
1302 1301
1303 1302
1304 1303
1305 1304
1306 1305
1307 1306
1308 1307
1309 1308
1310 1309
1311 1310
1312 1311
1313 1312
1314 1313
1315 1314
1316 1315
1317 1316
1318 1317
1319 1318
1320 1319
1321 1320
1322 1321
1323 1322
1324 1323
1325 1324
1326 1325
1327 1326
1328 1327
1329 1328
1330 1329
1331 1330
1332 1331
1333 1332
1334 1333
1335 1334
1336 1335
1337 1336
1338 1337
1339 1338
1340 1339
1341 1340
1342 1341
1343 1342
1344 1343
1345 1344
1346 1345
1347 1346
1348 1347
1349 1348
1350 1349
1351 1350
1352 1351
1353 1352
1354 1353
1355 1354
1356 1355
1357 1356
1358 1357
1359 1358
1360 1359
1361 1360
1362 1361
1363 1362
1364 1363
1365 1364
1366 1365
1367 1366
1368 1367
1369 1368
1370 1369
1371 1370
1372 1371
1373 1372
1374 1373
1375 1374
1376 1375
1377 1376
1378 1377
1379 1378
1380 1379
1381 1380
1382 1381
1383 1382
1384 1383
1385 1384
1386 1385
1387 1386
1388 1387
1389 1388
1390 1389
1391 1390
1392 1391
1393 1392
1394 1393
1395 1394
1396 1395
1397 1396
1398 1397
1399 1398
1400 1399
1401 1400
1402 1401
1403 1402
1404 1403
1405 1404
1406 1405
1407 1406
1408 1407
1409 1408
1410 1409
1411 1410
1412 1411
1413 1412
1414 1413
1415 1414
1416 1415
1417 1416
1418 1417
1419 1418
1420 1419
1421 1420
1422 1421
1423 1422
1424 1423
1425 1424
1426 1425
1427 1426
1428 1427
1429 1428
1430 1429
1431 1430
1432 1431
1433 1432
1434 1433
1435 1434
1436 1435
1437 1436
1438 1437
1439 1438
1440 1439
1441 1440
1442 1441
1443 1442
1444 1443
1445 1444
1446 1445
1447 1446
1448 1447
1449 1448
1450 1449
1451 1450
1452 1451
1453 1452
1454 1453
1455 1454
1456 1455
1457 1456
1458 1457
1459 1458
1460 1459
1461 1460
1462 1461
1463 1462
1464 1463
1465 1464
1466 1465
1467 1466
1468 1467
1469 1468
1470 1469
1471 1470
1472 1471
1473 1472
1474 1473
1475 1474
1476 1475
1477 1476
1478 1477
1479 1478
1480 1479
1481 1480
1482 1481
1483 1482
1484 1483
1485 1484
1486 1485
1487 1486
1488 1487
1489 1488
1490 1489
1491 1490
1492 1491
1493 1492
1494 1493
1495 1494
1496 1495
1497 1496
1498 1497
1499 1498
1500 1499
1501 1500
1502 1501
1503 1502
1504 1503
1505 1504
1506 1505
1507 1506
1508 1507
1509 1508
1510 1509
1511 1510
1512 1511
1513 1512
1514 1513
1515 1514
1516 1515
1517 1516
1518 1517
1519 1518
1520 1519
1521 1520
1522 1521
1523 1522
1524 1523
1525 1524
1526 1525
1527 1526
1528 1527
1529 1528
1530 1529
1531 1530
1532 1531
1533 1532
1534 1533
1535 1534
1536 1535
1537 1536
1538 1537
1539 1538
1540 1539
1541 1540
1542 1541
1543 1542
1544 1543
1545 1544
1546 1545
1547 1546
1548 1547
1549 1548
1550 1549
1551 1550
1552 1551
1553 1552
1554 1553
1555 1554
1556 1555
1557 1556
1558 1557
1559 1558
1560 1559
1561 1560
1562 1561
1563 1562
1564 1563
1565 1564
1566 1565
1567 1566
1568 1567
1569 1568
1570 1569
1571 1570
1572 1571
1573 1572
1574 1573
1575 1574
1576 1575
1577 1576
1578 1577
1579 1578
1580 1579
1581 1580
1582 1581
1583 1582
1584 1583
1585 1584
1586 1585
1587 1586
1588 1587
1589 1588
1590 1589
1591 1590
1592 1591
1593 1592
1594 1593
1595 1594
1596 1595
1597 1596
1598 1597
1599 1598
1600 1599
1601 1600
1602 1601
1603 1602
1604 1603
1605 1604
1606 1605
1607 1606
1608 1607
1609 1608
1610 1609
1611 1610
1612 1611
1613 1612
1614 1613
1615 1614
1616 1615
1617 1616
1618 1617
1619 1618
1620 1619
1621 1620
1622 1621
1623 1622
1624 1623
1625 1624
1626 1625
1627 1626
1628 1627
1629 1628
1630 1629
1631 1630
1632 1631
1633 1632
1634 1633
1635 1634
1636 1635
1637 1636
1638 1637
1639 1638
1640 1639
1641 1640
1642 1641
1643 1642
1644 1643
1645 1644
1646 1645
1647 1646
1648 1647
1649 1648
1650 1649
1651 1650
1652 1651
1653 1652
1654 1653
1655 1654
1656 1655
1657 1656
1658 1657
1659 1658
1660 1659
1661 1660
1662 1661
1663 1662
1664 1663
1665 1664
1666 1665
1667 1666
1668 1667
1669 1668
1670 1669
1671 1670
1672 1671
1673 1672
1674 1673
1675 1674
1676 1675
1677 1676
1678 1677
1679 1678
1680 1679
1681 1680
1682 1681
1683 1682
1684 1683
1685 1684
1686 1685
1687 1686
1688 1687
1689 1688
1690 1689
1691 1690
1692 1691
1693 1692
1694 1693
1695 1694
1696 1695
1697 1696
1698 1697
1699 1698
1700 1699
1701 1700
1702 1701
1703 1702
1704 1703
1705 1704
1706 1705
1707 1706
1708 1707
1709 1708
1709 628
1710 1035
1711 1035
1712 1710
1713 1711
1714 1713
1715 1035
1716 1713
1717 1716
1718 1711
1719 1717
1720 1717
1721 1717
1722 1710
1723 1719
1724 1712
1725 1721
1726 1721
1727 1715
1728 1035
1729 1712
1730 1723
1731 1724
1732 1713
1733 1712
1734 1720
1735 1710
1736 1035
1737 1731
1738 1715
1739 1720
1740 1732
1741 1722
1742 1720
1743 1741
1744 1716
1745 1738
1746 1716
1747 1714
1748 1740
1749 1746
1750 1711
1751 1716
1752 1748
1753 1722
1754 1736
1755 1737
1756 1730
1757 1711
1758 1724
1759 1736
1760 1745
1761 1752
1762 1750
1763 1727
1764 1763
1765 1739
1766 1721
1767 1739
1768 1737
1769 1726
1770 1743
1771 1738
1772 1763
1773 1758
1774 1736
1775 1741
1776 1766
1777 1731
1778 1712
1779 1744
1780 1035
1781 1770
1782 1760
1783 1750
1784 1778
1785 1742
1786 1769
1787 1743
1788 1720
1789 1711
1790 1035
1791 1721
1792 1740
1793 1747
1794 1786
1795 1745
1796 1722
1797 1744
1798 1744
1799 1035
1800 1744
1801 1791
1802 1750
1803 1712
1804 1769
1805 1804
1806 1735
1807 1725
1808 1721
1809 1715
1810 1757
1811 1721
1812 1779
1813 1724
1814 1733
1815 1710
1816 1747
1817 1764
1818 1791
1819 1772
1820 1737
1821 1738
1822 1771
1823 1767
1824 1807
1825 1727
1826 1725
1827 1727
1828 1714
1829 1727
1830 1788
1831 1807
1832 1750
1833 1790
1834 1804
1835 1741
1836 1804
1837 1795
1838 1710
1839 1728
1840 1035
1841 1724
1842 1751
1843 1802
1844 1798
1845 1809
1846 1761
1847 1815
1848 1753
1849 1756
1850 1741
1851 1814
1852 1734
1853 1775
1854 1730
1855 1731
1856 1747
1857 1834
1858 1836
1859 1747
1860 1741
1861 1793
1862 1731
1863 1774
1864 1746
1865 1763
1866 1848
1867 1725
1868 1783
1869 1830
1870 1852
1871 1847
1872 1770
1873 1800
1874 1751
1875 1747
1876 1754
1877 1743
1878 1768
1879 1755
1880 1715
1881 1735
1882 1720
1883 1829
1884 1763
1885 1727
1886 1762
1887 1823
1888 1820
1889 1763
1890 1779
1891 1799
1892 1730
1893 1861
1894 1744
1895 1810
1896 1778
1897 1887
1898 1765
1899 1789
1900 1822
1901 1746
1902 1832
1903 1876
1904 1868
1905 1831
1906 1902
1907 1883
1908 1782
1909 1736
1910 1890
1911 1874
1912 1827
1913 1807
1914 1888
1915 1798
1916 1734
1917 1784
1918 1731
1919 1755
1920 1891
1921 1815
1922 1756
1923 1720
1924 1813
1925 1763
1926 1792
1927 1746
1928 1904
1929 1913
1930 1786
1931 1813
1932 1902
1933 1737
1934 1899
1935 1892
1936 1812
1937 1907
1938 1784
1939 1782
1940 1777
1941 1908
1942 1776
1943 1757
1944 1856
1945 1863
1946 1783
1947 1877
1948 1871
1949 1852
1950 1730
1951 1738
1952 1941
1953 1868
1954 1808
1955 1879
1956 1878
1957 1739
1958 1760
1959 1808
1960 1815
1961 1949
1962 1956
1963 1763
1964 1739
1965 1866
1966 1954
1967 1719
1968 1736
1969 1946
1970 1886
1971 1874
1972 1902
1973 1713
1974 1846
1975 1858
1976 1844
1977 1772
1978 1915
1979 1761
1980 1827
1981 1882
1982 1927
1983 1035
1984 1811
1985 1884
1986 1820
1987 1948
1988 1859
1989 1782
1990 1725
1991 1714
1992 1035
1993 1903
1994 1973
1995 1822
1996 1802
1997 1781
1998 1783
1999 1905
2000 1900
2001 1755
2002 1857
2003 1755
2004 1844
2005 1961
2006 1762
2007 1858
2008 1943
2009 1859
2010 1962
2011 1891
2012 1992
2013 1890
2014 1866
2015 1896
2016 1951
2017 1922
2018 1840
2019 1997
2020 1712
2021 2003
2022 1841
2023 1757
2024 1839
2025 1856
2026 1855
2027 1729
2028 1986
2029 1898
2030 1926
2031 1758
2032 2008
2033 1730
2034 1771
2035 2031
2036 2001
2037 1835
2038 1862
2039 1847
2040 2016
2041 1925
2042 1789
2043 1975
2044 1846
2045 2005
2046 1849
2047 1751
2048 1894
2049 1886
2050 2007
2051 1831
2052 1770
2053 1714
2054 1980
2055 2014
2056 1766
2057 1715
2058 1915
2059 2056
2060 1828
2061 1866
2062 2058
2063 1810
2064 2062
2065 1947
2066 2025
2067 2050
2068 1869
2069 1815
2070 2064
2071 2061
2072 1789
2073 1841
2074 1777
2075 1775
2076 2070
2077 1842
2078 1967
2079 2065
2080 1995
2081 1901
2082 1784
2083 1743
2084 2056
2085 1859
2086 1968
2087 1927
2088 1995
2089 1856
2090 1937
2091 1809
2092 1818
2093 1716
2094 2058
2095 1839
2096 1783
2097 1923
2098 1850
2099 1833
2100 1940
2101 2062
2102 2058
2103 1928
2104 1717
2105 1903
2106 1759
2107 1898
2108 2033
2109 1865
2110 1977
2111 2064
2112 1776
2113 1898
2114 2049
2115 1945
2116 1963
2117 1967
2118 2097
2119 1974
2120 1832
2121 2119
2122 2053
2123 2085
2124 1758
2125 1960
2126 1923
2127 2008
2128 1712
2129 2045
2130 1977
2131 1820
2132 1933
2133 1718
2134 1948
2135 1866
2136 2091
2137 1816
2138 1874
2139 2016
2140 1721
2141 1962
2142 2141
2143 1723
2144 1932
2145 2077
2146 1920
2147 1991
2148 1943
2149 1813
2150 1726
2151 1890
2152 2093
2153 1893
2154 2138
2155 2015
2156 1859
2157 2151
2158 2060
2159 1755
2160 1871
2161 1773
2162 2007
2163 1930
2164 2008
2165 1769
2166 1886
2167 1743
2168 1972
2169 1983
2170 2046
2171 1757
2172 2028
2173 1894
2174 2096
2175 1871
2176 1812
2177 1738
2178 2096
2179 1932
2180 2146
2181 1725
2182 1897
2183 1894
2184 2146
2185 1861
2186 2150
2187 1839
2188 1764
2189 1775
2190 1794
2191 1904
2192 1969
2193 1724
2194 1724
2195 2061
2196 2168
2197 2095
2198 1734
2199 1834
2200 1035
2201 2052
2202 1863
2203 2105
2204 1960
2205 1851
2206 1866
2207 1997
2208 1734
2209 1978
2210 1736
2211 1988
2212 1899
2213 1711
2214 2157
2215 1974
2216 2038
2217 1843
2218 2121
2219 2018
2220 2003
2221 1730
2222 1971
2223 1856
2224 1741
2225 2045
2226 915
2227 2226
2228 2226
2229 2228
2230 2228
2231 2230
2232 2226
2233 2228
2234 2230
2235 2230
2236 2229
2237 2232
2238 2230
2239 2236
2240 2235
2241 2231
2242 2237
2243 2234
2244 2228
2245 2229
2246 2230
2247 2244
2248 2228
2249 2244
2250 2246
2251 2242
2252 2228
2253 2236
2254 2247
2255 2240
2256 2233
2257 2251
2258 2242
2259 2231
2260 2248
2261 2255
2262 2227
2263 2250
2264 2252
2265 2247
2266 915
2267 2242
2268 2266
2269 915
2270 2243
2271 2270
2272 2243
2273 2239
2274 2230
2275 2260
2276 2269
2277 2245
2278 2237
2279 2278
2280 2273
2281 2269
2282 2272
2283 2269
2284 2269
2285 2276
2286 2245
2287 2246
2288 915
2289 2250
2290 2249
2291 2288
2292 2290
2293 2269
2294 2234
2295 2258
2296 2267
2297 2279
2298 2237
2299 2285
2300 2258
2301 2255
2302 2239
2303 2290
2304 2257
2305 2292
2306 2254
2307 2291
2308 2253
2309 2286
2310 2263
2311 2300
2312 2229
2313 2283
2314 2232
2315 2305
2316 2250
2317 2231
2318 2254
2319 2264
2320 2313
2321 2309
2322 2291
2323 2254
2324 2236
2325 2256
2326 2313
2327 2266
2328 2282
2329 2266
2330 2296
2331 2305
2332 2313
2333 2289
2334 2237
2335 2242
2336 2273
2337 2261
2338 2269
2339 2233
2340 2258
2341 2259
2342 2229
2343 2328
2344 2289
2345 2269
2346 2274
2347 2291
2348 2247
2349 2292
2350 2331
2351 2268
2352 2290
2353 2300
2354 2321
2355 2284
2356 2273
2357 2263
2358 2269
2359 2306
2360 2241
2361 2259
2362 2358
2363 2285
2364 2348
2365 2275
2366 2286
2367 2299
2368 2323
2369 2322
2370 2245
2371 2289
2372 2235
2373 2336
2374 2287
2375 2349
2376 2369
2377 2291
2378 2301
2379 2275
2380 2366
2381 2320
2382 2379
2383 2263
2384 2230
2385 2351
2386 2321
2387 2310
2388 2311
2389 2251
2390 2229
2391 2297
2392 2332
2393 2271
2394 2362
2395 2291
2396 2281
2397 2386
2398 2235
2399 2340
2400 2276
2401 2315
2402 2306
2403 2381
2404 2356
2405 2274
2406 2381
2407 2306
2408 2283
2409 2310
2410 2386
2411 2355
2412 2261
2413 2280
2414 2345
2415 2250
2416 2259
2417 2271
2418 2243
2419 2261
2420 2267
2421 2386
2422 2338
2423 2232
2424 2234
2425 2272
2426 2268
2427 2314
2428 2248
2429 2356
2430 2297
2431 2245
2432 2401
2433 2385
2434 2233
2435 2388
2436 2306
2437 2236
2438 2226
2439 2327
2440 2254
2441 2380
2442 2389
2443 2422
2444 2355
2445 2433
2446 2439
2447 2417
2448 2265
2449 2315
2450 2281
2451 2299
2452 2294
2453 2334
2454 2244
2455 2431
2456 2226
2457 2444
2458 2403
2459 2417
2460 2441
2461 2459
2462 2269
2463 2314
2464 2381
2465 2371
2466 2229
2467 2289
2468 2356
2469 2462
2470 2451
2471 2318
2472 2329
2473 2424
2474 2470
2475 2453
2476 2348
2477 2350
2478 2435
2479 2289
2480 2453
2481 2227
2482 2233
2483 2352
2484 2406
2485 2230
2486 2227
2487 2261
2488 2315
2489 2262
2490 2444
2491 2322
2492 2404
2493 2438
2494 2426
2495 2278
2496 2253
2497 2465
2498 2279
2499 2392
2500 2406
2501 2288
2502 2331
2503 2422
2504 2358
2505 2439
2506 2308
2507 2308
2508 2442
2509 2267
2510 2361
2511 2442
2512 2458
2513 2327
2514 2365
2515 2268
2516 2484
2517 2466
2518 2441
2519 2295
2520 2480
2521 2427
2522 2473
2523 2463
2524 2367
2525 2418
2526 2463
2527 2297
2528 2284
2529 2428
2530 2427
2531 2391
2532 2425
2533 2354
2534 2391
2535 2444
2536 2435
2537 2290
2538 2385
2539 2426
2540 2465
2541 2529
2542 2269
2543 2482
2544 2443
2545 2488
2546 2263
2547 2231
2548 2315
2549 2479
2550 2254
2551 2523
2552 2334
2553 2549
2554 2496
2555 2246
2556 2471
2557 2249
2558 2431
2559 2483
2560 2314
2561 2514
2562 2523
2563 2239
2564 2321
2565 2465
2566 2369
2567 2554
2568 2249
2569 2354
2570 2248
2571 2399
2572 2338
2573 2419
2574 2470
2575 2539
2576 2482
2577 2516
2578 2309
2579 2559
2580 2537
2581 2264
2582 2511
2583 2307
2584 2496
2585 2491
2586 2230
2587 2432
2588 2327
2589 2529
2590 2411
2591 2296
2592 2389
2593 2357
2594 2404
2595 2323
2596 2536
2597 2456
2598 2557
2599 2528
2600 2288
2601 2486
2602 2230
2603 2415
2604 2282
2605 2533
2606 2340
2607 2485
2608 2484
2609 2477
2610 2596
2611 2353
2612 2486
2613 2329
2614 2524
2615 2427
2616 2427
2617 2453
2618 2405
2619 2254
2620 2562
2621 2525
2622 2435
2623 2292
2624 2349
2625 2309
2626 2407
2627 2537
2628 2383
2629 2327
2630 2592
2631 2239
2632 2311
2633 2606
2634 2412
2635 2619
2636 2284
2637 2595
2638 2449
2639 2388
2640 2227
2641 2275
2642 2459
2643 2503
2644 2461
2645 2330
2646 2468
2647 2266
2648 2614
2649 2555
2650 2638
2651 2354
2652 2548
2653 2310
2654 2320
2655 2479
2656 2479
2657 2464
2658 2567
2659 2297
2660 2247
2661 2547
2662 2414
2663 2304
2664 2235
2665 2539
2666 2255
2667 2414
2668 2292
2669 2258
2670 2285
2671 2275
2672 2513
2673 2452
2674 2274
2675 2627
2676 2372
2677 2308
2678 2491
2679 2527
2680 2551
2681 2494
2682 2534
2683 2557
2684 2609
2685 2471
2686 2390
2687 2270
2688 2600
2689 2600
2690 2540
2691 2572
2692 2498
2693 2250
2694 2468
2695 2659
2696 2403
2697 2508
2698 2279
2699 2426
2700 2247
2701 2376
2702 2404
2703 2528
2704 2350
2705 2690
2706 2265
2707 2310
2708 2602
2709 2346
2710 2494
2711 2250
2712 2265
2713 2381
2714 2355
2715 2430
2716 2342
2717 2715
2718 2528
2719 2629
2720 2520
2721 2316
2722 2404
2723 2278
2724 2532
2725 2458
2726 2347
2727 2558
2728 2557
2729 2233
2730 2320
2731 2691
2732 2615
2733 2375
2734 2594
2735 2269
2736 2653
2737 2412
2738 2669
2739 2707
2740 2441
2741 2628
2742 2591
2743 2618
2744 2690
2745 2480
2746 2401
2747 2645
2748 2296
2749 2317
2750 2718
2751 2711
2752 2627
2753 2572
2754 2346
2755 2672
2756 2239
2757 2583
2758 2233
2759 2656
2760 2543
2761 2514
2762 2589
2763 2632
2764 2254
2765 2435
2766 2385
2767 2251
2768 2305
2769 2675
2770 2351
2771 2348
2772 2386
2773 2242
2774 2760
2775 2532
2776 2572
2777 2575
2778 2771
2779 2660
2780 2234
2781 2718
2782 2542
2783 2257
2784 2602
2785 2584
2786 2562
2787 2285
2788 2700
2789 2523
2790 2652
2791 2260
2792 2376
2793 2431
2794 2531
2795 2476
2796 2486
2797 2290
2798 2445
2799 2661
2800 2639
2801 2485
2802 2358
2803 2494
2804 2570
2805 2785
2806 2411
2807 2648
2808 2564
2809 2547
2810 2536
2811 2662
2812 2629
2813 2360
2814 2795
2815 2533
2816 2748
2817 2241
2818 2348
2819 2234
2820 2239
2821 2464
2822 2423
2823 2688
2824 2495
2825 2737
2826 2276
2827 2493
2828 2549
2829 2246
2830 2439
2831 2313
2832 2421
2833 2772
2834 2697
2835 2523
2836 2683
2837 2244
2838 2739
2839 2478
2840 2635
2841 2411
2842 2806
2843 2677
2844 2681
2845 2574
2846 2653
2847 2797
2848 2344
2849 2774
2850 2773
2851 2850
2852 2474
2853 2541
2854 2590
2855 2668
2856 2548
2857 2519
2858 2634
2859 2377
2860 2638
2861 2706
2862 2758
2863 2565
2864 2655
2865 2543
2866 2792
2867 2537
2868 2702
2869 2347
2870 2590
2871 2292
2872 2291
2873 2495
2874 2554
2875 2339
2876 2373
2877 2792
2878 2840
2879 2584
2880 2380
2881 2711
2882 2335
2883 2280
2884 2419
2885 2682
2886 2837
2887 2343
2888 2352
2889 2281
2890 2648
2891 2475
2892 2868
2893 2566
2894 2600
2895 2584
2896 2821
2897 2790
2898 2700
2899 2842
2900 2226
2901 2670
2902 2415
2903 2757
2904 2522
2905 2439
2906 2624
2907 2810
2908 2472
2909 2574
2910 2586
2911 2895
2912 2540
2913 2549
2914 2702
2915 2473
2916 2720
2917 2395
2918 2405
2919 2415
2920 2880
2921 2712
2922 2773
2923 2902
2924 2691
2925 2715
2926 2725
2927 2511
2928 2830
2929 2842
2930 2324
2931 2412
2932 2749
2933 2514
2934 2510
2935 2318
2936 2837
2937 2348
2938 2710
2939 2492
2940 2304
2941 2549
2942 2305
2943 2466
2944 2674
2945 2862
2946 2833
2947 2299
2948 2468
2949 2873
2950 2595
2951 2259
2952 2343
2953 2403
2954 2707
2955 2951
2956 2276
2957 2792
2958 2399
2959 2554
2960 2665
2961 2634
2962 2906
2963 2555
2964 2593
2965 58
2966 2965
2967 2966
2968 2967
2969 2968
2970 2969
2971 2970
2972 2971
2973 2972
2974 2973
2975 2974
2976 2975
2977 2976
2978 2977
2979 2978
2980 2979
2981 2980
2982 2981
2983 2982
2984 2983
2985 2984
2986 2985
2987 2986
2988 2987
2989 2988
2990 2989
2991 2990
2992 2991
2993 2992
2994 2993
2995 2994
2996 2995
2997 2996
2998 2997
2999 2998
3000 2999
3001 3000
3002 3001
3003 3002
3004 3003
3005 3004
3006 3005
3007 3006
3008 3007
3009 3008
3010 3009
3011 3010
3012 3011
3013 3012
3014 3013
3015 3014
3016 3015
3017 3016
3018 3017
3019 3018
3020 3019
3021 3020
3022 3021
3023 3022
3024 3023
3025 3024
3026 3025
3027 3026
3028 3027
3029 3028
3030 3029
3031 3030
3032 3031
3033 3032
3034 3033
3035 3034
3036 3035
3037 3036
3038 3037
3039 3038
3040 3039
3041 3040
3042 3041
3043 3042
3044 3043
3045 3044
3046 3045
3047 3046
3048 3047
3049 3048
3050 3049
3051 3050
3052 3051
3053 3052
3054 3053
3055 3054
3056 3055
3057 3056
3058 3057
3059 3058
3060 3059
3061 3060
3062 3061
3063 3062
3064 3063
3065 3064
3066 3065
3067 3066
3068 3067
3069 3068
3070 3069
3071 3070
3072 3071
3073 3072
3074 3073
3075 3074
3076 3075
3077 3076
3078 3077
3079 3078
3080 3079
3081 3080
3082 3081
3083 3082
3084 3083
3085 3084
3086 3085
3087 3086
3088 3087
3089 3088
3090 3089
3091 3090
3092 3091
3093 3092
3094 3093
3095 3094
3096 3095
3097 3096
3098 3097
3099 3098
3100 3099
3101 3100
3102 3101
3103 3102
3104 3103
3105 3104
3106 3105
3107 3106
3108 3107
3109 3108
3110 3109
3111 3110
3112 3111
3113 3112
3114 3113
3115 3114
3116 3115
3117 3116
3118 3117
3119 3118
3120 3119
3121 3120
3122 3121
3123 3122
3124 3123
3125 3124
3126 3125
3127 3126
3128 3127
3129 3128
3130 3129
3131 3130
3132 3131
3133 3132
3134 3133
3135 3134
3136 3135
3137 3136
3138 3137
3139 3138
3140 3139
3141 3140
3142 3141
3143 3142
3144 3143
3145 3144
3146 3145
3147 3146
3148 3147
3149 3148
3150 3149
3151 3150
3152 3151
3153 3152
3154 3153
3155 3154
3156 3155
3157 3156
3158 3157
3159 3158
3160 3159
3161 3160
3162 3161
3163 3162
3164 3163
3165 3164
3166 3165
3167 3166
3168 3167
3169 3168
3170 3169
3171 3170
3172 3171
3173 3172
3174 3173
3175 3174
3176 3175
3177 3176
3178 3177
3179 3178
3180 3179
3181 3180
3182 3181
3183 3182
3184 3183
3185 3184
3186 3185
3187 3186
3188 3187
3189 3188
3190 3189
3191 3190
3192 3191
3193 3192
3194 3193
3195 3194
3196 3195
3197 3196
3198 3197
3199 3198
3200 3199
3201 3200
3202 3201
3203 3202
3204 3203
3205 3204
3206 3205
3207 3206
3208 3207
3209 3208
3210 3209
3211 3210
3212 3211
3213 3212
3214 3213
3215 3214
3216 3215
3217 3216
3218 3217
3219 3218
3220 3219
3221 3220
3222 3221
3223 3222
3224 3223
3225 3224
3226 3225
3227 3226
3228 3227
3229 3228
3230 3229
3231 3230
3232 3231
3233 3232
3234 3233
3234 58
3235 109
3236 3235
3237 3236
3238 3236
3239 3238
3240 3235
3241 3240
3242 3235
3243 3235
3244 3238
3245 3238
3246 3243
3247 109
3248 3242
3249 3238
3250 3237
3251 3237
3252 3251
3253 109
3254 3236
3255 3236
3256 3251
3257 3239
3258 3253
3259 3246
3260 3244
3261 3252
3262 3235
3263 109
3264 3252
3265 3256
3266 3244
3267 3252
3268 3254
3269 3253
3270 3253
3271 3264
3272 3253
3273 3246
3274 3250
3275 109
3276 3240
3277 3245
3278 3244
3279 3246
3280 3277
3281 3259
3282 109
3283 3277
3284 3269
3285 3236
3286 3260
3287 3240
3288 3278
3289 3277
3290 3275
3291 3283
3292 3237
3293 3246
3294 3279
3295 3280
3296 3264
3297 3239
3298 3263
3299 3290
3300 3289
3301 3249
3302 3249
3303 3283
3304 3257
3305 3251
3306 3239
3307 3236
3308 3238
3309 3238
3310 3288
3311 3297
3312 3304
3313 3255
3314 3308
3315 3301
3316 3266
3317 3299
3318 3279
3319 3313
3320 3287
3321 3296
3322 3319
3323 3251
3324 3296
3325 3245
3326 3322
3327 3278
3328 3264
3329 3253
3330 3313
3331 3247
3332 3263
3333 3305
3334 3315
3335 3248
3336 3312
3337 3267
3338 3291
3339 3284
3340 3278
3341 3275
3342 3309
3343 3338
3344 3333
3345 3253
3346 3301
3347 3345
3348 3305
3349 3277
3350 3253
3351 3346
3352 3253
3353 3285
3354 3258
3355 3318
3356 3311
3357 109
3358 3246
3359 3236
3360 3254
3361 3260
3362 3297
3363 3240
3364 3325
3365 3258
3366 3239
3367 3342
3368 3297
3369 3366
3370 3308
3371 3321
3372 3295
3373 3282
3374 3297
3375 3350
3376 3340
3377 3286
3378 3372
3379 3376
3380 3344
3381 1380
3382 3381
3383 3382
3384 3383
3385 3384
3386 3385
3387 3386
3388 3387
3389 3388
3390 3389
3391 3390
3392 3391
3393 3392
3394 3393
3395 3394
3396 3395
3397 3396
3398 3397
3399 3398
3400 3399
3401 3400
3402 3401
3403 3402
3404 3403
3405 3404
3406 3405
3407 3406
3408 3407
3409 3408
3410 3409
3411 3410
3412 3411
3413 3412
3414 3413
3415 3414
3416 3415
3417 3416
3418 3417
3419 3418
3420 3419
3421 3420
3422 3421
3423 3422
3424 3423
3425 3424
3426 3425
3427 3426
3428 3427
3429 3428
3430 3429
3431 3430
3432 3431
3433 3432
3434 3433
3435 3434
3436 3435
3437 3436
3438 3437
3439 3438
3440 3439
3441 3440
3442 3441
3443 3442
3444 3443
3445 3444
3446 3445
3447 3446
3448 3447
3449 3448
3450 3449
3451 3450
3452 3451
3453 3452
3454 3453
3455 3454
3456 3455
3457 3456
3458 3457
3459 3458
3460 3459
3461 3460
3462 3461
3463 3462
3464 3463
3465 3464
3466 3465
3467 3466
3468 3467
3469 3468
3470 3469
3471 3470
3472 3471
3473 3472
3474 3473
3475 3474
3476 3475
3477 3476
3478 3477
3479 3478
3480 3479
3481 3480
3482 3481
3483 3482
3484 3483
3485 3484
3486 3485
3487 3486
3488 3487
3489 3488
3490 3489
3491 3490
3492 3491
3493 3492
3494 3493
3495 3494
3496 3495
3497 3496
3498 3497
3499 3498
3500 3499
3501 3500
3502 3501
3503 3502
3504 3503
3505 3504
3506 3505
3507 3506
3508 3507
3509 3508
3510 3509
3511 3510
3512 3511
3513 3512
3514 3513
3515 3514
3516 3515
3517 3516
3518 3517
3519 3518
3520 3519
3521 3520
3522 3521
3523 3522
3524 3523
3525 3524
3526 3525
3527 3526
3528 3527
3529 3528
3530 3529
3531 3530
3532 3531
3533 3532
3534 3533
3535 3534
3536 3535
3537 3536
3538 3537
3539 3538
3540 3539
3541 3540
3542 3541
3543 3542
3544 3543
3545 3544
3546 3545
3547 3546
3548 3547
3549 3548
3550 3549
3551 3550
3552 3551
3553 3552
3554 3553
3555 3554
3556 3555
3557 3556
3558 3557
3559 3558
3560 3559
3561 3560
3562 3561
3563 3562
3564 3563
3565 3564
3566 3565
3567 3566
3568 3567
3569 3568
3570 3569
3571 3570
3572 3571
3573 3572
3574 3573
3575 3574
3576 3575
3577 3576
3578 3577
3579 3578
3580 3579
3581 3580
3582 3581
3583 3582
3584 3583
3585 3584
3586 3585
3587 3586
3588 3587
3589 3588
3590 3589
3591 3590
3592 3591
3593 3592
3594 3593
3595 3594
3596 3595
3597 3596
3598 3597
3599 3598
3600 3599
3601 3600
3602 3601
3603 3602
3604 3603
3605 3604
3606 3605
3607 3606
3608 3607
3609 3608
3610 3609
3611 3610
3612 3611
3613 3612
3614 3613
3615 3614
3616 3615
3617 3616
3618 3617
3619 3618
3620 3619
3621 3620
3622 3621
3623 3622
3624 3623
3625 3624
3626 3625
3627 3626
3628 3627
3629 3628
3630 3629
3631 3630
3632 3631
3633 3632
3634 3633
3635 3634
3636 3635
3637 3636
3638 3637
3639 3638
3640 3639
3641 3640
3642 3641
3643 3642
3644 3643
3645 3644
3646 3645
3647 3646
3648 3647
3649 3648
3650 3649
3651 3650
3652 3651
3653 3652
3654 3653
3655 3654
3656 3655
3657 3656
3658 3657
3659 3658
3660 3659
3661 3660
3662 3661
3663 3662
3664 3663
3665 3664
3666 3665
3667 3666
3668 3667
3669 3668
3670 3669
3671 3670
3672 3671
3673 3672
3674 3673
3675 3674
3676 3675
3677 3676
3678 3677
3679 3678
3680 3679
3681 3680
3682 3681
3683 3682
3684 3683
3685 3684
3686 3685
3687 3686
3688 3687
3689 3688
3690 3689
3691 3690
3692 3691
3693 3692
3694 3693
3695 3694
3696 3695
3697 3696
3698 3697
3699 3698
3700 3699
3701 3700
3702 3701
3703 3702
3704 3703
3705 3704
3706 3705
3707 3706
3708 3707
3709 3708
3710 3709
3711 3710
3712 3711
3713 3712
3714 3713
3715 3714
3716 3715
3717 3716
3718 3717
3719 3718
3720 3719
3721 3720
3722 3721
3723 3722
3724 3723
3725 3724
3726 3725
3727 3726
3728 3727
3729 3728
3730 3729
3731 3730
3732 3731
3733 3732
3734 3733
3735 3734
3736 3735
3737 3736
3738 3737
3739 3738
3740 3739
3741 3740
3742 3741
3743 3742
3744 3743
3745 3744
3746 3745
3747 3746
3748 3747
3749 3748
3750 3749
3751 3750
3752 3751
3753 3752
3754 3753
3755 3754
3756 3755
3757 3756
3758 3757
3759 3758
3760 3759
3761 3760
3762 3761
3763 3762
3764 3763
3765 3764
3766 3765
3767 3766
3768 3767
3769 3768
3770 3769
3771 3770
3772 3771
3773 3772
3774 3773
3775 3774
3776 3775
3777 3776
3778 3777
3779 3778
3780 3779
3781 3780
3782 3781
3783 3782
3784 3783
3785 3784
3786 3785
3787 3786
3788 3787
3789 3788
3790 3789
3791 3790
3792 3791
3793 3792
3794 3793
3795 3794
3796 3795
3797 3796
3798 3797
3799 3798
3800 3799
3801 3800
3802 3801
3803 3802
3804 3803
3805 3804
3806 3805
3807 3806
3808 3807
3809 3808
3810 3809
3811 3810
3812 3811
3813 3812
3814 3813
3815 3814
3816 3815
3817 3816
3818 3817
3819 3818
3820 3819
3821 3820
3822 3821
3823 3822
3824 3823
3825 3824
3826 3825
3827 3826
3828 3827
3829 3828
3830 3829
3831 3830
3832 3831
3833 3832
3834 3833
3835 3834
3836 3835
3837 3836
3838 3837
3839 3838
3840 3839
3841 3840
3842 3841
3843 3842
3844 3843
3845 3844
3846 3845
3847 3846
3848 3847
3849 3848
3850 3849
3851 3850
3852 3851
3853 3852
3854 3853
3855 3854
3856 3855
3857 3856
3858 3857
3859 3858
3860 3859
3861 3860
3862 3861
3863 3862
3864 3863
3865 3864
3866 3865
3867 3866
3868 3867
3869 3868
3870 3869
3871 3870
3872 3871
3873 3872
3874 3873
3875 3874
3876 3875
3877 3876
3878 3877
3879 3878
3880 3879
3881 3880
3882 3881
3883 3882
3884 3883
3885 3884
3886 3885
3887 3886
3888 3887
3889 3888
3890 3889
3891 3890
3892 3891
3893 3892
3894 3893
3895 3894
3896 3895
3897 3896
3898 3897
3899 3898
3900 3899
3901 3900
3902 3901
3903 3902
3904 3903
3905 3904
3906 3905
3907 3906
3908 3907
3909 3908
3910 3909
3911 3910
3912 3911
3913 3912
3914 3913
3915 3914
3916 3915
3917 3916
3918 3917
3919 3918
3920 3919
3921 3920
3922 3921
3923 3922
3924 3923
3925 3924
3926 3925
3927 3926
3928 3927
3929 3928
3930 3929
3931 3930
3932 3931
3933 3932
3934 3933
3935 3934
3936 3935
3937 3936
3938 3937
3939 3938
3940 3939
3941 3940
3942 3941
3943 3942
3944 3943
3945 3944
3946 3945
3947 3946
3948 3947
3949 3948
3950 3949
3951 3950
3952 3951
3953 3952
3954 3953
3955 3954
3956 3955
3957 3956
3958 3957
3959 3958
3960 3959
3961 3960
3962 3961
3963 3962
3964 3963
3965 3964
3966 3965
3967 3966
3968 3967
3969 3968
3970 3969
3971 3970
3972 3971
3973 3972
3974 3973
3975 3974
3976 3975
3977 3976
3978 3977
3979 3978
3980 3979
3981 3980
3982 3981
3983 3982
3984 3983
3985 3984
3986 3985
3987 3986
3988 3987
3989 3988
3990 3989
3991 3990
3992 3991
3993 3992
3994 3993
3995 3994
3996 3995
3996 1380
3997 1683
3998 3997
3999 3998
4000 3999
4001 4000
4002 4001
4003 4002
4004 4003
4005 4004
4006 4005
4007 4006
4008 4007
4009 4008
4010 4009
4011 4010
4012 4011
4013 4012
4014 4013
4015 4014
4016 4015
4017 4016
4018 4017
4019 4018
4020 4019
4021 4020
4022 4021
4023 4022
4024 4023
4025 4024
4026 4025
4027 4026
4028 4027
4029 4028
4030 4029
4031 4030
4032 4031
4033 4032
4034 4033
4035 4034
4036 4035
4037 4036
4038 4037
4039 4038
4040 4039
4041 4040
4042 4041
4043 4042
4044 4043
4045 4044
4046 4045
4047 4046
4048 4047
4049 4048
4050 4049
4051 4050
4052 4051
4053 4052
4054 4053
4055 4054
4056 4055
4057 4056
4058 4057
4059 4058
4060 4059
4061 4060
4062 4061
4063 4062
4064 4063
4065 4064
4066 4065
4067 4066
4068 4067
4069 4068
4070 4069
4071 4070
4072 4071
4073 4072
4074 4073
4075 4074
4076 4075
4077 4076
4078 4077
4079 4078
4080 4079
4081 4080
4082 4081
4083 4082
4084 4083
4085 4084
4086 4085
4087 4086
4088 4087
4089 4088
4090 4089
4091 4090
4092 4091
4093 4092
4094 4093
4095 4094
4096 4095
4097 4096
4098 4097
4099 4098
4100 4099
4101 4100
4102 4101
4103 4102
4104 4103
4105 4104
4106 4105
4107 4106
4108 4107
4109 4108
4110 4109
4111 4110
4112 4111
4113 4112
4114 4113
4115 4114
4116 4115
4117 4116
4118 4117
4119 4118
4120 4119
4121 4120
4122 4121
4123 4122
4124 4123
4125 4124
4126 4125
4127 4126
4128 4127
4129 4128
4130 4129
4131 4130
4132 4131
4133 4132
4134 4133
4135 4134
4136 4135
4137 4136
4138 4137
4139 4138
4140 4139
4141 4140
4142 4141
4143 4142
4144 4143
4145 4144
4146 4145
4147 4146
4148 4147
4149 4148
4150 4149
4151 4150
4152 4151
4153 4152
4154 4153
4155 4154
4156 4155
4157 4156
4158 4157
4159 4158
4160 4159
4161 4160
4162 4161
4163 4162
4164 4163
4165 4164
4166 4165
4167 4166
4168 4167
4169 4168
4170 4169
4171 4170
4172 4171
4173 4172
4174 4173
4175 4174
4176 4175
4177 4176
4178 4177
4179 4178
4180 4179
4181 4180
4182 4181
4183 4182
4184 4183
4185 4184
4186 4185
4187 4186
4188 4187
4189 4188
4190 4189
4191 4190
4192 4191
4193 4192
4194 4193
4195 4194
4196 4195
4197 4196
4198 4197
4199 4198
4200 4199
4201 4200
4202 4201
4203 4202
4204 4203
4205 4204
4206 4205
4207 4206
4208 4207
4209 4208
4210 4209
4211 4210
4212 4211
4213 4212
4214 4213
4215 4214
4216 4215
4217 4216
4218 4217
4219 4218
4220 4219
4221 4220
4222 4221
4223 4222
4224 4223
4225 4224
4226 4225
4227 4226
4228 4227
4229 4228
4230 4229
4231 4230
4232 4231
4233 4232
4234 4233
4235 4234
4236 4235
4237 4236
4238 4237
4239 4238
4240 4239
4241 4240
4242 4241
4243 4242
4244 4243
4245 4244
4246 4245
4247 4246
4248 4247
4249 4248
4250 4249
4251 4250
4252 4251
4253 4252
4254 4253
4255 4254
4256 4255
4257 4256
4258 4257
4259 4258
4260 4259
4261 4260
4262 4261
4263 4262
4264 4263
4265 4264
4266 4265
4267 4266
4268 4267
4269 4268
4270 4269
4271 4270
4272 4271
4273 4272
4274 4273
4275 4274
4276 4275
4277 4276
4278 4277
4279 4278
4280 4279
4281 4280
4282 4281
4283 4282
4284 4283
4285 4284
4286 4285
4287 4286
4288 4287
4289 4288
4290 4289
4291 4290
4292 4291
4293 4292
4294 4293
4295 4294
4296 4295
4297 4296
4298 4297
4299 4298
4300 4299
4301 4300
4302 4301
4303 4302
4304 4303
4305 4304
4306 4305
4307 4306
4308 4307
4309 4308
4310 4309
4311 4310
4312 4311
4313 4312
4314 4313
4315 4314
4316 4315
4317 4316
4318 4317
4319 4318
4320 4319
4321 4320
4322 4321
4323 4322
4324 4323
4325 4324
4326 4325
4327 4326
4328 4327
4329 4328
4330 4329
4331 4330
4332 4331
4333 4332
4334 4333
4335 4334
4336 4335
4337 4336
4338 4337
4339 4338
4340 4339
4341 4340
4342 4341
4343 4342
4344 4343
4345 4344
4346 4345
4347 4346
4348 4347
4349 4348
4350 4349
4351 4350
4352 4351
4353 4352
4354 4353
4355 4354
4356 4355
4357 4356
4358 4357
4359 4358
4360 4359
4361 4360
4362 4361
4363 4362
4364 4363
4365 4364
4366 4365
4367 4366
4368 4367
4369 4368
4370 4369
4371 4370
4372 4371
4373 4372
4374 4373
4375 4374
4376 4375
4377 4376
4378 4377
4379 4378
4380 4379
4381 4380
4382 4381
4383 4382
4384 4383
4385 4384
4386 4385
4387 4386
4388 4387
4389 4388
4390 4389
4391 4390
4392 4391
4393 4392
4394 4393
4395 4394
4396 4395
4397 4396
4398 4397
4399 4398
4400 4399
4401 4400
4402 4401
4403 4402
4404 4403
4405 4404
4406 4405
4407 4406
4408 4407
4409 4408
4410 4409
4411 4410
4412 4411
4413 4412
4414 4413
4415 4414
4416 4415
4417 4416
4418 4417
4419 4418
4420 4419
4421 4420
4422 4421
4423 4422
4424 4423
4425 4424
4426 4425
4427 4426
4428 4427
4429 4428
4430 4429
4431 4430
4432 4431
4433 4432
4434 4433
4435 4434
4436 4435
4437 4436
4438 4437
4439 4438
4440 4439
4441 4440
4442 4441
4443 4442
4444 4443
4445 4444
4446 4445
4447 4446
4448 4447
4449 4448
4450 4449
4451 4450
4452 4451
4453 4452
4454 4453
4455 4454
4456 4455
4457 4456
4458 4457
4459 4458
4460 4459
4461 4460
4462 4461
4463 4462
4464 4463
4465 4464
4466 4465
4467 4466
4468 4467
4469 4468
4470 4469
4471 4470
4472 4471
4473 4472
4474 4473
4475 4474
4476 4475
4477 4476
4478 4477
4479 4478
4480 4479
4481 4480
4482 4481
4483 4482
4484 4483
4485 4484
4486 4485
4487 4486
4488 4487
4489 4488
4490 4489
4491 4490
4492 4491
4493 4492
4494 4493
4495 4494
4496 4495
4497 4496
4498 4497
4499 4498
4500 4499
4501 4500
4502 4501
4503 4502
4504 4503
4505 4504
4506 4505
4507 4506
4508 4507
4509 4508
4510 4509
4511 4510
4512 4511
4513 4512
4514 4513
4515 4514
4516 4515
4517 4516
4518 4517
4519 4518
4520 4519
4521 4520
4522 4521
4523 4522
4524 4523
4525 4524
4526 4525
4527 4526
4528 4527
4529 4528
4530 4529
4531 4530
4532 4531
4533 4532
4534 4533
4535 4534
4536 4535
4537 4536
4538 4537
4539 4538
4540 4539
4541 4540
4542 4541
4543 4542
4544 4543
4545 4544
4546 4545
4547 4546
4548 4547
4549 4548
4550 4549
4551 4550
4552 4551
4553 4552
4554 4553
4555 4554
4556 4555
4557 4556
4558 4557
4559 4558
4560 4559
4561 4560
4562 4561
4563 4562
4564 4563
4565 4564
4566 4565
4567 4566
4568 4567
4569 4568
4570 4569
4571 4570
4572 4571
4573 4572
4574 4573
4575 4574
4576 4575
4577 4576
4578 4577
4579 4578
4580 4579
4581 4580
4582 4581
4583 4582
4584 4583
4585 4584
4586 4585
4587 4586
4588 4587
4589 4588
4590 4589
4591 4590
4592 4591
4593 4592
4594 4593
4595 4594
4596 4595
4597 4596
4598 4597
4599 4598
4600 4599
4601 4600
4602 4601
4603 4602
4604 4603
4605 4604
4606 4605
4607 4606
4608 4607
4609 4608
4610 4609
4611 4610
4612 4611
4613 4612
4614 4613
4615 4614
4616 4615
4617 4616
4618 4617
4619 4618
4620 4619
4621 4620
4622 4621
4623 4622
4624 4623
4625 4624
4626 4625
4627 4626
4628 4627
4629 4628
4630 4629
4631 4630
4632 4631
4633 4632
4634 4633
4635 4634
4636 4635
4637 4636
4638 4637
4639 4638
4640 4639
4641 4640
4642 4641
4643 4642
4644 4643
4645 4644
4646 4645
4647 4646
4648 4647
4649 4648
4650 4649
4651 4650
4652 4651
4653 4652
4654 4653
4655 4654
4656 4655
4657 4656
4658 4657
4659 4658
4660 4659
4661 4660
4662 4661
4663 4662
4664 4663
4665 4664
4666 4665
4667 4666
4668 4667
4669 4668
4670 4669
4671 4670
4672 4671
4673 4672
4674 4673
4675 4674
4676 4675
4677 4676
4678 4677
4679 4678
4680 4679
4681 4680
4682 4681
4683 4682
4684 4683
4685 4684
4686 4685
4687 4686
4688 4687
4689 4688
4690 4689
4691 4690
4692 4691
4693 4692
4694 4693
4695 4694
4696 4695
4697 4696
4698 4697
4699 4698
4700 4699
4701 4700
4702 4701
4703 4702
4704 4703
4705 4704
4706 4705
4707 4706
4708 4707
4709 4708
4710 4709
4711 4710
4712 4711
4713 4712
4714 4713
4715 4714
4716 4715
4717 4716
4718 4717
4719 4718
4720 4719
4721 4720
4722 4721
4723 4722
4724 4723
4725 4724
4726 4725
4727 4726
4728 4727
4729 4728
4730 4729
4731 4730
4732 4731
4733 4732
4734 4733
4735 4734
4736 4735
4737 4736
4738 4737
4739 4738
4740 4739
4741 4740
4742 4741
4743 4742
4744 4743
4745 4744
4746 4745
4747 4746
4748 4747
4749 4748
4750 4749
4751 4750
4752 4751
4753 4752
4754 4753
4755 4754
4756 4755
4757 4756
4758 4757
4759 4758
4760 4759
4761 4760
4762 4761
4763 4762
4764 4763
4765 4764
4766 4765
4767 4766
4768 4767
4769 4768
4770 4769
4771 4770
4772 4771
4773 4772
4774 4773
4775 4774
4776 4775
4777 4776
4778 4777
4779 4778
4780 4779
4781 4780
4782 4781
4783 4782
4784 4783
4785 4784
4786 4785
4787 4786
4788 4787
4789 4788
4790 4789
4791 4790
4792 4791
4793 4792
4794 4793
4795 4794
4796 4795
4797 4796
4798 4797
4799 4798
4800 4799
4801 4800
4802 4801
4803 4802
4804 4803
4805 4804
4806 4805
4807 4806
4808 4807
4809 4808
4810 4809
4811 4810
4812 4811
4813 4812
4814 4813
4815 4814
4816 4815
4817 4816
4818 4817
4819 4818
4820 4819
4821 4820
4822 4821
4823 4822
4823 1683
4824 511
4825 511
4826 4824
4827 4826
4828 4826
4829 4827
4830 4827
4831 4826
4832 4831
4833 4831
4834 4830
4835 511
4836 511
4837 4835
4838 4824
4839 4829
4840 4834
4841 4824
4842 4839
4843 4825
4844 4826
4845 4832
4846 4838
4847 4824
4848 4827
4849 4837
4850 4842
4851 4833
4852 4844
4853 4836
4854 4832
4855 4830
4856 4838
4857 4856
4858 4841
4859 511
4860 4824
4861 4828
4862 4829
4863 4854
4864 4848
4865 4840
4866 4841
4867 4836
4868 4841
4869 4827
4870 4835
4871 4827
4872 4871
4873 4869
4874 4837
4875 4866
4876 4870
4877 4845
4878 4872
4879 4836
4880 4827
4881 4852
4882 4833
4883 4841
4884 4873
4885 4851
4886 4831
4887 4844
4888 4875
4889 4866
4890 4867
4891 4859
4892 4857
4893 4833
4894 4861
4895 4867
4896 4884
4897 4880
4898 4853
4899 4881
4900 4850
4901 4884
4902 4827
4903 4889
4904 4824
4905 4847
4906 4890
4907 4899
4908 4829
4909 4903
4910 4888
4911 4905
4912 4876
4913 4900
4914 4831
4915 4879
4916 4911
4917 4914
4918 4889
4919 4907
4920 4844
4921 4873
4922 4915
4923 4881
4924 4884
4925 4877
4926 4846
4927 4855
4928 4927
4929 4913
4930 4879
4931 4910
4932 4894
4933 4911
4934 4882
4935 4920
4936 4845
4937 4868
4938 4836
4939 4872
4940 4847
4941 4867
4942 4940
4943 4894
4944 4884
4945 4938
4946 4833
4947 4892
4948 4890
4949 4903
4950 4896
4951 4826
4952 4851
4953 4840
4954 4925
4955 4846
4956 4937
4957 4949
4958 4915
4959 4844
4960 4854
4961 4828
4962 4936
4963 4936
4964 4880
4965 4828
4966 4915
4967 4855
4968 4917
4969 4877
4970 4847
4971 4830
4972 4963
4973 4881
4974 4845
4975 4891
4976 4912
4977 4892
4978 4854
4979 4978
4980 4865
4981 4918
4982 4904
4983 4857
4984 4869
4985 4975
4986 4882
4987 4960
4988 4862
4989 4844
4990 4947
4991 4954
4992 4929
4993 4976
4994 4989
4995 4853
4996 4969
4997 4947
4998 4879
4999 4998
5000 4881
5001 4899
5002 4842
5003 4900
5004 5001
5005 4907
5006 4840
5007 4960
5008 5006
5009 4855
5010 4935
5011 511
5012 4985
5013 4839
5014 4860
5015 5000
5016 4865
5017 4869
5018 4833
5019 4878
5020 4966
5021 4976
5022 4922
5023 5007
5024 4930
5025 4905
5026 4995
5027 4867
5028 4956
5029 4969
5030 4938
5031 4886
5032 4896
5033 4824
5034 4855
5035 4914
5036 4916
5037 4840
5038 5026
5039 4966
5040 4919
5041 4853
5042 4891
5043 5014
5044 4884
5045 4907
5046 4850
5047 4968
5048 4880
5049 5041
5050 4885
5051 4884
5052 5029
5053 4985
5054 4843
5055 4965
5056 4922
5057 4961
5058 4833
5059 5022
5060 4888
5061 5025
5062 4895
5063 5014
5064 5032
5065 5030
5066 4925
5067 5064
5068 5036
5069 4933
5070 4964
5071 4908
5072 4927
5073 4842
5074 4950
5075 4980
5076 4903
5077 4933
5078 4988
5079 4856
5080 5005
5081 5057
5082 4967
5083 4994
5084 4910
5085 4906
5086 4871
5087 4955
5088 5069
5089 5082
5090 4859
5091 4908
5092 4948
5093 4973
5094 4888
5095 5030
5096 4871
5097 4846
5098 5050
5099 4875
5100 4858
5101 4988
5102 5081
5103 5098
5104 4960
5105 5100
5106 4837
5107 4855
5108 4840
5109 4994
5110 4991
5111 5016
5112 4856
5113 5053
5114 4965
5115 4877
5116 5074
5117 4851
5118 5069
5119 4833
5120 4826
5121 4880
5122 5117
5123 4983
5124 4885
5125 4891
5126 4864
5127 5062
5128 4900
5129 5109
5130 5080
5131 4881
5132 4854
5133 4882
5134 4991
5135 4944
5136 4913
5137 5107
5138 4186
5139 5138
5140 5139
5141 5140
5142 5141
5143 5142
5144 5143
5145 5144
5146 5145
5147 5146
5148 5147
5149 5148
5150 5149
5151 5150
5152 5151
5153 5152
5154 5153
5155 5154
5156 5155
5157 5156
5158 5157
5159 5158
5160 5159
5161 5160
5162 5161
5163 5162
5164 5163
5165 5164
5166 5165
5167 5166
5168 5167
5169 5168
5170 5169
5171 5170
5172 5171
5173 5172
5174 5173
5175 5174
5176 5175
5177 5176
5178 5177
5179 5178
5180 5179
5181 5180
5182 5181
5183 5182
5184 5183
5185 5184
5186 5185
5187 5186
5188 5187
5189 5188
5190 5189
5191 5190
5192 5191
5193 5192
5194 5193
5195 5194
5196 5195
5197 5196
5198 5197
5199 5198
5200 5199
5201 5200
5202 5201
5203 5202
5204 5203
5205 5204
5206 5205
5207 5206
5208 5207
5209 5208
5210 5209
5211 5210
5212 5211
5213 5212
5214 5213
5215 5214
5216 5215
5217 5216
5218 5217
5219 5218
5220 5219
5221 5220
5222 5221
5223 5222
5224 5223
5225 5224
5226 5225
5227 5226
5228 5227
5229 5228
5230 5229
5231 5230
5232 5231
5233 5232
5234 5233
5235 5234
5236 5235
5237 5236
5238 5237
5239 5238
5240 5239
5241 5240
5242 5241
5243 5242
5244 5243
5245 5244
5246 5245
5247 5246
5248 5247
5249 5248
5250 5249
5251 5250
5252 5251
5253 5252
5254 5253
5255 5254
5256 5255
5257 5256
5258 5257
5259 5258
5260 5259
5261 5260
5262 5261
5263 5262
5264 5263
5265 5264
5266 5265
5267 5266
5268 5267
5269 5268
5270 5269
5271 5270
5272 5271
5273 5272
5274 5273
5275 5274
5276 5275
5277 5276
5278 5277
5279 5278
5280 5279
5281 5280
5282 5281
5283 5282
5284 5283
5285 5284
5286 5285
5287 5286
5288 5287
5289 5288
5290 5289
5291 5290
5292 5291
5293 5292
5294 5293
5295 5294
5296 5295
5297 5296
5298 5297
5299 5298
5300 5299
5301 5300
5302 5301
5303 5302
5304 5303
5305 5304
5306 5305
5307 5306
5308 5307
5309 5308
5310 5309
5311 5310
5312 5311
5313 5312
5314 5313
5315 5314
5316 5315
5317 5316
5318 5317
5319 5318
5320 5319
5321 5320
5322 5321
5323 5322
5324 5323
5325 5324
5326 5325
5327 5326
5328 5327
5329 5328
5330 5329
5331 5330
5332 5331
5333 5332
5334 5333
5335 5334
5336 5335
5337 5336
5338 5337
5339 5338
5340 5339
5341 5340
5342 5341
5343 5342
5344 5343
5345 5344
5346 5345
5347 5346
5348 5347
5349 5348
5350 5349
5351 5350
5352 5351
5353 5352
5354 5353
5355 5354
5356 5355
5357 5356
5358 5357
5359 5358
5360 5359
5361 5360
5362 5361
5363 5362
5364 5363
5365 5364
5366 5365
5367 5366
5368 5367
5369 5368
5370 5369
5371 5370
5372 5371
5373 5372
5374 5373
5375 5374
5376 5375
5377 5376
5378 5377
5379 5378
5380 5379
5381 5380
5382 5381
5383 5382
5384 5383
5385 5384
5386 5385
5387 5386
5388 5387
5389 5388
5390 5389
5391 5390
5392 5391
5393 5392
5394 5393
5395 5394
5396 5395
5397 5396
5398 5397
5399 5398
5400 5399
5401 5400
5402 5401
5403 5402
5404 5403
5405 5404
5406 5405
5407 5406
5408 5407
5409 5408
5410 5409
5411 5410
5412 5411
5413 5412
5414 5413
5415 5414
5416 5415
5417 5416
5418 5417
5419 5418
5420 5419
5421 5420
5422 5421
5423 5422
5424 5423
5425 5424
5426 5425
5427 5426
5428 5427
5429 5428
5430 5429
5431 5430
5432 5431
5433 5432
5434 5433
5435 5434
5436 5435
5437 5436
5438 5437
5439 5438
5440 5439
5441 5440
5442 5441
5443 5442
5444 5443
5445 5444
5446 5445
5447 5446
5448 5447
5449 5448
5450 5449
5451 5450
5452 5451
5453 5452
5454 5453
5455 5454
5456 5455
5457 5456
5458 5457
5459 5458
5460 5459
5461 5460
5462 5461
5463 5462
5464 5463
5465 5464
5466 5465
5467 5466
5468 5467
5469 5468
5470 5469
5471 5470
5472 5471
5473 5472
5474 5473
5475 5474
5476 5475
5477 5476
5478 5477
5479 5478
5480 5479
5481 5480
5482 5481
5483 5482
5484 5483
5485 5484
5486 5485
5487 5486
5488 5487
5489 5488
5490 5489
5491 5490
5492 5491
5493 5492
5494 5493
5495 5494
5496 5495
5497 5496
5498 5497
5499 5498
5500 5499
5501 5500
5502 5501
5503 5502
5504 5503
5505 5504
5506 5505
5507 5506
5508 5507
5509 5508
5510 5509
5511 5510
5512 5511
5513 5512
5514 5513
5515 5514
5516 5515
5517 5516
5518 5517
5519 5518
5520 5519
5521 5520
5522 5521
5523 5522
5524 5523
5525 5524
5526 5525
5527 5526
5528 5527
5529 5528
5530 5529
5531 5530
5532 5531
5533 5532
5534 5533
5535 5534
5536 5535
5537 5536
5538 5537
5539 5538
5540 5539
5541 5540
5542 5541
5543 5542
5544 5543
5545 5544
5546 5545
5547 5546
5548 5547
5549 5548
5550 5549
5551 5550
5552 5551
5553 5552
5554 5553
5555 5554
5556 5555
5557 5556
5558 5557
5559 5558
5560 5559
5561 5560
5562 5561
5563 5562
5564 5563
5565 5564
5566 5565
5567 5566
5568 5567
5569 5568
5570 5569
5571 5570
5572 5571
5573 5572
5574 5573
5575 5574
5576 5575
5577 5576
5578 5577
5579 5578
5580 5579
5581 5580
5582 5581
5583 5582
5584 5583
5585 5584
5586 5585
5587 5586
5588 5587
5589 5588
5590 5589
5591 5590
5592 5591
5593 5592
5594 5593
5595 5594
5596 5595
5597 5596
5598 5597
5599 5598
5600 5599
5601 5600
5602 5601
5603 5602
5604 5603
5605 5604
5606 5605
5607 5606
5608 5607
5609 5608
5610 5609
5611 5610
5612 5611
5613 5612
5614 5613
5615 5614
5616 5615
5617 5616
5618 5617
5619 5618
5620 5619
5621 5620
5622 5621
5623 5622
5624 5623
5625 5624
5626 5625
5627 5626
5628 5627
5629 5628
5630 5629
5631 5630
5632 5631
5633 5632
5634 5633
5635 5634
5636 5635
5637 5636
5638 5637
5639 5638
5640 5639
5641 5640
5642 5641
5643 5642
5644 5643
5645 5644
5646 5645
5647 5646
5648 5647
5649 5648
5650 5649
5651 5650
5652 5651
5653 5652
5654 5653
5655 5654
5656 5655
5657 5656
5658 5657
5659 5658
5660 5659
5661 5660
5662 5661
5663 5662
5664 5663
5665 5664
5666 5665
5667 5666
5668 5667
5669 5668
5670 5669
5671 5670
5672 5671
5673 5672
5674 5673
5675 5674
5676 5675
5677 5676
5678 5677
5679 5678
5680 5679
5681 5680
5682 5681
5683 5682
5684 5683
5685 5684
5686 5685
5687 5686
5688 5687
5689 5688
5690 5689
5691 5690
5692 5691
5693 5692
5694 5693
5695 5694
5696 5695
5697 5696
5698 5697
5699 5698
5700 5699
5701 5700
5702 5701
5703 5702
5704 5703
5705 5704
5706 5705
5707 5706
5708 5707
5709 5708
5709 4186
5710 2911
5711 5710
5712 5711
5713 5712
5714 5713
5715 5714
5716 5715
5717 5716
5718 5717
5719 5718
5720 5719
5721 5720
5722 5721
5723 5722
5724 5723
5725 5724
5726 5725
5727 5726
5728 5727
5729 5728
5730 5729
5731 5730
5732 5731
5733 5732
5734 5733
5735 5734
5736 5735
5737 5736
5738 5737
5739 5738
5740 5739
5741 5740
5742 5741
5743 5742
5744 5743
5745 5744
5746 5745
5747 5746
5748 5747
5749 5748
5750 5749
5751 5750
5752 5751
5753 5752
5754 5753
5755 5754
5756 5755
5757 5756
5758 5757
5759 5758
5760 5759
5761 5760
5762 5761
5763 5762
5764 5763
5765 5764
5766 5765
5767 5766
5768 5767
5769 5768
5770 5769
5771 5770
5772 5771
5773 5772
5774 5773
5775 5774
5776 5775
5777 5776
5778 5777
5779 5778
5780 5779
5781 5780
5782 5781
5783 5782
5784 5783
5785 5784
5786 5785
5787 5786
5788 5787
5789 5788
5790 5789
5791 5790
5792 5791
5793 5792
5794 5793
5795 5794
5796 5795
5797 5796
5798 5797
5799 5798
5800 5799
5801 5800
5802 5801
5803 5802
5804 5803
5805 5804
5806 5805
5807 5806
5808 5807
5809 5808
5810 5809
5811 5810
5812 5811
5813 5812
5814 5813
5815 5814
5816 5815
5817 5816
5818 5817
5819 5818
5820 5819
5821 5820
5822 5821
5823 5822
5824 5823
5825 5824
5826 5825
5827 5826
5828 5827
5829 5828
5830 5829
5831 5830
5832 5831
5833 5832
5834 5833
5835 5834
5836 5835
5837 5836
5838 5837
5839 5838
5840 5839
5841 5840
5842 5841
5843 5842
5844 5843
5845 5844
5846 5845
5847 5846
5848 5847
5849 5848
5850 5849
5851 5850
5852 5851
5853 5852
5854 5853
5855 5854
5856 5855
5857 5856
5858 5857
5859 5858
5860 5859
5861 5860
5862 5861
5863 5862
5864 5863
5865 5864
5866 5865
5867 5866
5868 5867
5869 5868
5870 5869
5871 5870
5872 5871
5873 5872
5874 5873
5875 5874
5876 5875
5877 5876
5878 5877
5879 5878
5880 5879
5881 5880
5882 5881
5883 5882
5884 5883
5885 5884
5886 5885
5887 5886
5888 5887
5889 5888
5890 5889
5891 5890
5892 5891
5893 5892
5894 5893
5895 5894
5896 5895
5897 5896
5898 5897
5899 5898
5900 5899
5901 5900
5902 5901
5903 5902
5904 5903
5905 5904
5906 5905
5907 5906
5908 5907
5909 5908
5910 5909
5911 5910
5912 5911
5913 5912
5914 5913
5915 5914
5916 5915
5917 5916
5918 5917
5919 5918
5920 5919
5921 5920
5922 5921
5923 5922
5924 5923
5925 5924
5926 5925
5927 5926
5928 5927
5929 5928
5930 5929
5931 5930
5932 5931
5933 5932
5934 5933
5935 5934
5936 5935
5937 5936
5938 5937
5939 5938
5940 5939
5941 5940
5942 5941
5943 5942
5944 5943
5945 5944
5946 5945
5947 5946
5948 5947
5949 5948
5950 5949
5951 5950
5952 5951
5953 5952
5954 5953
5955 5954
5956 5955
5957 5956
5958 5957
5959 5958
5960 5959
5961 5960
5962 5961
5963 5962
5964 5963
5965 5964
5966 5965
5967 5966
5968 5967
5969 5968
5970 5969
5971 5970
5972 5971
5973 5972
5974 5973
5975 5974
5976 5975
5977 5976
5978 5977
5979 5978
5980 5979
5981 5980
5982 5981
5983 5982
5984 5983
5985 5984
5986 5985
5987 5986
5988 5987
5989 5988
5990 5989
5991 5990
5992 5991
5993 5992
5994 5993
5995 5994
5996 5995
5997 5996
5998 5997
5999 5998
6000 5999
6001 6000
6002 6001
6003 6002
6004 6003
6005 6004
6006 6005
6007 6006
6008 6007
6009 6008
6010 6009
6011 6010
6012 6011
6013 6012
6014 6013
6015 6014
6016 6015
6017 6016
6018 6017
6019 6018
6020 6019
6021 6020
6022 6021
6023 6022
6024 6023
6024 2911
6025 5212
6026 6025
6027 6026
6028 6027
6029 6028
6030 6029
6031 6030
6032 6031
6033 6032
6034 6033
6035 6034
6036 6035
6037 6036
6038 6037
6039 6038
6040 6039
6041 6040
6042 6041
6043 6042
6044 6043
6045 6044
6046 6045
6047 6046
6048 6047
6049 6048
6050 6049
6051 6050
6052 6051
6053 6052
6054 6053
6055 6054
6056 6055
6057 6056
6058 6057
6059 6058
6060 6059
6061 6060
6062 6061
6063 6062
6064 6063
6065 6064
6066 6065
6067 6066
6068 6067
6069 6068
6070 6069
6071 6070
6072 6071
6073 6072
6074 6073
6075 6074
6076 6075
6077 6076
6078 6077
6079 6078
6080 6079
6081 6080
6082 6081
6083 6082
6084 6083
6085 6084
6086 6085
6087 6086
6088 6087
6089 6088
6090 6089
6091 6090
6092 6091
6093 6092
6094 6093
6095 6094
6096 6095
6097 6096
6098 6097
6099 6098
6100 6099
6101 6100
6102 6101
6103 6102
6104 6103
6105 6104
6106 6105
6107 6106
6108 6107
6109 6108
6110 6109
6111 6110
6112 6111
6113 6112
6114 6113
6115 6114
6116 6115
6117 6116
6118 6117
6119 6118
6120 6119
6121 6120
6122 6121
6123 6122
6124 6123
6125 6124
6126 6125
6127 6126
6128 6127
6129 6128
6130 6129
6131 6130
6132 6131
6133 6132
6134 6133
6135 6134
6136 6135
6137 6136
6138 6137
6139 6138
6140 6139
6141 6140
6142 6141
6143 6142
6144 6143
6145 6144
6146 6145
6147 6146
6148 6147
6149 6148
6150 6149
6151 6150
6152 6151
6153 6152
6154 6153
6155 6154
6156 6155
6157 6156
6158 6157
6159 6158
6160 6159
6161 6160
6162 6161
6163 6162
6164 6163
6165 6164
6166 6165
6167 6166
6168 6167
6169 6168
6170 6169
6171 6170
6172 6171
6173 6172
6174 6173
6175 6174
6176 6175
6177 6176
6178 6177
6179 6178
6180 6179
6181 6180
6182 6181
6183 6182
6184 6183
6185 6184
6185 5212
6186 3283
6187 6186
6188 3283
6189 6186
6190 6187
6191 6190
6192 6186
6193 6189
6194 6191
6195 6191
6196 6191
6197 6189
6198 6190
6199 6186
6200 6193
6201 6192
6202 6191
6203 3283
6204 6191
6205 6201
6206 6194
6207 6194
6208 6197
6209 6187
6210 6188
6211 6187
6212 6192
6213 6207
6214 6188
6215 6205
6216 6196
6217 6193
6218 6201
6219 3283
6220 6204
6221 6198
6222 6209
6223 6203
6224 6216
6225 6209
6226 6199
6227 6204
6228 6207
6229 6205
6230 6226
6231 6229
6232 6209
6233 6189
6234 6193
6235 6221
6236 6209
6237 6196
6238 6236
6239 6194
6240 6189
6241 6189
6242 3283
6243 6214
6244 6227
6245 6213
6246 6243
6247 6240
6248 6233
6249 6204
6250 6234
6251 6226
6252 6192
6253 6215
6254 6216
6255 6243
6256 6201
6257 6209
6258 6194
6259 6217
6260 6200
6261 6197
6262 6237
6263 6191
6264 6198
6265 6246
6266 6247
6267 6260
6268 6230
6269 6192
6270 6190
6271 6247
6272 6237
6273 6252
6274 6211
6275 6215
6276 6197
6277 6191
6278 6257
6279 6207
6280 6193
6281 6227
6282 6217
6283 6209
6284 6277
6285 6241
6286 6275
6287 6278
6288 6199
6289 6197
6290 6223
6291 6192
6292 6233
6293 6186
6294 6257
6295 6248
6296 6253
6297 6283
6298 6233
6299 6252
6300 6268
6301 6207
6302 6210
6303 6203
6304 6196
6305 6302
6306 6271
6307 6192
6308 6241
6309 6218
6310 6269
6311 6219
6312 6255
6313 6295
6314 6242
6315 6308
6316 6225
6317 6302
6318 6273
6319 6304
6320 6273
6321 6222
6322 6238
6323 6308
6324 6247
6325 6206
6326 6213
6327 6304
6328 6226
6329 6205
6330 6263
6331 6311
6332 6232
6333 6187
6334 6311
6335 6203
6336 6233
6337 6205
6338 6235
6339 6210
6340 6289
6341 6308
6342 6236
6343 6311
6344 6190
6345 6342
6346 6248
6347 6262
6348 6238
6349 6336
6350 6342
6351 6312
6352 6350
6353 6283
6354 6310
6355 6351
6356 6206
6357 6355
6358 6284
6359 6251
6360 6248
6361 6331
6362 6330
6363 6243
6364 6186
6365 6231
6366 6269
6367 6331
6368 6304
6369 6280
6370 6329
6371 6299
6372 6261
6373 6223
6374 6369
6375 6234
6376 6261
6377 6370
6378 6211
6379 6294
6380 6210
6381 6374
6382 6226
6383 6305
6384 6345
6385 6196
6386 6348
6387 6273
6388 6320
6389 6316
6390 6316
6391 6325
6392 6203
6393 6357
6394 6305
6395 6187
6396 6230
6397 6243
6398 6187
6399 6352
6400 6310
6401 6223
6402 6373
6403 6391
6404 6315
6405 6306
6406 6283
6407 6400
6408 6386
6409 6379
6410 6261
6411 6266
6412 6234
6413 6260
6414 6300
6415 6323
6416 6298
6417 6345
6418 6341
6419 6236
6420 6385
6421 6254
6422 6343
6423 6212
6424 6313
6425 6235
6426 6263
6427 6217
6428 6241
6429 6399
6430 6304
6431 6223
6432 6284
6433 6242
6434 6288
6435 6242
6436 6320
6437 6242
6438 6215
6439 6229
6440 6377
6441 6239
6442 6313
6443 6344
6444 6407
6445 6443
6446 6376
6447 6332
6448 6301
6449 6219
6450 6443
6451 6244
6452 6432
6453 6447
6454 6444
6455 6301
6456 6381
6457 6270
6458 6232
6459 6342
6460 6381
6461 6192
6462 6214
6463 6460
6464 6268
6465 6258
6466 6328
6467 6190
6468 6264
6469 6186
6470 6338
6471 6368
6472 6468
6473 6400
6474 6464
6475 6193
6476 6269
6477 6250
6478 6450
6479 6436
6480 6444
6481 6464
6482 6207
6483 6375
6484 6372
6485 6221
6486 6437
6487 6380
6488 6477
6489 6333
6490 6374
6491 6287
6492 6445
6493 6281
6494 6288
6495 6247
6496 6449
6497 6374
6498 6402
6499 6357
6500 6364
6501 6450
6502 6330
6503 6448
6504 6264
6505 6477
6506 6433
6507 6332
6508 6270
6509 6485
6510 6300
6511 6373
6512 6475
6513 6323
6514 6387
6515 6192
6516 6346
6517 6311
6518 6434
6519 6248
6520 6362
6521 6328
6522 6478
6523 6458
6524 6356
6525 6514
6526 6264
6527 6483
6528 6525
6529 6278
6530 6431
6531 6366
6532 6360
6533 6230
6534 6356
6535 6473
6536 6474
6537 6246
6538 6208
6539 6315
6540 6259
6541 6216
6542 6464
6543 6327
6544 6431
6545 6505
6546 6457
6547 6247
6548 6460
6549 6526
6550 6522
6551 6237
6552 6203
6553 6511
6554 6296
6555 6439
6556 6550
6557 6539
6558 6548
6559 6333
6560 6196
6561 6267
6562 6377
6563 6448
6564 6488
6565 6226
6566 6457
6567 6425
6568 6557
6569 6252
6570 6287
6571 6429
6572 6228
6573 6552
6574 6425
6575 6509
6576 6520
6577 6403
6578 6502
6579 6382
6580 6241
6581 6520
6582 6542
6583 6203
6584 6476
6585 6211
6586 6228
6587 6316
6588 6285
6589 6229
6590 6480
6591 3283
6592 6338
6593 6339
6594 6418
6595 6343
6596 6320
6597 6519
6598 6256
6599 6411
6600 6331
6601 6461
6602 6408
6603 6418
6604 6531
6605 6503
6606 6405
6607 6361
6608 6346
6609 6234
6610 6351
6611 6208
6612 6223
6613 6267
6614 6448
6615 6352
6616 6385
6617 6563
6618 6374
6619 6606
6620 6218
6621 6495
6622 6391
6623 6229
6624 6244
6625 6432
6626 6506
6627 6541
6628 6548
6629 6492
6630 6274
6631 6492
6632 6538
6633 6395
6634 6464
6635 6588
6636 6602
6637 6387
6638 6246
6639 6457
6640 6544
6641 6317
6642 6545
6643 6360
6644 6571
6645 6246
6646 6481
6647 6384
6648 6334
6649 6527
6650 6319
6651 6308
6652 6477
6653 6533
6654 6351
6655 6499
6656 6634
6657 6457
6658 6364
6659 6453
6660 6357
6661 6573
6662 6553
6663 6260
6664 6395
6665 6534
6666 6483
6667 6530
6668 6535
6669 6272
6670 6522
6671 6380
6672 6554
6673 6637
6674 6440
6675 6292
6676 6291
6677 6217
6678 6227
6679 6483
6680 6313
6681 6423
6682 6637
6683 6308
6684 6259
6685 6631
6686 6653
6687 6250
6688 6337
6689 6671
6690 6427
6691 6376
6692 6291
6693 6667
6694 6546
6695 6457
6696 6236
6697 6204
6698 6370
6699 6255
6700 6539
6701 6380
6702 6664
6703 6629
6704 6560
6705 6488
6706 6436
6707 6597
6708 6694
6709 6281
6710 6569
6711 6542
6712 6508
6713 6412
6714 6545
6715 6695
6716 6388
6717 6322
6718 6416
6719 6357
6720 6278
6721 6193
6722 6522
6723 6528
6724 6187
6725 6676
6726 6611
6727 6554
6728 6283
6729 6559
6730 6203
6731 6369
6732 6449
6733 6481
6734 6685
6735 6526
6736 6313
6737 6504
6738 6425
6739 6710
6740 6729
6741 6257
6742 6340
6743 6649
6744 6597
6745 6573
6746 6325
6747 6366
6748 6188
6749 6369
6750 6521
6751 6669
6752 6548
6753 6343
6754 6295
6755 6469
6756 6380
6757 6606
6758 6493
6759 6420
6760 6314
6761 6446
6762 6581
6763 6278
6764 6714
6765 6310
6766 6446
6767 6527
6768 6643
6769 6260
6770 6297
6771 6274
6772 6292
6773 6745
6774 6599
6775 6719
6776 6266
6777 6266
6778 6478
6779 6579
6780 6519
6781 6544
6782 6540
6783 6608
6784 6386
6785 6417
6786 6404
6787 6548
6788 6264
6789 6273
6790 6254
6791 6341
6792 6668
6793 6345
6794 6523
6795 6235
6796 6633
6797 6627
6798 6353
6799 6407
6800 6392
6801 6436
6802 6693
6803 6598
6804 6393
6805 6573
6806 6421
6807 6720
6808 6377
6809 6435
6810 6622
6811 6700
6812 6589
6813 6752
6814 6763
6815 6352
6816 6243
6817 6551
6818 6553
6819 6719
6820 6626
6821 6711
6822 6631
6823 6419
6824 6435
6825 6353
6826 6230
6827 6609
6828 6430
6829 6297
6830 6227
6831 6603
6832 6403
6833 6577
6834 6480
6835 6355
6836 6649
6837 6802
6838 6311
6839 6286
6840 6671
6841 6441
6842 6739
6843 6594
6844 6566
6845 6271
6846 6321
6847 6588
6848 6529
6849 6482
6850 6846
6851 6367
6852 6264
6853 6838
6854 6205
6855 6381
6856 6734
6857 6276
6858 6433
6859 6590
6860 6284
6861 6347
6862 6775
6863 6383
6864 6617
6865 6794
6866 6490
6867 6515
6868 6749
6869 6551
6870 6745
6871 2987
6872 6871
6873 6872
6874 6873
6875 6874
6876 6875
6877 6876
6878 6877
6879 6878
6880 6879
6881 6880
6882 6881
6883 6882
6884 6883
6885 6884
6886 6885
6887 6886
6888 6887
6889 6888
6890 6889
6891 6890
6892 6891
6893 6892
6894 6893
6895 6894
6896 6895
6897 6896
6898 6897
6899 6898
6900 6899
6901 6900
6902 6901
6903 6902
6904 6903
6905 6904
6906 6905
6907 6906
6908 6907
6909 6908
6910 6909
6911 6910
6912 6911
6913 6912
6914 6913
6915 6914
6916 6915
6917 6916
6918 6917
6919 6918
6920 6919
6921 6920
6922 6921
6923 6922
6924 6923
6925 6924
6926 6925
6927 6926
6928 6927
6929 6928
6930 6929
6931 6930
6932 6931
6933 6932
6934 6933
6935 6934
6936 6935
6937 6936
6938 6937
6939 6938
6940 6939
6941 6940
6942 6941
6943 6942
6944 6943
6945 6944
6946 6945
6947 6946
6948 6947
6949 6948
6950 6949
6951 6950
6952 6951
6953 6952
6954 6953
6955 6954
6956 6955
6957 6956
6958 6957
6959 6958
6960 6959
6961 6960
6962 6961
6963 6962
6964 6963
6965 6964
6966 6965
6967 6966
6968 6967
6969 6968
6970 6969
6971 6970
6972 6971
6973 6972
6974 6973
6975 6974
6976 6975
6977 6976
6978 6977
6979 6978
6980 6979
6981 6980
6982 6981
6983 6982
6984 6983
6985 6984
6986 6985
6987 6986
6988 6987
6989 6988
6990 6989
6991 6990
6992 6991
6993 6992
6994 6993
6995 6994
6996 6995
6997 6996
6998 6997
6999 6998
7000 6999
7001 7000
7002 7001
7003 7002
7004 7003
7005 7004
7006 7005
7007 7006
7008 7007
7009 7008
7010 7009
7011 7010
7012 7011
7013 7012
7014 7013
7015 7014
7016 7015
7017 7016
7018 7017
7019 7018
7020 7019
7021 7020
7022 7021
7023 7022
7024 7023
7025 7024
7026 7025
7027 7026
7028 7027
7029 7028
7030 7029
7031 7030
7032 7031
7033 7032
7034 7033
7035 7034
7036 7035
7037 7036
7038 7037
7039 7038
7040 7039
7041 7040
7042 7041
7043 7042
7044 7043
7045 7044
7046 7045
7047 7046
7048 7047
7049 7048
7050 7049
7051 7050
7052 7051
7053 7052
7054 7053
7055 7054
7056 7055
7057 7056
7058 7057
7059 7058
7060 7059
7061 7060
7062 7061
7063 7062
7064 7063
7065 7064
7066 7065
7067 7066
7068 7067
7069 7068
7070 7069
7071 7070
7072 7071
7073 7072
7074 7073
7075 7074
7076 7075
7077 7076
7078 7077
7079 7078
7079 2987
7080 3523
7081 7080
7082 3523
7083 7080
7084 7080
7085 7082
7086 7080
7087 7081
7088 7087
7089 7084
7090 7084
7091 7089
7092 7082
7093 7090
7094 7093
7095 7084
7096 7090
7097 7089
7098 7087
7099 7094
7100 7097
7101 7096
7102 7085
7103 7087
7104 7082
7105 7094
7106 7094
7107 7104
7108 7086
7109 7103
7110 7108
7111 7107
7112 7098
7113 7089
7114 7095
7115 7095
7116 7109
7117 7094
7118 7087
7119 7106
7120 7085
7121 7108
7122 7095
7123 7105
7124 3523
7125 7115
7126 7087
7127 7123
7128 7118
7129 7120
7130 7111
7131 7106
7132 7128
7133 7087
7134 7095
7135 7113
7136 7103
7137 7103
7138 7112
7139 7112
7140 7115
7141 7103
7142 7139
7143 7092
7144 7134
7145 7083
7146 7088
7147 7108
7148 7129
7149 7130
7150 7118
7151 7093
7152 7101
7153 7114
7154 7131
7155 7131
7156 7080
7157 7083
7158 7098
7159 7133
7160 7145
7161 7160
7162 3523
7163 7097
7164 7146
7165 7084
7166 7110
7167 7125
7168 7129
7169 7087
7170 7143
7171 7083
7172 7124
7173 7104
7174 7125
7175 3523
7176 7136
7177 7136
7178 7126
7179 7148
7180 7168
7181 7118
7182 7159
7183 7154
7184 7181
7185 3523
7186 7112
7187 7107
7188 7162
7189 7083
7190 7114
7191 7177
7192 7162
7193 7122
7194 7181
7195 7149
7196 7170
7197 7153
7198 7150
7199 7196
7200 7092
7201 7132
7202 7125
7203 7105
7204 7116
7205 7103
7206 7174
7207 7100
7208 7145
7209 7136
7210 7141
7211 7186
7212 7184
7213 7212
7214 7210
7215 7202
7216 7160
7217 7182
7218 7128
7219 7089
7220 7166
7221 7175
7222 7091
7223 7159
7224 7098
7225 7215
7226 7182
7227 7200
7228 7204
7229 7227
7230 7160
7231 7229
7232 7184
7233 7190
7234 7121
7235 7168
7236 7214
7237 7184
7238 7117
7239 7123
7240 7214
7241 7171
7242 7156
7243 7150
7244 7139
7245 7167
7246 7167
7247 7220
7248 7223
7249 7207
7250 7092
7251 7182
7252 7145
7253 7155
7254 7240
7255 7208
7256 7089
7257 7157
7258 7102
7259 7089
7260 7196
7261 7217
7262 7254
7263 7168
7264 7107
7265 7237
7266 7204
7267 7198
7268 7123
7269 7136
7270 7123
7271 7245
7272 7213
7273 7151
7274 7161
7275 7268
7276 7218
7277 7108
7278 7217
7279 7088
7280 7115
7281 7172
7282 7251
7283 7233
7284 7233
7285 7246
7286 7148
7287 7194
7288 7156
7289 7236
7290 7282
7291 7285
7292 7153
7293 7197
7294 7198
7295 7109
7296 7137
7297 7175
7298 7179
7299 7242
7300 7196
7301 7134
7302 7151
7303 7080
7304 7288
7305 7195
7306 7205
7307 7136
7308 3523
7309 7096
7310 7158
7311 7270
7312 7158
7313 7252
7314 7155
7315 7198
7316 7215
7317 7213
7318 7243
7319 7151
7320 7084
7321 7315
7322 7170
7323 7315
7324 7098
7325 7184
7326 7216
7327 7308
7328 7125
7329 7128
7330 7282
7331 7244
7332 7219
7333 7158
7334 7193
7335 7270
7336 7223
7337 7119
7338 7243
7339 7115
7340 7307
7341 7287
7342 7239
7343 7087
7344 7092
7345 7319
7346 7309
7347 7169
7348 7094
7349 7168
7350 7344
7351 7350
7352 7258
7353 7243
7354 7199
7355 7131
7356 7290
7357 7344
7358 7133
7359 7230
7360 7108
7361 7169
7362 7318
7363 7301
7364 7272
7365 7156
7366 7175
7367 7207
7368 7094
7369 7098
7370 7272
7371 7232
7372 7087
7373 7267
7374 7276
7375 7322
7376 7363
7377 7082
7378 7126
7379 7091
7380 7291
7381 7147
7382 7166
7383 7104
7384 7080
7385 7163
7386 7307
7387 7369
7388 7221
7389 7205
7390 7382
7391 7130
7392 7193
7393 7386
7394 7113
7395 7379
7396 7390
7397 7098
7398 7334
7399 7369
7400 7085
7401 7217
7402 7373
7403 7396
7404 7255
7405 7341
7406 7289
7407 7303
7408 7213
7409 7236
7410 7235
7411 7315
7412 7407
7413 7125
7414 7186
7415 7339
7416 7335
7417 7106
7418 7137
7419 7393
7420 7081
7421 7333
7422 7321
7423 7096
7424 7166
7425 7281
7426 7191
7427 7208
7428 7352
7429 7325
7430 7097
7431 7214
7432 7362
7433 7300
7434 7360
7435 7141
7436 7156
7437 7292
7438 7299
7439 7150
7440 7379
7441 7093
7442 7265
7443 7277
7444 7252
7445 7377
7446 7371
7447 7113
7448 7379
7449 7237
7450 7157
7451 7368
7452 7408
7453 7208
7454 7244
7455 7241
7456 7312
7457 7173
7458 7284
7459 7412
7460 7398
7461 7282
7462 7440
7463 7349
7464 7174
7465 7189
7466 7325
7467 7185
7468 7252
7469 7148
7470 7454
7471 7136
7472 7107
7473 7351
7474 7321
7475 7341
7476 7105
7477 7243
7478 7317
7479 7353
7480 7299
7481 7259
7482 7388
7483 7229
7484 7127
7485 7452
7486 7232
7487 7347
7488 7436
7489 7225
7490 7472
7491 7285
7492 7431
7493 7309
7494 7260
7495 7134
7496 7178
7497 7399
7498 7348
7499 7199
7500 7490
7501 7387
7502 7392
7503 7084
7504 7275
7505 7481
7506 7190
7507 7444
7508 7442
7509 7155
7510 7425
7511 7372
7512 7262
7513 7238
7514 7279
7515 7280
7516 7398
7517 7376
7518 7290
7519 7096
7520 7307
7521 7389
7522 7320
7523 7169
7524 7490
7525 7289
7526 7324
7527 7146
7528 7489
7529 7356
7530 7338
7531 7239
7532 7166
7533 7350
7534 7378
7535 7482
7536 7412
7537 7400
7538 7187
7539 7501
7540 7278
7541 7392
7542 7460
7543 7473
7544 7283
7545 7443
7546 7247
7547 7173
7548 7427
7549 7162
7550 7339
7551 7136
7552 7241
7553 7080
7554 7322
7555 7391
7556 7226
7557 7393
7558 7329
7559 7224
7560 7296
7561 7456
7562 7237
7563 7154
7564 7420
7565 7429
7566 7502
7567 7530
7568 7540
7569 7169
7570 7466
7571 7436
7572 7326
7573 7087
7574 7497
7575 7447
7576 7571
7577 7368
7578 7569
7579 7209
7580 7559
7581 7564
7582 7452
7583 7521
7584 7421
7585 7487
7586 7344
7587 7243
7588 7210
7589 7275
7590 7110
7591 7208
7592 7184
7593 7463
7594 7531
7595 7511
7596 7167
7597 7163
7598 7529
7599 7525
7600 7299
7601 7303
7602 7340
7603 7157
7604 7450
7605 7574
7606 7547
7607 7425
7608 7308
7609 7383
7610 7322
7611 7143
7612 7257
7613 7403
7614 7497
7615 7557
7616 7262
7617 7528
7618 7426
7619 7138
7620 7331
7621 7509
7622 7460
7623 7514
7624 7429
7625 7553
7626 7297
7627 7466
7628 7329
7629 7515
7630 7118
7631 7169
7632 7574
7633 7413
7634 7286
7635 7125
7636 7272
7637 7405
7638 7604
7639 7420
7640 7529
7641 7283
7642 7199
7643 7567
7644 7501
7645 7486
7646 7255
7647 7515
7648 7387
7649 7081
7650 7453
7651 7282
7652 7626
7653 7170
7654 7409
7655 7471
7656 7606
7657 7490
7658 7313
7659 7599
7660 7140
7661 7355
7662 7636
7663 7193
7664 7389
7665 7608
7666 7416
7667 7275
7668 7294
7669 7367
7670 7174
7671 7162
7672 7414
7673 7443
7674 7394
7675 7538
7676 7156
7677 7533
7678 7226
7679 7379
7680 7262
7681 7462
7682 7146
7683 7581
7684 7563
7685 7340
7686 7107
7687 7493
7688 7458
7689 7359
7690 7388
7691 7443
7692 7127
7693 7609
7694 7458
7695 7586
7696 7254
7697 7232
7698 7180
7699 7307
7700 4900
7701 7700
7702 7701
7703 7702
7704 7703
7705 7704
7706 7705
7707 7706
7708 7707
7709 7708
7710 7709
7711 7710
7712 7711
7713 7712
7714 7713
7715 7714
7716 7715
7717 7716
7718 7717
7719 7718
7720 7719
7721 7720
7722 7721
7723 7722
7724 7723
7725 7724
7726 7725
7727 7726
7728 7727
7729 7728
7730 7729
7731 7730
7732 7731
7733 7732
7734 7733
7735 7734
7736 7735
7737 7736
7738 7737
7739 7738
7740 7739
7741 7740
7742 7741
7743 7742
7744 7743
7745 7744
7746 7745
7747 7746
7748 7747
7749 7748
7750 7749
7751 7750
7752 7751
7753 7752
7754 7753
7755 7754
7756 7755
7757 7756
7758 7757
7759 7758
7760 7759
7761 7760
7762 7761
7763 7762
7764 7763
7765 7764
7766 7765
7767 7766
7768 7767
7769 7768
7770 7769
7771 7770
7772 7771
7773 7772
7774 7773
7775 7774
7776 7775
7777 7776
7778 7777
7779 7778
7780 7779
7781 7780
7782 7781
7783 7782
7784 7783
7785 7784
7786 7785
7787 7786
7788 7787
7789 7788
7790 7789
7791 7790
7792 7791
7793 7792
7794 7793
7795 7794
7796 7795
7797 7796
7798 7797
7799 7798
7800 7799
7801 7800
7802 7801
7803 7802
7804 7803
7805 7804
7806 7805
7807 7806
7808 7807
7809 7808
7810 7809
7811 7810
7812 7811
7813 7812
7814 7813
7815 7814
7816 7815
7817 7816
7818 7817
7819 7818
7820 7819
7821 7820
7822 7821
7823 7822
7824 7823
7825 7824
7826 7825
7827 7826
7828 7827
7829 7828
7830 7829
7831 7830
7832 7831
7833 7832
7834 7833
7835 7834
7836 7835
7837 7836
7838 7837
7839 7838
7840 7839
7841 7840
7842 7841
7843 7842
7844 7843
7845 7844
7846 7845
7847 7846
7848 7847
7849 7848
7850 7849
7851 7850
7852 7851
7853 7852
7854 7853
7855 7854
7856 7855
7857 7856
7858 7857
7859 7858
7860 7859
7861 7860
7862 7861
7863 7862
7864 7863
7865 7864
7866 7865
7867 7866
7868 7867
7869 7868
7870 7869
7871 7870
7872 7871
7873 7872
7874 7873
7875 7874
7876 7875
7877 7876
7878 7877
7879 7878
7880 7879
7881 7880
7882 7881
7883 7882
7884 7883
7885 7884
7886 7885
7887 7886
7888 7887
7889 7888
7890 7889
7891 7890
7892 7891
7893 7892
7894 7893
7895 7894
7896 7895
7897 7896
7898 7897
7899 7898
7900 7899
7901 7900
7902 7901
7903 7902
7904 7903
7905 7904
7906 7905
7907 7906
7908 7907
7909 7908
7910 7909
7911 7910
7912 7911
7913 7912
7914 7913
7915 7914
7916 7915
7917 7916
7918 7917
7919 7918
7920 7919
7921 7920
7922 7921
7923 7922
7924 7923
7925 7924
7926 7925
7927 7926
7928 7927
7929 7928
7930 7929
7931 7930
7932 7931
7933 7932
7934 7933
7935 7934
7936 7935
7937 7936
7938 7937
7939 7938
7940 7939
7941 7940
7942 7941
7943 7942
7944 7943
7945 7944
7946 7945
7947 7946
7948 7947
7949 7948
7950 7949
7951 7950
7952 7951
7953 7952
7954 7953
7955 7954
7956 7955
7957 7956
7958 7957
7959 7958
7960 7959
7961 7960
7962 7961
7963 7962
7964 7963
7965 7964
7966 7965
7967 7966
7968 7967
7969 7968
7970 7969
7971 7970
7972 7971
7973 7972
7974 7973
7975 7974
7976 7975
7977 7976
7978 7977
7979 7978
7980 7979
7981 7980
7982 7981
7983 7982
7984 7983
7985 7984
7986 7985
7987 7986
7988 7987
7989 7988
7990 7989
7991 7990
7992 7991
7993 7992
7994 7993
7995 7994
7996 7995
7997 7996
7998 7997
7999 7998
8000 7999
8001 8000
8002 8001
8003 8002
8004 8003
8005 8004
8006 8005
8007 8006
8008 8007
8009 8008
8010 8009
8011 8010
8012 8011
8013 8012
8014 8013
8015 8014
8016 8015
8017 8016
8018 8017
8019 8018
8020 8019
8021 8020
8022 8021
8023 8022
8024 8023
8025 8024
8026 8025
8027 8026
8028 8027
8029 8028
8030 8029
8031 8030
8032 8031
8033 8032
8034 8033
8035 8034
8036 8035
8037 8036
8038 8037
8039 8038
8040 8039
8041 8040
8042 8041
8043 8042
8044 8043
8045 8044
8046 8045
8047 8046
8048 8047
8049 8048
8050 8049
8051 8050
8052 8051
8053 8052
8054 8053
8055 8054
8056 8055
8057 8056
8058 8057
8059 8058
8060 8059
8061 8060
8062 8061
8063 8062
8064 8063
8065 8064
8066 8065
8067 8066
8068 8067
8069 8068
8070 8069
8071 8070
8072 8071
8073 8072
8074 8073
8075 8074
8076 8075
8077 8076
8078 8077
8079 8078
8080 8079
8081 8080
8082 8081
8083 8082
8084 8083
8085 8084
8086 8085
8087 8086
8088 8087
8089 8088
8090 8089
8091 8090
8092 8091
8093 8092
8094 8093
8095 8094
8096 8095
8097 8096
8098 8097
8099 8098
8100 8099
8101 8100
8102 8101
8103 8102
8104 8103
8105 8104
8106 8105
8107 8106
8108 8107
8109 8108
8110 8109
8111 8110
8112 8111
8113 8112
8114 8113
8115 8114
8116 8115
8117 8116
8118 8117
8119 8118
8120 8119
8121 8120
8122 8121
8123 8122
8124 8123
8125 8124
8126 8125
8127 8126
8128 8127
8129 8128
8130 8129
8131 8130
8132 8131
8133 8132
8134 8133
8135 8134
8136 8135
8137 8136
8138 8137
8139 8138
8140 8139
8141 8140
8142 8141
8143 8142
8144 8143
8145 8144
8146 8145
8147 8146
8148 8147
8149 8148
8150 8149
8151 8150
8152 8151
8153 8152
8154 8153
8155 8154
8156 8155
8157 8156
8158 8157
8159 8158
8160 8159
8161 8160
8162 8161
8163 8162
8164 8163
8165 8164
8166 8165
8167 8166
8168 8167
8169 8168
8170 8169
8171 8170
8172 8171
8173 8172
8174 8173
8175 8174
8176 8175
8177 8176
8178 8177
8179 8178
8180 8179
8181 8180
8182 8181
8183 8182
8184 8183
8185 8184
8186 8185
8187 8186
8188 8187
8189 8188
8190 8189
8191 8190
8192 8191
8193 8192
8194 8193
8194 4900
8195 7551
8196 8195
8197 8196
8198 7551
8199 8198
8200 8195
8201 8198
8202 8198
8203 8199
8204 7551
8205 8198
8206 8205
8207 8199
8208 8198
8209 8202
8210 8198
8211 8209
8212 8209
8213 8209
8214 8199
8215 8201
8216 8198
8217 8206
8218 8203
8219 8202
8220 8204
8221 8195
8222 8218
8223 8211
8224 8218
8225 8209
8226 8196
8227 8200
8228 8213
8229 8226
8230 8222
8231 8223
8232 8216
8233 8201
8234 8219
8235 8205
8236 8205
8237 8214
8238 8221
8239 8207
8240 8201
8241 8226
8242 8218
8243 8203
8244 8207
8245 8199
8246 8215
8247 8216
8248 8242
8249 8237
8250 8224
8251 8218
8252 8202
8253 8242
8254 8241
8255 8226
8256 8251
8257 8235
8258 8207
8259 8241
8260 8215
8261 8259
8262 3008
8263 3008
8264 8263
8265 8262
8266 8263
8267 8265
8268 8264
8269 8262
8270 8263
8271 8270
8272 8263
8273 8262
8274 8270
8275 8265
8276 8267
8277 8268
8278 8265
8279 8269
8280 8279
8281 8278
8282 8262
8283 8265
8284 8278
8285 8270
8286 8266
8287 3008
8288 8281
8289 8270
8290 8264
8291 8275
8292 8287
8293 8277
8294 8271
8295 8268
8296 8284
8297 8269
8298 8288
8299 8284
8300 8266
8301 8275
8302 8266
8303 8274
8304 8301
8305 8294
8306 8293
8307 8279
8308 8292
8309 8264
8310 8287
8311 8272
8312 8280
8313 8307
8314 8273
8315 8300
8316 8286
8317 8277
8318 8300
8319 8270
8320 8273
8321 8297
8322 8271
8323 8320
8324 8273
8325 8316
8326 8267
8327 8266
8328 8304
8329 3008
8330 8318
8331 8288
8332 8283
8333 8318
8334 8292
8335 8330
8336 8330
8337 8308
8338 8290
8339 8333
8340 8263
8341 8330
8342 8303
8343 8274
8344 8322
8345 8291
8346 8290
8347 8306
8348 8314
8349 8315
8350 8275
8351 8333
8352 8313
8353 8338
8354 8338
8355 8353
8356 8286
8357 8266
8358 8311
8359 8266
8360 8325
8361 8296
8362 8264
8363 8269
8364 3008
8365 8262
8366 8292
8367 8353
8368 8352
8369 8288
8370 8280
8371 8333
8372 8335
8373 8291
8374 8368
8375 8331
8376 8373
8377 8284
8378 8307
8379 8341
8380 8288
8381 8311
8382 3008
8383 8347
8384 8341
8385 8262
8386 8385
8387 8352
8388 8369
8389 8381
8390 8302
8391 8352
8392 8315
8393 8321
8394 8351
8395 8339
8396 8358
8397 8342
8398 8286
8399 8317
8400 8320
8401 8359
8402 8355
8403 8298
8404 8399
8405 8354
8406 8298
8407 8285
8408 8309
8409 8284
8410 8342
8411 8328
8412 8294
8413 8282
8414 8293
8415 8329
8416 8355
8417 8267
8418 8391
8419 8384
8420 8416
8421 8343
8422 8312
8423 8348
8424 8417
8425 8284
8426 8393
8427 8342
8428 8376
8429 8347
8430 8428
8431 8310
8432 8311
8433 8315
8434 8364
8435 8415
8436 8386
8437 8311
8438 8285
8439 8272
8440 8427
8441 8323
8442 8434
8443 8318
8444 8337
8445 8434
8446 8278
8447 8391
8448 8367
8449 8423
8450 8336
8451 8434
8452 8439
8453 8279
8454 8422
8455 8299
8456 8406
8457 8269
8458 8387
8459 8376
8460 8331
8461 8375
8462 8378
8463 8380
8464 8329
8465 8302
8466 8304
8467 8440
8468 8272
8469 8418
8470 8454
8471 8386
8472 8427
8473 8279
8474 8278
8475 8387
8476 8388
8477 8345
8478 8448
8479 8289
8480 8315
8481 8313
8482 8370
8483 8312
8484 8454
8485 8414
8486 8478
8487 8348
8488 8296
8489 8285
8490 8465
8491 8391
8492 8471
8493 8473
8494 8455
8495 8305
8496 8354
8497 8496
8498 8371
8499 8433
8500 8322
8501 8419
8502 8281
8503 8430
8504 8361
8505 8318
8506 8404
8507 8353
8508 8283
8509 8358
8510 8308
8511 8354
8512 8357
8513 8434
8514 8403
8515 8294
8516 8369
8517 8331
8518 8306
8519 8311
8520 8461
8521 8435
8522 8270
8523 8276
8524 8274
8525 8473
8526 8279
8527 8395
8528 8441
8529 8523
8530 8380
8531 8402
8532 8515
8533 8507
8534 8432
8535 8512
8536 8438
8537 8295
8538 8405
8539 8525
8540 8389
8541 8466
8542 8491
8543 8321
8544 8404
8545 8300
8546 8536
8547 8309
8548 8387
8549 8349
8550 8421
8551 8286
8552 8488
8553 8435
8554 8388
8555 8321
8556 8352
8557 8264
8558 8551
8559 8321
8560 8324
8561 8497
8562 3008
8563 8486
8564 8338
8565 8361
8566 8496
8567 8465
8568 8316
8569 8519
8570 8291
8571 8263
8572 8416
8573 8467
8574 8514
8575 8390
8576 8542
8577 8453
8578 8287
8579 8332
8580 8432
8581 8535
8582 8368
8583 8424
8584 8464
8585 8322
8586 8283
8587 8467
8588 8448
8589 8268
8590 8397
8591 8335
8592 8590
8593 8505
8594 8284
8595 8388
8596 8512
8597 8526
8598 8285
8599 8264
8600 8262
8601 8320
8602 8524
8603 8308
8604 8340
8605 8299
8606 8495
8607 8495
8608 8371
8609 8368
8610 8292
8611 8581
8612 8279
8613 8374
8614 8593
8615 8468
8616 8436
8617 8334
8618 8319
8619 8444
8620 8443
8621 8327
8622 8390
8623 8496
8624 8419
8625 8375
8626 8480
8627 8553
8628 8423
8629 8440
8630 8310
8631 8465
8632 8551
8633 8408
8634 8545
8635 8595
8636 8553
8637 8353
8638 8414
8639 8289
8640 8395
8641 8618
8642 8601
8643 8340
8644 8352
8645 8508
8646 8516
8647 8536
8648 8365
8649 8341
8650 8324
8651 8364
8652 8634
8653 8337
8654 8491
8655 8634
8656 8448
8657 8284
8658 8608
8659 8423
8660 8631
8661 8505
8662 8463
8663 8438
8664 8476
8665 8378
8666 8494
8667 8380
8668 8564
8669 8310
8670 8474
8671 8559
8672 8573
8673 8593
8674 8302
8675 8466
8676 8405
8677 8488
8678 8374
8679 8523
8680 8339
8681 8647
8682 8479
8683 8326
8684 8425
8685 8624
8686 8419
8687 8659
8688 8676
8689 8467
8690 8619
8691 8444
8692 8329
8693 8576
8694 8464
8695 8436
8696 8595
8697 8322
8698 8326
8699 8503
8700 8396
8701 8528
8702 8693
8703 8371
8704 8430
8705 8435
8706 8699
8707 8322
8708 8360
8709 8378
8710 8564
8711 8333
8712 8471
8713 8534
8714 2694
8715 8714
8716 8714
8717 8715
8718 8715
8719 8714
8720 8716
8721 8720
8722 8719
8723 8717
8724 8722
8725 8724
8726 8725
8727 8721
8728 8722
8729 8726
8730 8717
8731 8719
8732 8724
8733 8721
8734 8726
8735 8729
8736 8735
8737 8733
8738 8720
8739 8721
8740 8728
8741 8717
8742 8732
8743 8729
8744 8742
8745 8728
8746 8730
8747 8734
8748 8747
8749 8732
8750 8731
8751 8750
8752 8735
8753 8717
8754 8742
8755 8718
8756 8736
8757 8739
8758 8715
8759 8714
8760 8753
8761 8727
8762 8722
8763 8748
8764 8733
8765 8719
8766 8729
8767 8737
8768 8765
8769 8759
8770 8732
8771 8745
8772 8725
8773 8716
8774 8735
8775 8766
8776 8775
8777 8749
8778 8753
8779 8736
8780 8745
8781 8741
8782 8779
8783 8754
8784 8748
8785 8731
8786 8770
8787 8716
8788 8771
8789 8722
8790 8759
8791 8781
8792 8769
8793 8785
8794 8718
8795 8766
8796 8773
8797 8732
8798 8737
8799 8759
8800 8725
8801 8729
8802 8723
8803 8746
8804 8729
8805 8804
8806 8765
8807 8768
8808 8755
8809 8795
8810 8789
8811 8781
8812 8782
8813 8787
8814 8778
8815 8743
8816 8737
8817 8809
8818 8768
8819 8771
8820 8738
8821 8738
8822 8752
8823 8793
8824 8743
8825 8803
8826 8754
8827 8813
8828 8802
8829 8761
8830 8760
8831 8750
8832 8735
8833 8819
8834 8801
8835 8794
8836 8831
8837 8787
8838 8807
8839 8725
8840 8755
8841 8769
8842 8714
8843 8800
8844 8805
8845 8824
8846 8814
8847 8754
8848 8838
8849 8743
8850 8806
8851 8723
8852 8779
8853 8785
8854 8726
8855 8797
8856 8802
8857 8766
8858 8753
8859 8828
8860 8732
8861 8775
8862 8757
8863 8761
8864 8809
8865 8781
8866 8718
8867 8834
8868 8822
8869 8715
8870 8795
8871 8747
8872 8828
8873 8736
8874 8853
8875 8821
8876 8792
8877 8774
8878 8785
8879 8801
8880 8836
8881 8838
8882 8726
8883 8805
8884 8779
8885 8797
8886 8733
8887 8867
8888 8751
8889 8880
8890 8777
8891 8823
8892 8870
8893 8777
8894 8859
8895 8758
8896 8828
8897 8816
8898 8870
8899 8794
8900 8803
8901 8815
8902 8809
8903 8732
8904 8720
8905 8887
8906 8875
8907 8734
8908 8791
8909 8892
8910 8896
8911 8800
8912 8803
8913 8884
8914 8751
8915 8768
8916 8839
8917 8774
8918 8785
8919 8813
8920 8875
8921 8891
8922 8767
8923 8780
8924 8771
8925 8820
8926 8812
8927 8782
8928 8852
8929 8795
8930 8765
8931 8891
8932 8764
8933 8932
8934 8716
8935 8770
8936 8901
8937 8773
8938 8892
8939 8714
8940 8797
8941 8751
8942 8871
8943 8892
8944 8930
8945 8827
8946 8785
8947 8778
8948 8727
8949 8878
8950 8835
8951 8836
8952 8911
8953 8926
8954 8823
8955 8778
8956 8729
8957 8770
8958 8891
8959 8835
8960 8765
8961 8742
8962 8914
8963 8903
8964 8757
8965 8900
8966 8798
8967 8885
8968 8896
8969 8717
8970 8890
8971 8857
8972 8843
8973 8962
8974 8732
8975 8788
8976 8835
8977 8755
8978 8971
8979 8883
8980 8764
8981 8771
8982 8979
8983 8735
8984 8770
8985 8745
8986 8859
8987 8758
8988 8745
8989 8821
8990 8986
8991 8901
8992 8819
8993 8753
8994 8893
8995 8820
8996 8958
8997 8717
8998 8964
8999 8776
9000 8806
9001 8780
9002 8892
9003 8798
9004 8718
9005 8861
9006 8959
9007 8868
9008 8924
9009 8946
9010 8835
9011 8944
9012 8746
9013 8888
9014 8932
9015 8940
9016 8822
9017 8925
9018 8837
9019 8998
9020 8953
9021 8816
9022 8796
9023 9022
9024 8841
9025 9021
9026 8932
9027 8920
9028 8859
9029 8775
9030 8841
9031 8821
9032 8985
9033 9028
9034 8879
9035 8876
9036 8849
9037 8724
9038 8826
9039 8828
9040 8982
9041 8802
9042 8739
9043 8894
9044 9014
9045 9005
9046 8880
9047 8742
9048 8916
9049 8985
9050 8762
9051 8775
9052 8934
9053 8984
9054 8936
9055 8826
9056 8881
9057 9041
9058 8853
9059 8995
9060 8719
9061 8880
9062 8971
9063 9005
9064 8732
9065 8788
9066 8989
9067 8980
9068 8765
9069 8867
9070 8873
9071 8799
9072 8767
9073 8954
9074 8809
9075 8993
9076 8912
9077 8775
9078 9042
9079 8831
9080 8941
9081 8957
9082 8951
9083 8757
9084 8753
9085 8987
9086 8771
9087 8735
9088 8753
9089 9029
9090 8861
9091 9023
9092 8799
9093 9038
9094 9032
9095 9069
9096 9058
9097 9052
9098 8720
9099 8837
9100 8777
9101 9079
9102 8718
9103 9072
9104 8729
9105 8754
9106 8776
9107 8877
9108 8726
9109 9064
9110 8872
9111 8797
9112 8778
9113 8985
9114 8772
9115 8878
9116 9080
9117 8723
9118 8991
9119 8976
9120 8723
9121 9113
9122 8720
9123 9087
9124 8895
9125 8899
9126 8722
9127 8797
9128 8813
9129 8860
9130 9094
9131 8904
9132 9056
9133 8719
9134 9050
9135 8859
9136 9035
9137 8771
9138 8792
9139 8883
9140 8899
9141 8827
9142 9011
9143 8969
9144 8916
9145 9118
9146 8859
9147 9121
9148 9040
9149 8959
9150 9021
9151 8881
9152 8869
9153 9118
9154 8844
9155 8781
9156 8890
9157 8934
9158 8866
9159 9103
9160 8751
9161 8725
9162 8781
9163 8924
9164 8873
9165 9099
9166 9126
9167 9062
9168 8984
9169 8995
9170 9033
9171 8788
9172 8762
9173 9141
9174 8787
9175 8832
9176 9045
9177 9098
9178 8885
9179 9155
9180 8772
9181 8943
9182 8831
9183 9096
9184 9107
9185 9075
9186 8974
9187 9186
9188 9165
9189 8800
9190 9066
9191 8716
9192 8863
9193 8998
9194 8934
9195 8785
9196 9182
9197 8936
9198 8984
9199 9110
9200 9009
9201 8892
9202 9050
9203 8922
9204 8980
9205 8791
9206 8750
9207 9074
9208 8804
9209 9007
9210 8804
9211 8753
9212 9010
9213 8908
9214 9174
9215 9130
9216 9054
9217 9152
9218 8933
9219 9092
9220 9219
9221 8919
9222 8769
9223 8800
9224 9022
9225 8751
9226 8919
9227 9017
9228 9215
9229 8768
9230 9163
9231 8952
9232 9219
9233 8830
9234 9137
9235 8815
9236 9224
9237 9126
9238 8913
9239 8737
9240 8887
9241 8861
9242 8778
9243 8873
9244 9072
9245 8993
9246 8876
9247 9212
9248 8918
9249 9149
9250 8787
9251 9209
9252 9171
9253 8722
9254 9245
9255 8897
9256 8750
9257 8881
9258 9195
9259 8863
9260 9139
9261 9125
9262 8864
9263 9118
9264 9069
9265 9135
9266 8725
9267 9255
9268 9170
9269 8845
9270 9105
9271 8734
9272 8743
9273 9106
9274 8830
9275 8783
9276 8888
9277 9058
9278 9145
9279 9210
9280 8764
9281 9059
9282 9052
9283 9139
9284 8730
9285 8861
9286 8971
9287 8849
9288 9184
9289 9130
9290 9155
9291 8783
9292 8759
9293 8939
9294 8798
9295 9040
9296 8880
9297 9177
9298 8736
9299 8734
9300 9103
9301 8996
9302 8976
9303 9136
9304 8919
9305 8832
9306 8888
9307 9109
9308 9241
9309 9067
9310 9115
9311 8959
9312 8900
9313 8969
9314 9275
9315 8890
9316 8812
9317 8960
9318 8769
9319 9280
9320 9319
9321 8860
9322 9049
9323 9064
9324 8772
9325 9268
9326 9222
9327 8901
9328 8922
9329 5979
9330 9329
9331 9330
9332 9331
9333 9332
9334 9333
9335 9334
9336 9335
9337 9336
9338 9337
9339 9338
9340 9339
9341 9340
9342 9341
9343 9342
9344 9343
9345 9344
9346 9345
9347 9346
9348 9347
9349 9348
9350 9349
9351 9350
9352 9351
9353 9352
9354 9353
9355 9354
9356 9355
9357 9356
9358 9357
9359 9358
9360 9359
9361 9360
9362 9361
9363 9362
9364 9363
9365 9364
9366 9365
9367 9366
9368 9367
9369 9368
9370 9369
9371 9370
9372 9371
9373 9372
9374 9373
9375 9374
9376 9375
9377 9376
9378 9377
9379 9378
9380 9379
9381 9380
9382 9381
9383 9382
9384 9383
9385 9384
9386 9385
9387 9386
9388 9387
9389 9388
9390 9389
9391 9390
9392 9391
9393 9392
9394 9393
9395 9394
9396 9395
9397 9396
9398 9397
9399 9398
9400 9399
9401 9400
9402 9401
9403 9402
9404 9403
9405 9404
9406 9405
9407 9406
9408 9407
9409 9408
9410 9409
9411 9410
9412 9411
9413 9412
9414 9413
9415 9414
9416 9415
9417 9416
9418 9417
9419 9418
9420 9419
9421 9420
9422 9421
9423 9422
9424 9423
9425 9424
9426 9425
9427 9426
9428 9427
9429 9428
9430 9429
9431 9430
9432 9431
9433 9432
9434 9433
9435 9434
9436 9435
9437 9436
9438 9437
9439 9438
9440 9439
9441 9440
9442 9441
9443 9442
9444 9443
9445 9444
9446 9445
9447 9446
9448 9447
9449 9448
9450 9449
9451 9450
9452 9451
9453 9452
9454 9453
9455 9454
9456 9455
9457 9456
9458 9457
9459 9458
9460 9459
9461 9460
9462 9461
9463 9462
9464 9463
9465 9464
9466 9465
9467 9466
9468 9467
9469 9468
9470 9469
9471 9470
9472 9471
9473 9472
9474 9473
9475 9474
9476 9475
9477 9476
9478 9477
9479 9478
9480 9479
9481 9480
9482 9481
9483 9482
9484 9483
9485 9484
9486 9485
9487 9486
9488 9487
9489 9488
9490 9489
9491 9490
9492 9491
9493 9492
9494 9493
9495 9494
9496 9495
9497 9496
9498 9497
9499 9498
9500 9499
9501 9500
9502 9501
9503 9502
9504 9503
9505 9504
9506 9505
9507 9506
9508 9507
9509 9508
9510 9509
9511 9510
9512 9511
9513 9512
9514 9513
9515 9514
9516 9515
9517 9516
9518 9517
9519 9518
9520 9519
9521 9520
9522 9521
9523 9522
9524 9523
9525 9524
9526 9525
9527 9526
9528 9527
9529 9528
9530 9529
9531 9530
9532 9531
9533 9532
9534 9533
9535 9534
9536 9535
9537 9536
9538 9537
9539 9538
9540 9539
9541 9540
9542 9541
9543 9542
9544 9543
9545 9544
9546 9545
9547 9546
9548 9547
9549 9548
9550 9549
9551 9550
9552 9551
9553 9552
9554 9553
9555 9554
9556 9555
9557 9556
9558 9557
9559 9558
9560 9559
9561 9560
9562 9561
9563 9562
9564 9563
9565 9564
9566 9565
9567 9566
9568 9567
9569 9568
9570 9569
9571 9570
9572 9571
9573 9572
9574 9573
9575 9574
9576 9575
9577 9576
9578 9577
9579 9578
9580 9579
9581 9580
9582 9581
9583 9582
9584 9583
9585 9584
9586 9585
9587 9586
9588 9587
9589 9588
9590 9589
9591 9590
9592 9591
9593 9592
9594 9593
9595 9594
9596 9595
9597 9596
9598 9597
9599 9598
9600 9599
9601 9600
9602 9601
9603 9602
9604 9603
9605 9604
9606 9605
9607 9606
9608 9607
9609 9608
9610 9609
9611 9610
9612 9611
9613 9612
9614 9613
9615 9614
9616 9615
9617 9616
9618 9617
9619 9618
9620 9619
9621 9620
9622 9621
9623 9622
9624 9623
9625 9624
9626 9625
9627 9626
9628 9627
9629 9628
9630 9629
9631 9630
9632 9631
9633 9632
9634 9633
9635 9634
9636 9635
9637 9636
9638 9637
9639 9638
9640 9639
9641 9640
9642 9641
9643 9642
9644 9643
9645 9644
9646 9645
9647 9646
9648 9647
9649 9648
9650 9649
9651 9650
9652 9651
9653 9652
9654 9653
9655 9654
9656 9655
9657 9656
9658 9657
9659 9658
9660 9659
9661 9660
9662 9661
9663 9662
9664 9663
9665 9664
9666 9665
9667 9666
9668 9667
9669 9668
9670 9669
9671 9670
9672 9671
9673 9672
9674 9673
9675 9674
9676 9675
9677 9676
9678 9677
9679 9678
9680 9679
9681 9680
9682 9681
9683 9682
9684 9683
9685 9684
9686 9685
9687 9686
9688 9687
9689 9688
9690 9689
9691 9690
9692 9691
9693 9692
9694 9693
9695 9694
9696 9695
9696 5979
9697 1422
9698 1422
9699 9697
9700 9699
9701 1422
9702 9699
9703 1422
9704 9702
9705 9702
9706 1422
9707 9698
9708 9703
9709 9706
9710 9701
9711 9707
9712 9706
9713 9705
9714 9703
9715 9713
9716 9715
9717 9711
9718 9717
9719 9713
9720 9698
9721 9713
9722 9706
9723 9712
9724 9707
9725 9720
9726 9697
9727 9724
9728 9719
9729 9723
9730 9703
9731 9698
9732 9729
9733 9697
9734 9726
9735 9729
9736 9706
9737 9718
9738 9720
9739 9709
9740 9734
9741 9712
9742 9738
9743 9721
9744 9709
9745 9725
9746 9744
9747 9704
9748 9723
9749 9738
9750 9723
9751 9711
9752 9704
9753 9751
9754 9711
9755 9736
9756 9712
9757 9703
9758 9742
9759 9750
9760 9699
9761 9757
9762 9713
9763 9756
9764 9730
9765 9716
9766 9754
9767 9766
9768 9745
9769 9708
9770 9742
9771 9709
9772 9724
9773 9719
9774 9711
9775 9743
9776 9746
9777 9712
9778 9712
9779 9770
9780 9769
9781 9713
9782 9768
9783 9761
9784 9759
9785 9728
9786 9726
9787 9744
9788 9722
9789 9786
9790 9726
9791 9704
9792 9778
9793 9776
9794 9704
9795 9738
9796 9734
9797 9756
9798 9730
9799 9754
9800 9714
9801 9781
9802 9768
9803 9745
9804 9776
9805 9772
9806 9741
9807 9794
9808 9706
9809 9803
9810 9698
9811 1422
9812 9721
9813 1422
9814 9811
9815 9732
9816 9754
9817 9734
9818 9740
9819 9699
9820 9711
9821 9785
9822 9743
9823 9727
9824 9699
9825 9790
9826 9821
9827 9774
9828 9783
9829 9789
9830 9716
9831 9723
9832 9798
9833 9748
9834 9785
9835 9811
9836 9814
9837 9781
9838 9797
9839 9733
9840 9764
9841 9700
9842 9698
9843 9817
9844 9740
9845 9722
9846 9821
9847 9708
9848 9830
9849 9772
9850 9837
9851 9835
9852 9823
9853 9735
9854 9778
9855 9748
9856 9782
9857 9810
9858 9824
9859 9725
9860 9851
9861 9704
9862 9795
9863 9844
9864 9779
9865 9809
9866 9836
9867 9835
9868 9818
9869 9747
9870 9725
9871 9844
9872 9712
9873 9719
9874 9848
9875 9724
9876 9781
9877 9825
9878 9871
9879 9793
9880 9869
9881 9755
9882 9729
9883 9832
9884 9740
9885 9788
9886 9701
9887 9708
9888 9707
9889 9708
9890 9826
9891 9846
9892 9713
9893 9759
9894 9710
9895 9740
9896 9795
9897 9764
9898 9745
9899 9738
9900 9713
9901 9840
9902 9863
9903 9828
9904 9790
9905 9701
9906 9701
9907 9720
9908 9784
9909 9791
9910 9819
9911 9857
9912 9830
9913 9791
9914 9712
9915 9853
9916 9840
9917 9905
9918 9791
9919 9857
9920 9890
9921 9711
9922 9872
9923 9796
9924 9721
9925 9738
9926 9907
9927 9912
9928 9781
9929 9828
9930 9884
9931 9928
9932 9830
9933 9832
9934 9728
9935 9811
9936 9791
9937 9920
9938 9912
9939 9795
9940 9741
9941 9869
9942 9925
9943 9748
9944 9857
9945 9894
9946 9840
9947 9856
9948 9798
9949 9792
9950 9824
9951 9897
9952 9852
9953 9893
9954 9848
9955 9914
9956 9932
9957 9906
9958 1422
9959 9747
9960 9794
9961 9755
9962 9854
9963 9789
9964 9737
9965 9921
9966 9931
9967 9779
9968 9778
9969 9886
9970 9803
9971 9863
9972 9777
9973 9802
9974 9957
9975 9698
9976 9751
9977 9891
9978 9699
9979 9729
9980 9826
9981 9748
9982 9929
9983 9746
9984 9976
9985 9982
9986 9930
9987 9937
9988 9897
9989 9886
9990 9738
9991 9849
9992 9816
9993 9929
9994 9838
9995 9838
9996 9806
9997 9768
9998 9980
9999 9816
10000 9991
