10000 10001
2 1
3 1
4 1
5 1
6 5
7 3
8 2
9 1
10 9
11 2
12 3
13 2
14 2
15 10
16 15
17 16
18 14
19 6
20 5
21 4
22 18
23 17
24 15
25 1
26 23
27 21
28 1
29 8
30 7
31 4
32 16
33 12
34 14
35 34
36 6
37 30
38 4
39 16
40 27
41 10
42 32
43 37
44 30
45 20
46 28
47 14
48 21
49 20
50 42
51 25
52 21
53 10
54 8
55 25
56 6
57 35
58 40
59 21
60 33
61 46
62 6
63 52
64 2
65 48
66 4
67 38
68 43
69 13
70 39
71 57
72 29
73 45
74 55
75 19
76 35
77 64
78 46
79 11
80 32
81 42
82 10
83 10
84 44
85 43
86 18
87 69
88 21
89 79
90 51
91 22
92 72
93 71
94 74
95 83
96 62
97 7
98 63
99 14
100 66
101 63
102 16
103 5
104 50
105 58
106 73
107 22
108 61
109 42
110 35
111 6
112 32
113 50
114 38
115 109
116 97
117 97
118 38
119 56
120 25
121 70
122 61
123 79
124 51
125 75
126 98
127 70
128 57
129 16
130 88
131 63
132 75
133 11
134 122
135 70
136 48
137 10
138 28
139 74
140 64
141 46
142 38
143 135
144 108
145 76
146 79
147 88
148 69
149 142
150 36
151 94
152 86
153 95
154 100
155 48
156 97
157 68
158 52
159 74
160 36
161 76
162 30
163 133
164 39
165 129
166 114
167 96
168 44
169 124
170 81
171 18
172 134
173 165
174 1
175 166
176 75
177 120
178 96
179 18
180 120
181 10
182 60
183 71
184 95
185 74
186 130
187 139
188 89
189 112
190 131
191 58
192 28
193 185
194 142
195 80
196 147
197 117
198 160
199 86
200 181
201 16
202 20
203 27
204 7
205 2
206 130
207 170
208 206
209 7
210 157
211 188
212 141
213 131
214 147
215 143
216 77
217 215
218 26
219 122
220 212
221 62
222 152
223 141
224 56
225 153
226 21
227 37
228 90
229 8
230 188
231 175
232 229
233 110
234 24
235 12
236 31
237 217
238 94
239 38
240 229
241 200
242 136
243 94
244 220
245 127
246 237
247 150
248 104
249 78
250 81
251 250
252 129
253 51
254 202
255 242
256 33
257 171
258 101
259 47
260 36
261 21
262 3
263 145
264 26
265 127
266 39
267 19
268 18
269 31
270 215
271 74
272 159
273 59
274 238
275 59
276 139
277 193
278 196
279 106
280 218
281 248
282 46
283 270
284 95
285 137
286 268
287 194
288 83
289 176
290 45
291 170
292 190
293 32
294 128
295 40
296 69
297 66
298 241
299 110
300 32
301 162
302 221
303 165
304 20
305 209
306 218
307 113
308 212
309 233
310 86
311 202
312 192
313 116
314 106
315 193
316 182
317 126
318 188
319 181
320 260
321 230
322 9
323 280
324 81
325 197
326 323
327 233
328 188
329 303
330 141
331 45
332 43
333 32
334 179
335 221
336 9
337 248
338 229
339 252
340 300
341 128
342 78
343 130
344 319
345 275
346 130
347 221
348 202
349 113
350 48
351 295
352 223
353 239
354 11
355 234
356 343
357 101
358 253
359 113
360 241
361 167
362 316
363 253
364 251
365 104
366 215
367 230
368 339
369 146
370 7
371 180
372 97
373 92
374 319
375 343
376 361
377 35
378 16
379 124
380 62
381 354
382 122
383 253
384 259
385 106
386 234
387 261
388 177
389 155
390 7
391 228
392 347
393 208
394 118
395 225
396 43
397 279
398 205
399 24
400 187
401 142
402 238
403 391
404 364
405 343
406 294
407 126
408 403
409 190
410 168
411 129
412 196
413 342
414 392
415 332
416 21
417 375
418 65
419 97
420 260
421 23
422 192
423 204
424 95
425 108
426 303
427 335
428 101
429 215
430 134
431 211
432 60
433 221
434 397
435 7
436 132
437 265
438 315
439 79
440 194
441 323
442 250
443 380
444 201
445 96
446 202
447 392
448 110
449 183
450 302
451 190
452 283
453 9
454 422
455 158
456 145
457 290
458 54
459 381
460 267
461 238
462 451
463 227
464 153
465 446
466 378
467 73
468 220
469 324
470 368
471 356
472 317
473 26
474 309
475 390
476 115
477 56
478 245
479 415
480 251
481 9
482 120
483 255
484 325
485 26
486 380
487 5
488 378
489 123
490 316
491 334
492 309
493 68
494 328
495 361
496 225
497 321
498 415
499 447
500 297
501 474
502 184
503 13
504 255
505 228
506 211
507 50
508 484
509 18
510 37
511 186
512 97
513 333
514 159
515 45
516 56
517 357
518 335
519 139
520 408
521 165
522 274
523 9
524 403
525 507
526 18
527 477
528 226
529 358
530 189
531 404
532 483
533 458
534 143
535 421
536 337
537 384
538 303
539 146
540 179
541 51
542 428
543 387
544 290
545 483
546 82
547 284
548 170
549 366
550 463
551 172
552 404
553 274
554 72
555 78
556 131
557 189
558 217
559 207
560 35
561 445
562 72
563 218
564 262
565 232
566 537
567 495
568 84
569 318
570 227
571 500
572 408
573 253
574 276
575 245
576 370
577 108
578 352
579 240
580 321
581 33
582 43
583 114
584 408
585 89
586 480
587 53
588 32
589 157
590 587
591 68
592 336
593 551
594 432
595 25
596 223
597 365
598 182
599 419
600 16
601 78
602 383
603 555
604 545
605 354
606 472
607 269
608 373
609 167
610 328
611 168
612 328
613 195
614 123
615 265
616 254
617 563
618 37
619 179
620 379
621 291
622 146
623 575
624 119
625 547
626 601
627 179
628 294
629 587
630 427
631 512
632 447
633 448
634 534
635 441
636 556
637 414
638 423
639 181
640 406
641 84
642 381
643 351
644 218
645 415
646 461
647 91
648 462
649 406
650 560
651 473
652 388
653 511
654 411
655 492
656 517
657 65
658 530
659 108
660 275
661 456
662 333
663 125
664 312
665 373
666 597
667 276
668 388
669 439
670 520
671 171
672 137
673 211
674 567
675 623
676 653
677 37
678 657
679 396
680 134
681 220
682 28
683 551
684 105
685 14
686 625
687 570
688 244
689 82
690 324
691 396
692 182
693 604
694 233
695 102
696 224
697 564
698 527
699 100
700 253
701 135
702 565
703 452
704 217
705 645
706 193
707 402
708 353
709 313
710 475
711 283
712 205
713 349
714 75
715 464
716 24
717 711
718 336
719 45
720 178
721 596
722 297
723 252
724 99
725 349
726 14
727 71
728 529
729 477
730 191
731 267
732 305
733 437
734 620
735 567
736 492
737 265
738 199
739 485
740 134
741 224
742 278
743 699
744 642
745 143
746 697
747 572
748 430
749 682
750 445
751 665
752 452
753 25
754 145
755 126
756 583
757 433
758 710
759 19
760 591
761 193
762 628
763 681
764 188
765 342
766 370
767 74
768 23
769 127
770 711
771 344
772 579
773 673
774 352
775 666
776 718
777 620
778 716
779 473
780 306
781 248
782 591
783 34
784 132
785 641
786 261
787 324
788 475
789 299
790 160
791 292
792 306
793 751
794 475
795 287
796 777
797 516
798 600
799 433
800 283
801 263
802 418
803 24
804 679
805 620
806 524
807 415
808 721
809 539
810 416
811 172
812 684
813 647
814 114
815 702
816 646
817 138
818 302
819 55
820 745
821 751
822 284
823 16
824 115
825 527
826 490
827 309
828 109
829 437
830 795
831 175
832 533
833 2
834 435
835 564
836 805
837 829
838 519
839 584
840 389
841 612
842 426
843 770
844 546
845 837
846 241
847 827
848 153
849 438
850 440
851 494
852 515
853 530
854 661
855 431
856 108
857 761
858 434
859 38
860 626
861 160
862 439
863 522
864 517
865 271
866 433
867 578
868 564
869 157
870 561
871 357
872 861
873 327
874 589
875 666
876 10
877 785
878 592
879 236
880 507
881 788
882 447
883 569
884 844
885 710
886 569
887 807
888 705
889 806
890 513
891 799
892 539
893 885
894 537
895 118
896 596
897 846
898 315
899 866
900 874
901 263
902 375
903 343
904 474
905 677
906 312
907 291
908 457
909 544
910 542
911 263
912 771
913 36
914 579
915 27
916 789
917 217
918 676
919 670
920 510
921 732
922 690
923 604
924 520
925 861
926 302
927 513
928 902
929 191
930 811
931 599
932 637
933 747
934 7
935 557
936 716
937 469
938 222
939 864
940 44
941 140
942 177
943 588
944 520
945 758
946 118
947 247
948 18
949 87
950 443
951 47
952 411
953 5
954 669
955 515
956 61
957 655
958 909
959 835
960 570
961 547
962 933
963 272
964 263
965 521
966 922
967 51
968 936
969 135
970 713
971 708
972 234
973 59
974 107
975 744
976 933
977 603
978 431
979 671
980 728
981 742
982 846
983 420
984 441
985 65
986 65
987 163
988 596
989 327
990 424
991 832
992 918
993 632
994 926
995 911
996 122
997 806
998 182
999 419
1000 295
1001 523
1002 579
1003 813
1004 351
1005 437
1006 711
1007 878
1008 554
1009 1008
1010 1008
1011 1008
1012 1008
1013 1011
1014 1013
1015 1012
1016 1015
1017 1012
1018 1012
1019 1010
1020 1019
1021 1012
1022 1012
1023 1016
1024 1021
1025 1018
1026 1019
1027 1009
1028 1026
1029 1017
1030 1024
1031 1028
1032 1029
1033 1029
1034 1014
1035 1010
1036 1030
1037 1021
1038 1020
1039 1036
1040 1032
1041 1035
1042 1026
1043 1034
1044 1010
1045 1043
1046 1026
1047 1046
1048 1020
1049 1036
1050 1011
1051 1009
1052 1010
1053 1032
1054 1053
1055 1038
1056 1051
1057 1014
1058 1044
1059 1058
1060 1012
1061 1034
1062 1022
1063 1011
1064 1010
1065 1063
1066 554
1067 1013
1068 1025
1069 1035
1070 1065
1071 1062
1072 1024
1073 1041
1074 1019
1075 554
1076 1047
1077 1068
1078 1009
1079 1041
1080 1066
1081 1042
1082 1044
1083 1033
1084 1017
1085 1042
1086 1040
1087 1036
1088 1047
1089 1079
1090 1053
1091 1068
1092 1055
1093 1047
1094 1021
1095 1009
1096 1057
1097 1091
1098 1063
1099 1077
1100 1028
1101 1071
1102 1081
1103 1048
1104 1064
1105 1056
1106 1083
1107 1105
1108 1059
1109 1091
1110 1107
1111 1091
1112 1100
1113 1112
1114 1099
1115 1041
1116 1044
1117 1114
1118 1050
1119 1027
1120 1012
1121 554
1122 1043
1123 1098
1124 1041
1125 1062
1126 1011
1127 1016
1128 1057
1129 1071
1130 1066
1131 1041
1132 1122
1133 1069
1134 1029
1135 1091
1136 1033
1137 1020
1138 1035
1139 1095
1140 1091
1141 1137
1142 1095
1143 1070
1144 1116
1145 1010
1146 1033
1147 1094
1148 1127
1149 1059
1150 1081
1151 1137
1152 1100
1153 1082
1154 1089
1155 1017
1156 1091
1157 1072
1158 1143
1159 1014
1160 1140
1161 1009
1162 1054
1163 1082
1164 1013
1165 1155
1166 1106
1167 1126
1168 1056
1169 1097
1170 1169
1171 1102
1172 1068
1173 1016
1174 1058
1175 1081
1176 1022
1177 1107
1178 1109
1179 1142
1180 1079
1181 1165
1182 1031
1183 1112
1184 1160
1185 1036
1186 1023
1187 554
1188 1093
1189 1184
1190 1141
1191 1022
1192 1147
1193 1116
1194 1103
1195 1074
1196 1032
1197 1194
1198 1027
1199 1153
1200 1101
1201 1177
1202 1162
1203 1201
1204 1082
1205 1106
1206 1078
1207 1012
1208 1159
1209 1050
1210 1177
1211 1071
1212 1201
1213 1112
1214 1109
1215 1208
1216 1143
1217 1094
1218 1194
1219 1082
1220 1027
1221 1216
1222 1022
1223 1093
1224 1106
1225 1011
1226 1095
1227 1115
1228 1157
1229 1041
1230 1228
1231 1173
1232 1085
1233 1153
1234 1227
1235 1080
1236 1043
1237 1046
1238 1122
1239 1080
1240 1074
1241 1217
1242 1035
1243 1068
1244 1170
1245 1229
1246 1012
1247 554
1248 1216
1249 1224
1250 1077
1251 1053
1252 1132
1253 1158
1254 1128
1255 1205
1256 1033
1257 1150
1258 1062
1259 1080
1260 1020
1261 1067
1262 1081
1263 1056
1264 1081
1265 1134
1266 1024
1267 1159
1268 1056
1269 1229
1270 1236
1271 1155
1272 1211
1273 1009
1274 1047
1275 1217
1276 1199
1277 1019
1278 1269
1279 1087
1280 1272
1281 1220
1282 1173
1283 1273
1284 1190
1285 1210
1286 1222
1287 1020
1288 1258
1289 1082
1290 1223
1291 1230
1292 1179
1293 1118
1294 1271
1295 1156
1296 1255
1297 1018
1298 1290
1299 1246
1300 1281
1301 1009
1302 1081
1303 1135
1304 1101
1305 1122
1306 1086
1307 1115
1308 1225
1309 1092
1310 1023
1311 1239
1312 1167
1313 1205
1314 1177
1315 1132
1316 1186
1317 1211
1318 1040
1319 1172
1320 1222
1321 1150
1322 1309
1323 1032
1324 1240
1325 1090
1326 1133
1327 1056
1328 1298
1329 1293
1330 1088
1331 1074
1332 1220
1333 1278
1334 1312
1335 1316
1336 1238
1337 1014
1338 1277
1339 1064
1340 1324
1341 1204
1342 1116
1343 1191
1344 1307
1345 1250
1346 1109
1347 1336
1348 1009
1349 1198
1350 1104
1351 1061
1352 1087
1353 1232
1354 1304
1355 1241
1356 1312
1357 1024
1358 1271
1359 1333
1360 1332
1361 1284
1362 1205
1363 1242
1364 1158
1365 1323
1366 1182
1367 1080
1368 1121
1369 1172
1370 1188
1371 1274
1372 1287
1373 1252
1374 1328
1375 1232
1376 1373
1377 1363
1378 1365
1379 1156
1380 1049
1381 1257
1382 1186
1383 1221
1384 1202
1385 1062
1386 1215
1387 1252
1388 1130
1389 1250
1390 1105
1391 1025
1392 1379
1393 1129
1394 1183
1395 1074
1396 1323
1397 1334
1398 1041
1399 1101
1400 1339
1401 1345
1402 1142
1403 1185
1404 1371
1405 1287
1406 1131
1407 1121
1408 1065
1409 1225
1410 1244
1411 1296
1412 1233
1413 1251
1414 1322
1415 1390
1416 1069
1417 1084
1418 1264
1419 1218
1420 1041
1421 1093
1422 1297
1423 1190
1424 1124
1425 1159
1426 1351
1427 1379
1428 1275
1429 1190
1430 1236
1431 1186
1432 1405
1433 1021
1434 1036
1435 1319
1436 1290
1437 1022
1438 1177
1439 1242
1440 1143
1441 1288
1442 1097
1443 1097
1444 1362
1445 1046
1446 1319
1447 1239
1448 1435
1449 1265
1450 1174
1451 1105
1452 1281
1453 1042
1454 1098
1455 1348
1456 1231
1457 1057
1458 1008
1459 1383
1460 1234
1461 1216
1462 1226
1463 1279
1464 1196
1465 1316
1466 1366
1467 1194
1468 1071
1469 1272
1470 1031
1471 1387
1472 1133
1473 1374
1474 1330
1475 1354
1476 1398
1477 1168
1478 1144
1479 1017
1480 1282
1481 1356
1482 1115
1483 1088
1484 1333
1485 1321
1486 1085
1487 1401
1488 1055
1489 1123
1490 1039
1491 1144
1492 1146
1493 1090
1494 1156
1495 1421
1496 1051
1497 1455
1498 1243
1499 1293
1500 1024
1501 1280
1502 1414
1503 1093
1504 1297
1505 1338
1506 1052
1507 1119
1508 1099
1509 1283
1510 1460
1511 1098
1512 1042
1513 1095
1514 1512
1515 1263
1516 1322
1517 1278
1518 1347
1519 1127
1520 1240
1521 1459
1522 1143
1523 1253
1524 1481
1525 1042
1526 1501
1527 1074
1528 1399
1529 1511
1530 1368
1531 1264
1532 1073
1533 1255
1534 1418
1535 1351
1536 1297
1537 1331
1538 1269
1539 1124
1540 1135
1541 1473
1542 1314
1543 1532
1544 1111
1545 1323
1546 1523
1547 1062
1548 1155
1549 1419
1550 1501
1551 1421
1552 1454
1553 1520
1554 1078
1555 1159
1556 1501
1557 1255
1558 1201
1559 1152
1560 1457
1561 1068
1562 1456
1563 1288
1564 1538
1565 1323
1566 1312
1567 1521
1568 1073
1569 1056
1570 1176
1571 1474
1572 1231
1573 1488
1574 1165
1575 1078
1576 1177
1577 1343
1578 1355
1579 1390
1580 1179
1581 1387
1582 1443
1583 1515
1584 1365
1585 1523
1586 1088
1587 1165
1588 1136
1589 1294
1590 1201
1591 1159
1592 1333
1593 1446
1594 1120
1595 1324
1596 1158
1597 1499
1598 1150
1599 1187
1600 1497
1601 1155
1602 1354
1603 1444
1604 1138
1605 1461
1606 1578
1607 1513
1608 1287
1609 1271
1610 1036
1611 1394
1612 1169
1613 1103
1614 1247
1615 1345
1616 1608
1617 1238
1618 1586
1619 1551
1620 1243
1621 1435
1622 1174
1623 1029
1624 1249
1625 1466
1626 1239
1627 1024
1628 1340
1629 1093
1630 1080
1631 1293
1632 1144
1633 1454
1634 1205
1635 1146
1636 1400
1637 1500
1638 1078
1639 1603
1640 1363
1641 1123
1642 1021
1643 1034
1644 1631
1645 1299
1646 1392
1647 1232
1648 1518
1649 1277
1650 1272
1651 1441
1652 1416
1653 1506
1654 1542
1655 1460
1656 1045
1657 1505
1658 1548
1659 1276
1660 1062
1661 1425
1662 1427
1663 1440
1664 1208
1665 1297
1666 1365
1667 1208
1668 1175
1669 1296
1670 1410
1671 1150
1672 1507
1673 1569
1674 1429
1675 1026
1676 1472
1677 1258
1678 1245
1679 1303
1680 1636
1681 1350
1682 1327
1683 1171
1684 1181
1685 1190
1686 1182
1687 1547
1688 1122
1689 1297
1690 1621
1691 1092
1692 1168
1693 1086
1694 1184
1695 1579
1696 1362
1697 1393
1698 1490
1699 1435
1700 1684
1701 1485
1702 1618
1703 1585
1704 1083
1705 1208
1706 1289
1707 1243
1708 1689
1709 1703
1710 1143
1711 1558
1712 1380
1713 1142
1714 1637
1715 1350
1716 1238
1717 1650
1718 1412
1719 1602
1720 1168
1721 1220
1722 1161
1723 1309
1724 1549
1725 1453
1726 1104
1727 1535
1728 1074
1729 1717
1730 1391
1731 1673
1732 1221
1733 1607
1734 1336
1735 1021
1736 1392
1737 1531
1738 1047
1739 1184
1740 1396
1741 1100
1742 1321
1743 1709
1744 1472
1745 1092
1746 1441
1747 1685
1748 1413
1749 1316
1750 1704
1751 1226
1752 1658
1753 1099
1754 1533
1755 1166
1756 1638
1757 1750
1758 1363
1759 1706
1760 1475
1761 1321
1762 1250
1763 1297
1764 1328
1765 1531
1766 1189
1767 1392
1768 1066
1769 1536
1770 1362
1771 1653
1772 1616
1773 1229
1774 1021
1775 1469
1776 1540
1777 1703
1778 1388
1779 1124
1780 1407
1781 1384
1782 1754
1783 1593
1784 1297
1785 1349
1786 1769
1787 1464
1788 1259
1789 1053
1790 1065
1791 1710
1792 1219
1793 1669
1794 1383
1795 1368
1796 1577
1797 1090
1798 1275
1799 1564
1800 1029
1801 1162
1802 1154
1803 1766
1804 1354
1805 1081
1806 1283
1807 1605
1808 1754
1809 1093
1810 1788
1811 1044
1812 1370
1813 1375
1814 1732
1815 1721
1816 1200
1817 1804
1818 1114
1819 1473
1820 1560
1821 1299
1822 1532
1823 1770
1824 1497
1825 1108
1826 1308
1827 1039
1828 1597
1829 1097
1830 1349
1831 1528
1832 1142
1833 1432
1834 1063
1835 1356
1836 1341
1837 1254
1838 1559
1839 1221
1840 1386
1841 1376
1842 1125
1843 1163
1844 1207
1845 1374
1846 1502
1847 1562
1848 1821
1849 1754
1850 1151
1851 1415
1852 1668
1853 1051
1854 1077
1855 1150
1856 1528
1857 1373
1858 1197
1859 1747
1860 1155
1861 1514
1862 1042
1863 1293
1864 1435
1865 1752
1866 1455
1867 1090
1868 1864
1869 1791
1870 1336
1871 1310
1872 1239
1873 1067
1874 1130
1875 1763
1876 1486
1877 1833
1878 1037
1879 1026
1880 1458
1881 1056
1882 1537
1883 1013
1884 1832
1885 1175
1886 1440
1887 1755
1888 1785
1889 1302
1890 1271
1891 1867
1892 1178
1893 1865
1894 1270
1895 1721
1896 1317
1897 1120
1898 1146
1899 1500
1900 1488
1901 1415
1902 1526
1903 1070
1904 1898
1905 1888
1906 1808
1907 1872
1908 1540
1909 1136
1910 1559
1911 1323
1912 1504
1913 1483
1914 1037
1915 1703
1916 1236
1917 1778
1918 1917
1919 1200
1920 1770
1921 1896
1922 1872
1923 1124
1924 1573
1925 1306
1926 1582
1927 1294
1928 1581
1929 1346
1930 1771
1931 1290
1932 1779
1933 1593
1934 1397
1935 1399
1936 1900
1937 1150
1938 1786
1939 1164
1940 1533
1941 1076
1942 1029
1943 1652
1944 1755
1945 1315
1946 1539
1947 1818
1948 1349
1949 1770
1950 1889
1951 1453
1952 1796
1953 1477
1954 1682
1955 1448
1956 1798
1957 1744
1958 1602
1959 1667
1960 1091
1961 1131
1962 1099
1963 1205
1964 1684
1965 1484
1966 1398
1967 1528
1968 1891
1969 1948
1970 1866
1971 1837
1972 1910
1973 1518
1974 1438
1975 1429
1976 1904
1977 1140
1978 1774
1979 1136
1980 1891
1981 1593
1982 1591
1983 1698
1984 1244
1985 1355
1986 1197
1987 1381
1988 1783
1989 1968
1990 1373
1991 1305
1992 1955
1993 1964
1994 1494
1995 1540
1996 1352
1997 1899
1998 1699
1999 1042
2000 1028
2001 1702
2002 1847
2003 1190
2004 1483
2005 1708
2006 1129
2007 1030
2008 1126
2009 1633
2010 1047
2011 1031
2012 1404
2013 1424
2014 1691
2015 1504
2016 1644
2017 1508
2018 1155
2019 1370
2020 1635
2021 1322
2022 1786
2023 2014
2024 1364
2025 1372
2026 1034
2027 1615
2028 1581
2029 1326
2030 1984
2031 1316
2032 1674
2033 1342
2034 1814
2035 1511
2036 1690
2037 1168
2038 1675
2039 1760
2040 1236
2041 1525
2042 1538
2043 1595
2044 1682
2045 1598
2046 2015
2047 1381
2048 1374
2049 2012
2050 1944
2051 1980
2052 1305
2053 1855
2054 1798
2055 1980
2056 1069
2057 1537
2058 2016
2059 1994
2060 1358
2061 1274
2062 1420
2063 1997
2064 1769
2065 1587
2066 1136
2067 1636
2068 1147
2069 1547
2070 2008
2071 1890
2072 1917
2073 1058
2074 1775
2075 1610
2076 1867
2077 1925
2078 1064
2079 1012
2080 1584
2081 1565
2082 1388
2083 1721
2084 1425
2085 1217
2086 1321
2087 1106
2088 1669
2089 1927
2090 1390
2091 1742
2092 1449
2093 1918
2094 1637
2095 1456
2096 1850
2097 1136
2098 1898
2099 1190
2100 1471
2101 1325
2102 2056
2103 1228
2104 1449
2105 1306
2106 1240
2107 1062
2108 1484
2109 1769
2110 1116
2111 1034
2112 1678
2113 1818
2114 1109
2115 1883
2116 2017
2117 1528
2118 1155
2119 1057
2120 1309
2121 2021
2122 1458
2123 1858
2124 1665
2125 2112
2126 1497
2127 1194
2128 1055
2129 1263
2130 1491
2131 1152
2132 1247
2133 1485
2134 2084
2135 1103
2136 1639
2137 2034
2138 2065
2139 1126
2140 1629
2141 1617
2142 1203
2143 1064
2144 1536
2145 1197
2146 1240
2147 1033
2148 1069
2149 1424
2150 2116
2151 1583
2152 1079
2153 1109
2154 1528
2155 1494
2156 1377
2157 1374
2158 1159
2159 1821
2160 1133
2161 1320
2162 2084
2163 2014
2164 2096
2165 1844
2166 1918
2167 1274
2168 1795
2169 1389
2170 1313
2171 1726
2172 1137
2173 1546
2174 2137
2175 1375
2176 1421
2177 1032
2178 1225
2179 1323
2180 1190
2181 1433
2182 1360
2183 1334
2184 1500
2185 1488
2186 1344
2187 1311
2188 1567
2189 1921
2190 1296
2191 1512
2192 1128
2193 1882
2194 2178
2195 1073
2196 1367
2197 1255
2198 2090
2199 1837
2200 1217
2201 1977
2202 1213
2203 1127
2204 1543
2205 1299
2206 1122
2207 1118
2208 1009
2209 1410
2210 2174
2211 1370
2212 1728
2213 2009
2214 1606
2215 1557
2216 1910
2217 1226
2218 1907
2219 1919
2220 2151
2221 1929
2222 1128
2223 1963
2224 1981
2225 1599
2226 1574
2227 1479
2228 1425
2229 1375
2230 1504
2231 1824
2232 1155
2233 1136
2234 1024
2235 2192
2236 2021
2237 1653
2238 1493
2239 1574
2240 2161
2241 1224
2242 2042
2243 2229
2244 2135
2245 2115
2246 1525
2247 1293
2248 1498
2249 1871
2250 1558
2251 2144
2252 1313
2253 1575
2254 2153
2255 1510
2256 1014
2257 1691
2258 2116
2259 1838
2260 1867
2261 1795
2262 1281
2263 1627
2264 1332
2265 1103
2266 1059
2267 1377
2268 1930
2269 2199
2270 1260
2271 1429
2272 1056
2273 2148
2274 1052
2275 1636
2276 1090
2277 2099
2278 2185
2279 1188
2280 1098
2281 1349
2282 1848
2283 1349
2284 1061
2285 1650
2286 1278
2287 1434
2288 2186
2289 1342
2290 1951
2291 1930
2292 2049
2293 1262
2294 1065
2295 1215
2296 1390
2297 2087
2298 2103
2299 2182
2300 1316
2301 1598
2302 2228
2303 2189
2304 1148
2305 1095
2306 1016
2307 1543
2308 1523
2309 1022
2310 1037
2311 1836
2312 1104
2313 1368
2314 1254
2315 1859
2316 1227
2317 1275
2318 1831
2319 1158
2320 1197
2321 1490
2322 1448
2323 1577
2324 1433
2325 1512
2326 1088
2327 2115
2328 2227
2329 2144
2330 1835
2331 2327
2332 1238
2333 1094
2334 1234
2335 2109
2336 1640
2337 2057
2338 2173
2339 1203
2340 1049
2341 2168
2342 1890
2343 1364
2344 1619
2345 1360
2346 1677
2347 1224
2348 1419
2349 1061
2350 1638
2351 1258
2352 1808
2353 2349
2354 2011
2355 1037
2356 1470
2357 2327
2358 1285
2359 1975
2360 1467
2361 1084
2362 1179
2363 2265
2364 2062
2365 1496
2366 1243
2367 1221
2368 1045
2369 1902
2370 1954
2371 2035
2372 1829
2373 1273
2374 1446
2375 1229
2376 1163
2377 2048
2378 1730
2379 2266
2380 1548
2381 1437
2382 1988
2383 1127
2384 1455
2385 1244
2386 2158
2387 1233
2388 1665
2389 2244
2390 2267
2391 1748
2392 2091
2393 2068
2394 1775
2395 2135
2396 1743
2397 1926
2398 2106
2399 1270
2400 1950
2401 1743
2402 1230
2403 2271
2404 1051
2405 2150
2406 1314
2407 1325
2408 1614
2409 1384
2410 1532
2411 1880
2412 1303
2413 1767
2414 2313
2415 1563
2416 1088
2417 1338
2418 2133
2419 1473
2420 1049
2421 2150
2422 1816
2423 1025
2424 1655
2425 1767
2426 2189
2427 2286
2428 1019
2429 1734
2430 2129
2431 1663
2432 1135
2433 2307
2434 2359
2435 1527
2436 1838
2437 1908
2438 1505
2439 1286
2440 1613
2441 1531
2442 1662
2443 2275
2444 1174
2445 1108
2446 2189
2447 1896
2448 1438
2449 2003
2450 2300
2451 2297
2452 1281
2453 1267
2454 2085
2455 1254
2456 1063
2457 2033
2458 1801
2459 2172
2460 2028
2461 1687
2462 2170
2463 1376
2464 1361
2465 1017
2466 1157
2467 1828
2468 2040
2469 1606
2470 1970
2471 2311
2472 1636
2473 1083
2474 2273
2475 1497
2476 2121
2477 1779
2478 1235
2479 1261
2480 2444
2481 1795
2482 2162
2483 1046
2484 1781
2485 2281
2486 1246
2487 1739
2488 1967
2489 1430
2490 1227
2491 2471
2492 2201
2493 1646
2494 2202
2495 1833
2496 2459
2497 1595
2498 1359
2499 1317
2500 1017
2501 1022
2502 1089
2503 1233
2504 1643
2505 2370
2506 1962
2507 1884
2508 1651
2509 1730
2510 1693
2511 1515
2512 1234
2513 2179
2514 1081
2515 1591
2516 1436
2517 1645
2518 1477
2519 1416
2520 2483
2521 2401
2522 1057
2523 1282
2524 2405
2525 2007
2526 1093
2527 1323
2528 2319
2529 1145
2530 1762
2531 1138
2532 2528
2533 1586
2534 1935
2535 1082
2536 2024
2537 1234
2538 1037
2539 1027
2540 1531
2541 1683
2542 1102
2543 1568
2544 1575
2545 2259
2546 2479
2547 2396
2548 1587
2549 1492
2550 1992
2551 2054
2552 2165
2553 1401
2554 2121
2555 1245
2556 1505
2557 1668
2558 1735
2559 2548
2560 2083
2561 1911
2562 2024
2563 2363
2564 1699
2565 1146
2566 1943
2567 1308
2568 1542
2569 2335
2570 1960
2571 2467
2572 1250
2573 1045
2574 2127
2575 2574
2576 1564
2577 1056
2578 2111
2579 2522
2580 2392
2581 1810
2582 1492
2583 1028
2584 1379
2585 1771
2586 2076
2587 1345
2588 1569
2589 1332
2590 1940
2591 1270
2592 1247
2593 1862
2594 1076
2595 2441
2596 1192
2597 1925
2598 2517
2599 2446
2600 1815
2601 1905
2602 2300
2603 1618
2604 2562
2605 1304
2606 1069
2607 2549
2608 1759
2609 1503
2610 1957
2611 1435
2612 2023
2613 1071
2614 1233
2615 1250
2616 1920
2617 1780
2618 1377
2619 1052
2620 1964
2621 1530
2622 1139
2623 2113
2624 2500
2625 1141
2626 1360
2627 2290
2628 1796
2629 2272
2630 1326
2631 1921
2632 1494
2633 1547
2634 1692
2635 1218
2636 1423
2637 2188
2638 1247
2639 1267
2640 1524
2641 1102
2642 1303
2643 2069
2644 1451
2645 2328
2646 1938
2647 2009
2648 1384
2649 1313
2650 1179
2651 2164
2652 1164
2653 1336
2654 2567
2655 1219
2656 2405
2657 2112
2658 2468
2659 1512
2660 1697
2661 1721
2662 1195
2663 2123
2664 1945
2665 1681
2666 2219
2667 1767
2668 1669
2669 1465
2670 1436
2671 2602
2672 1585
2673 2287
2674 1184
2675 2004
2676 2109
2677 1102
2678 1425
2679 1928
2680 1418
2681 1479
2682 2060
2683 1041
2684 2579
2685 2529
2686 2124
2687 2142
2688 1741
2689 1827
2690 2153
2691 1483
2692 2003
2693 1701
2694 1178
2695 1374
2696 1739
2697 2602
2698 2403
2699 1931
2700 2193
2701 1217
2702 2012
2703 1017
2704 1063
2705 1287
2706 1351
2707 1506
2708 1877
2709 1571
2710 1160
2711 2079
2712 2572
2713 1740
2714 1468
2715 1889
2716 2033
2717 1459
2718 1152
2719 1153
2720 1627
2721 2509
2722 2640
2723 1557
2724 1819
2725 1469
2726 1621
2727 1081
2728 2485
2729 1610
2730 1351
2731 1188
2732 2219
2733 1990
2734 1113
2735 2304
2736 1109
2737 2565
2738 2122
2739 2581
2740 2613
2741 2737
2742 2198
2743 1030
2744 2405
2745 1108
2746 1453
2747 2458
2748 2300
2749 2046
2750 1191
2751 1772
2752 1124
2753 1345
2754 1413
2755 2732
2756 2015
2757 2320
2758 2445
2759 1061
2760 2585
2761 2605
2762 1206
2763 1376
2764 1794
2765 1307
2766 2062
2767 1439
2768 2338
2769 2669
2770 1396
2771 1624
2772 2009
2773 1861
2774 1317
2775 2453
2776 1792
2777 1740
2778 2512
2779 1687
2780 2678
2781 1707
2782 2251
2783 2080
2784 2576
2785 2125
2786 1400
2787 1843
2788 1225
2789 2227
2790 1949
2791 1376
2792 1686
2793 1819
2794 1597
2795 2790
2796 1952
2797 1040
2798 1085
2799 1719
2800 2503
2801 2147
2802 1013
2803 1211
2804 1117
2805 2655
2806 2064
2807 1725
2808 1767
2809 1031
2810 1940
2811 2176
2812 2237
2813 1845
2814 1824
2815 2236
2816 1129
2817 1298
2818 1074
2819 1167
2820 1208
2821 1737
2822 2072
2823 2820
2824 1952
2825 1138
2826 1946
2827 1483
2828 2476
2829 1402
2830 1094
2831 1671
2832 2766
2833 1298
2834 1649
2835 1654
2836 2575
2837 2076
2838 2520
2839 2365
2840 1486
2841 2813
2842 1637
2843 1646
2844 1302
2845 2554
2846 1869
2847 1808
2848 2516
2849 2422
2850 2275
2851 1766
2852 2172
2853 1570
2854 1407
2855 2392
2856 2087
2857 1362
2858 2192
2859 1257
2860 2789
2861 1506
2862 1980
2863 2127
2864 1078
2865 2454
2866 2573
2867 2090
2868 1746
2869 1221
2870 1537
2871 1053
2872 1884
2873 2304
2874 2212
2875 2612
2876 2287
2877 2232
2878 1205
2879 2060
2880 1147
2881 1467
2882 1471
2883 1730
2884 1540
2885 1073
2886 1979
2887 1757
2888 1302
2889 2590
2890 1735
2891 2787
2892 1951
2893 2648
2894 1735
2895 2575
2896 2412
2897 1217
2898 1144
2899 2426
2900 1412
2901 1926
2902 1433
2903 2134
2904 1390
2905 2771
2906 1284
2907 1974
2908 1186
2909 2160
2910 2807
2911 1889
2912 2311
2913 2783
2914 1331
2915 1614
2916 2634
2917 2042
2918 1645
2919 1417
2920 2869
2921 2818
2922 1170
2923 2249
2924 1276
2925 1028
2926 2315
2927 1608
2928 2068
2929 1893
2930 1736
2931 2706
2932 2639
2933 2001
2934 1593
2935 1623
2936 1314
2937 2165
2938 2566
2939 2672
2940 2578
2941 1353
2942 1528
2943 1246
2944 2269
2945 1464
2946 2204
2947 1211
2948 2898
2949 1794
2950 2022
2951 1942
2952 2790
2953 1057
2954 2949
2955 1411
2956 2578
2957 2167
2958 1869
2959 2841
2960 2005
2961 2052
2962 2174
2963 1255
2964 1957
2965 1121
2966 2291
2967 2944
2968 2229
2969 2566
2970 1356
2971 1198
2972 1596
2973 2566
2974 1147
2975 2755
2976 2375
2977 1148
2978 1928
2979 1987
2980 2489
2981 1631
2982 1729
2983 2931
2984 2876
2985 1042
2986 1775
2987 2418
2988 2634
2989 2311
2990 2628
2991 2722
2992 2410
2993 2626
2994 2986
2995 1507
2996 2772
2997 1357
2998 1145
2999 1209
3000 2347
3001 2215
3002 1154
3003 1261
3004 1841
3005 2594
3006 1506
3007 1248
3008 2517
3009 1724
3010 2700
3011 1180
3012 1250
3013 2085
3014 2731
3015 1441
3016 2046
3017 1247
3018 1687
3019 2069
3020 2649
3021 1782
3022 1051
3023 1380
3024 2413
3025 2384
3026 2335
3027 2484
3028 1744
3029 2845
3030 1925
3031 2922
3032 1465
3033 1062
3034 1199
3035 1312
3036 1474
3037 1328
3038 1230
3039 1109
3040 2439
3041 2506
3042 2520
3043 1081
3044 1672
3045 1936
3046 1084
3047 1694
3048 2361
3049 2994
3050 1639
3051 1832
3052 1898
3053 2820
3054 1775
3055 1885
3056 1816
3057 1249
3058 2679
3059 2486
3060 1769
3061 1299
3062 2323
3063 2052
3064 1097
3065 2025
3066 2480
3067 2688
3068 2997
3069 2909
3070 1692
3071 1491
3072 1880
3073 1774
3074 1479
3075 2982
3076 1945
3077 2046
3078 1901
3079 2828
3080 1818
3081 2853
3082 1892
3083 1927
3084 2606
3085 1913
3086 2018
3087 1999
3088 1648
3089 1529
3090 1202
3091 2731
3092 2786
3093 1618
3094 1386
3095 2902
3096 1319
3097 2383
3098 1822
3099 1207
3100 2047
3101 2879
3102 3028
3103 1945
3104 1639
3105 1951
3106 1776
3107 1424
3108 2732
3109 1129
3110 2606
3111 1842
3112 2570
3113 1793
3114 1995
3115 2855
3116 1171
3117 2271
3118 3032
3119 2169
3120 1658
3121 1938
3122 2524
3123 1085
3124 2773
3125 2007
3126 1207
3127 1608
3128 2298
3129 2973
3130 1490
3131 2723
3132 1138
3133 2285
3134 2024
3135 1512
3136 1535
3137 1434
3138 2573
3139 2582
3140 1844
3141 3102
3142 2852
3143 2568
3144 2884
3145 2053
3146 3045
3147 2927
3148 2650
3149 2855
3150 1120
3151 3036
3152 2813
3153 1287
3154 1676
3155 2463
3156 2631
3157 1050
3158 2650
3159 1547
3160 2661
3161 1085
3162 2553
3163 2067
3164 2985
3165 1865
3166 1869
3167 2622
3168 1486
3169 1889
3170 2904
3171 1068
3172 1354
3173 2829
3174 2828
3175 1471
3176 2350
3177 2729
3178 1455
3179 1523
3180 2653
3181 2169
3182 1114
3183 1399
3184 2303
3185 2270
3186 2510
3187 3173
3188 1020
3189 1237
3190 1060
3191 1165
3192 2728
3193 3055
3194 2326
3195 2259
3196 2077
3197 2099
3198 1960
3199 1133
3200 2360
3201 1281
3202 2153
3203 3110
3204 1550
3205 2068
3206 2518
3207 1230
3208 1205
3209 2272
3210 2364
3211 2063
3212 1065
3213 1110
3214 2202
3215 2505
3216 1379
3217 3026
3218 2723
3219 1175
3220 2382
3221 2941
3222 2703
3223 1688
3224 2028
3225 2262
3226 2230
3227 2856
3228 1947
3229 1772
3230 1351
3231 2436
3232 1926
3233 2760
3234 1155
3235 2629
3236 2053
3237 2242
3238 1834
3239 1221
3240 2774
3241 2883
3242 1568
3243 1320
3244 2103
3245 2015
3246 2466
3247 1685
3248 1350
3249 1888
3250 3034
3251 2250
3252 3017
3253 2703
3254 1484
3255 1924
3256 1676
3257 2939
3258 3226
3259 2364
3260 2391
3261 1097
3262 3145
3263 2403
3264 3006
3265 1282
3266 2002
3267 2584
3268 2356
3269 2630
3270 3221
3271 2180
3272 2046
3273 1134
3274 2346
3275 2949
3276 3203
3277 1084
3278 1231
3279 2648
3280 3195
3281 1116
3282 2256
3283 1957
3284 1751
3285 2701
3286 1173
3287 1751
3288 1435
3289 2448
3290 1587
3291 1277
3292 2692
3293 3092
3294 1948
3295 2651
3296 2851
3297 3106
3298 2637
3299 2439
3300 2573
3301 2780
3302 2277
3303 2572
3304 2232
3305 2763
3306 1173
3307 1662
3308 2704
3309 3047
3310 3112
3311 1556
3312 2148
3313 2314
3314 2042
3315 2344
3316 1874
3317 3277
3318 1638
3319 2979
3320 1270
3321 3319
3322 1356
3323 2359
3324 1410
3325 3159
3326 1636
3327 2635
3328 1249
3329 1231
3330 2151
3331 1650
3332 2986
3333 3241
3334 2305
3335 1132
3336 2545
3337 2112
3338 1704
3339 3327
3340 2477
3341 2573
3342 2184
3343 1800
3344 2834
3345 2591
3346 1831
3347 1508
3348 2325
3349 2418
3350 1916
3351 2295
3352 2521
3353 1021
3354 1271
3355 2460
3356 1246
3357 1091
3358 2505
3359 2211
3360 2905
3361 1860
3362 2935
3363 2514
3364 1143
3365 2040
3366 2979
3367 2444
3368 2249
3369 2896
3370 1953
3371 2681
3372 2305
3373 1648
3374 1552
3375 1076
3376 3353
3377 2227
3378 3116
3379 3152
3380 2416
3381 1601
3382 1518
3383 3011
3384 1742
3385 2269
3386 1099
3387 1390
3388 3352
3389 2801
3390 2795
3391 2867
3392 1312
3393 1252
3394 1029
3395 3373
3396 1560
3397 1469
3398 2884
3399 2060
3400 2661
3401 1548
3402 1891
3403 1027
3404 2512
3405 3136
3406 1219
3407 2488
3408 3357
3409 2647
3410 1336
3411 1419
3412 3052
3413 2334
3414 1372
3415 2872
3416 2590
3417 2033
3418 1241
3419 1260
3420 1817
3421 1657
3422 3066
3423 2684
3424 2055
3425 2752
3426 1713
3427 1554
3428 3387
3429 2846
3430 3129
3431 3293
3432 1120
3433 3228
3434 1422
3435 3085
3436 2026
3437 1217
3438 2732
3439 2613
3440 2429
3441 2956
3442 3064
3443 3064
3444 3365
3445 1181
3446 2078
3447 1876
3448 1264
3449 2775
3450 1783
3451 1238
3452 1548
3453 2233
3454 2106
3455 3452
3456 3393
3457 1355
3458 1629
3459 2590
3460 1156
3461 2937
3462 1507
3463 1910
3464 1993
3465 1211
3466 2642
3467 2792
3468 1256
3469 2141
3470 1744
3471 2666
3472 3114
3473 2621
3474 2933
3475 2864
3476 3171
3477 2337
3478 2159
3479 1945
3480 2391
3481 1382
3482 3364
3483 2909
3484 3332
3485 3378
3486 3257
3487 1477
3488 3412
3489 3023
3490 1159
3491 1642
3492 2527
3493 1249
3494 1482
3495 2615
3496 2782
3497 2832
3498 2683
3499 3354
3500 1100
3501 2646
3502 1914
3503 2199
3504 3484
3505 3491
3506 1855
3507 2869
3508 2729
3509 2258
3510 3165
3511 1223
3512 3041
3513 1889
3514 3205
3515 2024
3516 1040
3517 2323
3518 1960
3519 1783
3520 1300
3521 2905
3522 2309
3523 3487
3524 2539
3525 2001
3526 3254
3527 2376
3528 1432
3529 3373
3530 2229
3531 2645
3532 1642
3533 1069
3534 3467
3535 2141
3536 1467
3537 2895
3538 1568
3539 3470
3540 2158
3541 2147
3542 3240
3543 2308
3544 1767
3545 2840
3546 3065
3547 1759
3548 1048
3549 3078
3550 2111
3551 1680
3552 2851
3553 1663
3554 2634
3555 1252
3556 2321
3557 2015
3558 2389
3559 1738
3560 1620
3561 2060
3562 2080
3563 2880
3564 3460
3565 2652
3566 1076
3567 1242
3568 1463
3569 2254
3570 1301
3571 3327
3572 3288
3573 2461
3574 1637
3575 2314
3576 3000
3577 1035
3578 2945
3579 2786
3580 2357
3581 1172
3582 1663
3583 1906
3584 1692
3585 3041
3586 3315
3587 2078
3588 2060
3589 1202
3590 1939
3591 3212
3592 1580
3593 1655
3594 1469
3595 1864
3596 1426
3597 2666
3598 1265
3599 2064
3600 2221
3601 1612
3602 3483
3603 2785
3604 3019
3605 1605
3606 1806
3607 2792
3608 1023
3609 1135
3610 2864
3611 1577
3612 2629
3613 2409
3614 1959
3615 3020
3616 2136
3617 3006
3618 2038
3619 1175
3620 1849
3621 1840
3622 1064
3623 1390
3624 1502
3625 1363
3626 2510
3627 1011
3628 1571
3629 2946
3630 2180
3631 2558
3632 2791
3633 3481
3634 3327
3635 1582
3636 1584
3637 1658
3638 3261
3639 2094
3640 2326
3641 1783
3642 2159
3643 1589
3644 3602
3645 1811
3646 1307
3647 1199
3648 3332
3649 1809
3650 2821
3651 2581
3652 1967
3653 3435
3654 1674
3655 1712
3656 1376
3657 2351
3658 2670
3659 2987
3660 1602
3661 1916
3662 1451
3663 3397
3664 2334
3665 3280
3666 1809
3667 1272
3668 2095
3669 2669
3670 2356
3671 1925
3672 3242
3673 2581
3674 2289
3675 1861
3676 1680
3677 1103
3678 1419
3679 1945
3680 2912
3681 3114
3682 2098
3683 2695
3684 2872
3685 2355
3686 2673
3687 1067
3688 2398
3689 2663
3690 3398
3691 1175
3692 3329
3693 2106
3694 1530
3695 2819
3696 1184
3697 3365
3698 2667
3699 2838
3700 1134
3701 1857
3702 2573
3703 1843
3704 3174
3705 2637
3706 3466
3707 2177
3708 1182
3709 2380
3710 2333
3711 1676
3712 1132
3713 1844
3714 1840
3715 1606
3716 3640
3717 1746
3718 3588
3719 1798
3720 3258
3721 1230
3722 2102
3723 1512
3724 2879
3725 3415
3726 2406
3727 2266
3728 1696
3729 1061
3730 2031
3731 3341
3732 3601
3733 1184
3734 2630
3735 1522
3736 3292
3737 3028
3738 1231
3739 2114
3740 3114
3741 1550
3742 1663
3743 1479
3744 3466
3745 2799
3746 3090
3747 2016
3748 2195
3749 1668
3750 2457
3751 1193
3752 2665
3753 2019
3754 2105
3755 3556
3756 2261
3757 1701
3758 2766
3759 2474
3760 3428
3761 1939
3762 2798
3763 1428
3764 2058
3765 1738
3766 1577
3767 3218
3768 3370
3769 3543
3770 2405
3771 3583
3772 1752
3773 3281
3774 2635
3775 3658
3776 1670
3777 1431
3778 2861
3779 1251
3780 2787
3781 1712
3782 2360
3783 3428
3784 2582
3785 2792
3786 3537
3787 2337
3788 2624
3789 3590
3790 3017
3791 1169
3792 2168
3793 3779
3794 1873
3795 2163
3796 1356
3797 3450
3798 1503
3799 3409
3800 3747
3801 2248
3802 2102
3803 1448
3804 2925
3805 3449
3806 1392
3807 1558
3808 3084
3809 1620
3810 3367
3811 3650
3812 1100
3813 1190
3814 2722
3815 1024
3816 2090
3817 1685
3818 2019
3819 2422
3820 1505
3821 1048
3822 2039
3823 3249
3824 1896
3825 3715
3826 2465
3827 2414
3828 3379
3829 1463
3830 3233
3831 2177
3832 1939
3833 2137
3834 2495
3835 2881
3836 2030
3837 1644
3838 3138
3839 3274
3840 2828
3841 1276
3842 3069
3843 1197
3844 2841
3845 1606
3846 2306
3847 1332
3848 3146
3849 2527
3850 2834
3851 1796
3852 3378
3853 2277
3854 2840
3855 1257
3856 1180
3857 3814
3858 2936
3859 2073
3860 1249
3861 3733
3862 1701
3863 1305
3864 2187
3865 2545
3866 2897
3867 2991
3868 1861
3869 3740
3870 2748
3871 2214
3872 2889
3873 1883
3874 2943
3875 1061
3876 3349
3877 2427
3878 2651
3879 1576
3880 1219
3881 2086
3882 3464
3883 2237
3884 2955
3885 3465
3886 2298
3887 1113
3888 3487
3889 2879
3890 2555
3891 2041
3892 1238
3893 3734
3894 1057
3895 1129
3896 2049
3897 1409
3898 2127
3899 2148
3900 3031
3901 2434
3902 1713
3903 1050
3904 1317
3905 1956
3906 2828
3907 1789
3908 1571
3909 2876
3910 2376
3911 1364
3912 2286
3913 1568
3914 3555
3915 2995
3916 1972
3917 2441
3918 2119
3919 1441
3920 2081
3921 1222
3922 1719
3923 2205
3924 2040
3925 1319
3926 2916
3927 3906
3928 3371
3929 1197
3930 2026
3931 1266
3932 2625
3933 1916
3934 1832
3935 2775
3936 2663
3937 3113
3938 2392
3939 1125
3940 2175
3941 1293
3942 3773
3943 1017
3944 1959
3945 1829
3946 1735
3947 1378
3948 3091
3949 3047
3950 3192
3951 3170
3952 3873
3953 2677
3954 2185
3955 3493
3956 2694
3957 1899
3958 2451
3959 3666
3960 2646
3961 3481
3962 3344
3963 2945
3964 1785
3965 3744
3966 1146
3967 3707
3968 1753
3969 3840
3970 3289
3971 3481
3972 2801
3973 1017
3974 3948
3975 1374
3976 1319
3977 3637
3978 1026
3979 3884
3980 2197
3981 3642
3982 3142
3983 3611
3984 3250
3985 2207
3986 1632
3987 2710
3988 3365
3989 2456
3990 1865
3991 2779
3992 3240
3993 3680
3994 3811
3995 2147
3996 3570
3997 2297
3998 2219
3999 3944
4000 3961
4001 1990
4002 3278
4003 1730
4004 1653
4005 1067
4006 2407
4007 2427
4008 1431
4009 3614
4010 1773
4011 2415
4012 2674
4013 2271
4014 2203
4015 2700
4016 2913
4017 2772
4018 3576
4019 2118
4020 3492
4021 1338
4022 2581
4023 2453
4024 3103
4025 1235
4026 3693
4027 3918
4028 3905
4029 3600
4030 2605
4031 3454
4032 4020
4033 3552
4034 2961
4035 1271
4036 3135
4037 2571
4038 2029
4039 2112
4040 2208
4041 3449
4042 1262
4043 3253
4044 3469
4045 3284
4046 2205
4047 2933
4048 3653
4049 2782
4050 2284
4051 3467
4052 2140
4053 1892
4054 3287
4055 3246
4056 3119
4057 3526
4058 3852
4059 2865
4060 2304
4061 2373
4062 1413
4063 1467
4064 1051
4065 1654
4066 3792
4067 2280
4068 3176
4069 1849
4070 3828
4071 4054
4072 2581
4073 2138
4074 3390
4075 2789
4076 1172
4077 2505
4078 1023
4079 3735
4080 3970
4081 3647
4082 2437
4083 2092
4084 3104
4085 1661
4086 2988
4087 3016
4088 2015
4089 1463
4090 3741
4091 2852
4092 4070
4093 1086
4094 1226
4095 3329
4096 1398
4097 3727
4098 3947
4099 3165
4100 3065
4101 2057
4102 1674
4103 1620
4104 3050
4105 3864
4106 2331
4107 1224
4108 1550
4109 2969
4110 2365
4111 3665
4112 3829
4113 2563
4114 1745
4115 2754
4116 2947
4117 3759
4118 1348
4119 4042
4120 1251
4121 1557
4122 1517
4123 3400
4124 1840
4125 1230
4126 2494
4127 1935
4128 2600
4129 3167
4130 3042
4131 2575
4132 3778
4133 1308
4134 3417
4135 4042
4136 2089
4137 3787
4138 2829
4139 3124
4140 2544
4141 3618
4142 2766
4143 1603
4144 2654
4145 2274
4146 2827
4147 1412
4148 2319
4149 2118
4150 1984
4151 3828
4152 2764
4153 3911
4154 1882
4155 3324
4156 3340
4157 1226
4158 3857
4159 2069
4160 1042
4161 3476
4162 2494
4163 1857
4164 4049
4165 1465
4166 3950
4167 1208
4168 3001
4169 2957
4170 3494
4171 3756
4172 3275
4173 1738
4174 2237
4175 4110
4176 2095
4177 1065
4178 2531
4179 2142
4180 3436
4181 1559
4182 3846
4183 1247
4184 1878
4185 1083
4186 3169
4187 2448
4188 4028
4189 3854
4190 3506
4191 3908
4192 3978
4193 3483
4194 3042
4195 3423
4196 1522
4197 1046
4198 2223
4199 3911
4200 1437
4201 3848
4202 1609
4203 1452
4204 2079
4205 3027
4206 3285
4207 1872
4208 2676
4209 3977
4210 1982
4211 1560
4212 2010
4213 2930
4214 1604
4215 1753
4216 2316
4217 2337
4218 1601
4219 3428
4220 3626
4221 2514
4222 2367
4223 2267
4224 1433
4225 2921
4226 1043
4227 2121
4228 2958
4229 1558
4230 4067
4231 3902
4232 1826
4233 3782
4234 3971
4235 1220
4236 1693
4237 2379
4238 4085
4239 3947
4240 3087
4241 3338
4242 1437
4243 2966
4244 3470
4245 4126
4246 1804
4247 3516
4248 804
4249 4248
4250 4248
4251 4250
4252 4250
4253 4250
4254 4249
4255 4254
4256 4248
4257 4253
4258 4257
4259 4251
4260 4252
4261 4248
4262 4252
4263 4262
4264 4249
4265 4253
4266 4261
4267 4255
4268 4258
4269 4267
4270 4269
4271 4258
4272 4248
4273 4270
4274 4270
4275 4272
4276 4249
4277 4264
4278 4273
4279 4252
4280 4267
4281 4257
4282 4269
4283 4282
4284 4272
4285 4273
4286 4270
4287 4267
4288 4253
4289 4274
4290 4257
4291 4287
4292 4283
4293 4260
4294 4284
4295 4266
4296 4268
4297 4269
4298 4252
4299 4272
4300 4269
4301 4282
4302 4279
4303 4289
4304 4265
4305 4278
4306 4280
4307 4269
4308 4298
4309 4275
4310 4274
4311 4281
4312 4307
4313 4289
4314 4257
4315 4256
4316 4262
4317 4273
4318 4298
4319 4275
4320 4317
4321 4293
4322 4275
4323 4266
4324 4252
4325 4297
4326 4271
4327 4273
4328 4325
4329 4250
4330 4294
4331 4251
4332 4256
4333 4310
4334 4329
4335 4314
4336 4323
4337 4286
4338 4328
4339 4269
4340 4252
4341 4312
4342 4248
4343 4281
4344 4310
4345 4304
4346 4254
4347 4325
4348 4300
4349 4264
4350 4249
4351 4309
4352 4283
4353 4347
4354 4332
4355 4327
4356 4350
4357 4287
4358 4316
4359 4313
4360 4259
4361 4253
4362 4307
4363 4261
4364 4253
4365 4296
4366 4365
4367 4285
4368 4309
4369 4325
4370 4367
4371 4307
4372 4338
4373 4306
4374 4306
4375 4250
4376 4311
4377 4322
4378 4267
4379 4327
4380 804
4381 4292
4382 4315
4383 4314
4384 4309
4385 4258
4386 4251
4387 4326
4388 4380
4389 4260
4390 4363
4391 4388
4392 4255
4393 4316
4394 4354
4395 4300
4396 4364
4397 4325
4398 4280
4399 4291
4400 4388
4401 4394
4402 4354
4403 4299
4404 4386
4405 4278
4406 4287
4407 4350
4408 4367
4409 4395
4410 4341
4411 4308
4412 4410
4413 4303
4414 4349
4415 4344
4416 4377
4417 4376
4418 4268
4419 4315
4420 4269
4421 4272
4422 4288
4423 4369
4424 4370
4425 4409
4426 4278
4427 4334
4428 4256
4429 4400
4430 4365
4431 4258
4432 4331
4433 4425
4434 4402
4435 4394
4436 4388
4437 4368
4438 4384
4439 4421
4440 4310
4441 4407
4442 4422
4443 4271
4444 4342
4445 4409
4446 4433
4447 4417
4448 4414
4449 4388
4450 4331
4451 4335
4452 4410
4453 4421
4454 4291
4455 4337
4456 4445
4457 4311
4458 4334
4459 4326
4460 4304
4461 4272
4462 4425
4463 4452
4464 4358
4465 4254
4466 4414
4467 4251
4468 4256
4469 4309
4470 4260
4471 4301
4472 4367
4473 4418
4474 4414
4475 4408
4476 4316
4477 4341
4478 4367
4479 4300
4480 4467
4481 4465
4482 4348
4483 4249
4484 4463
4485 4433
4486 4448
4487 4258
4488 4475
4489 4301
4490 4439
4491 4293
4492 4457
4493 4486
4494 4365
4495 4353
4496 4451
4497 4397
4498 4332
4499 4410
4500 4341
4501 4320
4502 4387
4503 4344
4504 4312
4505 4431
4506 4419
4507 4316
4508 4313
4509 4410
4510 4417
4511 4482
4512 4497
4513 4417
4514 4393
4515 4309
4516 4419
4517 4264
4518 4362
4519 4374
4520 4320
4521 4323
4522 4449
4523 4426
4524 4521
4525 4327
4526 4333
4527 4271
4528 4420
4529 4263
4530 4339
4531 4443
4532 4421
4533 4407
4534 4439
4535 4357
4536 4365
4537 4340
4538 4254
4539 4426
4540 4472
4541 4532
4542 4369
4543 4265
4544 4378
4545 4290
4546 4305
4547 4287
4548 4327
4549 4423
4550 4357
4551 4492
4552 4268
4553 4321
4554 4345
4555 4313
4556 4463
4557 4455
4558 4284
4559 4504
4560 4462
4561 4501
4562 4359
4563 4562
4564 4428
4565 4510
4566 4305
4567 4532
4568 4442
4569 4398
4570 4259
4571 4426
4572 4520
4573 4251
4574 4382
4575 4515
4576 4405
4577 4409
4578 4364
4579 4400
4580 4445
4581 4413
4582 4477
4583 4549
4584 4250
4585 4446
4586 4443
4587 4470
4588 4321
4589 4511
4590 4437
4591 4331
4592 4449
4593 4373
4594 4407
4595 4460
4596 4310
4597 4518
4598 4509
4599 4486
4600 4283
4601 4588
4602 4403
4603 4332
4604 4357
4605 4548
4606 4551
4607 4271
4608 4505
4609 4385
4610 4257
4611 4475
4612 4459
4613 4466
4614 4374
4615 4463
4616 4448
4617 4255
4618 4596
4619 4541
4620 4369
4621 4599
4622 4285
4623 4448
4624 4543
4625 4462
4626 4597
4627 4272
4628 4499
4629 4311
4630 4325
4631 4602
4632 4624
4633 4528
4634 4319
4635 4585
4636 4550
4637 4273
4638 4311
4639 4461
4640 4502
4641 4364
4642 4628
4643 4368
4644 4467
4645 4451
4646 4468
4647 4332
4648 4259
4649 4312
4650 4337
4651 4259
4652 4526
4653 4651
4654 4462
4655 4319
4656 4395
4657 4572
4658 4601
4659 4450
4660 4404
4661 4587
4662 4328
4663 4560
4664 4583
4665 4394
4666 4407
4667 4252
4668 4478
4669 4449
4670 4623
4671 4318
4672 4327
4673 4280
4674 4393
4675 4567
4676 4364
4677 4378
4678 4459
4679 4476
4680 4675
4681 4540
4682 4531
4683 4483
4684 4377
4685 4466
4686 4446
4687 4345
4688 4648
4689 4443
4690 4442
4691 4359
4692 4468
4693 4492
4694 4367
4695 4616
4696 4335
4697 4479
4698 4250
4699 4593
4700 4308
4701 4253
4702 4459
4703 4257
4704 4626
4705 4338
4706 4467
4707 4625
4708 4485
4709 4679
4710 4635
4711 4525
4712 4665
4713 4501
4714 4429
4715 4461
4716 4597
4717 4625
4718 4596
4719 4261
4720 4716
4721 4675
4722 4584
4723 4498
4724 4385
4725 4310
4726 4256
4727 4514
4728 4421
4729 4399
4730 4564
4731 4644
4732 4266
4733 4617
4734 4423
4735 4518
4736 4582
4737 4403
4738 4293
4739 4337
4740 4676
4741 4403
4742 4701
4743 4273
4744 4308
4745 4371
4746 4506
4747 4477
4748 4482
4749 4606
4750 4673
4751 4515
4752 4291
4753 4304
4754 4262
4755 4483
4756 4577
4757 4521
4758 4371
4759 4639
4760 4645
4761 4449
4762 4505
4763 4477
4764 4758
4765 4675
4766 4569
4767 4685
4768 4259
4769 4447
4770 4761
4771 4483
4772 4459
4773 4405
4774 4443
4775 4263
4776 4552
4777 4279
4778 4412
4779 4476
4780 4689
4781 4426
4782 4751
4783 4596
4784 4342
4785 4738
4786 4693
4787 4650
4788 4274
4789 4412
4790 4372
4791 4734
4792 4610
4793 4290
4794 4502
4795 4709
4796 4262
4797 4636
4798 4421
4799 4351
4800 4639
4801 4660
4802 4725
4803 4627
4804 4409
4805 4733
4806 4355
4807 4783
4808 4741
4809 4394
4810 4465
4811 4805
4812 4796
4813 4343
4814 4646
4815 4711
4816 4673
4817 4702
4818 4411
4819 4791
4820 4420
4821 4489
4822 4374
4823 4544
4824 4383
4825 4395
4826 4314
4827 4427
4828 4584
4829 4253
4830 4322
4831 4683
4832 4831
4833 4613
4834 4579
4835 4662
4836 4295
4837 4661
4838 4818
4839 4809
4840 4356
4841 4574
4842 4700
4843 4496
4844 4494
4845 4733
4846 4390
4847 4308
4848 4380
4849 4358
4850 4668
4851 4595
4852 4400
4853 4567
4854 4767
4855 4451
4856 4836
4857 4309
4858 4820
4859 4596
4860 4775
4861 4670
4862 4512
4863 4553
4864 4250
4865 4503
4866 4731
4867 4435
4868 4483
4869 4646
4870 4443
4871 4358
4872 4637
4873 4613
4874 4850
4875 4526
4876 4782
4877 4848
4878 4511
4879 4571
4880 4604
4881 4693
4882 4880
4883 4537
4884 4301
4885 4720
4886 4252
4887 4841
4888 4468
4889 4717
4890 4364
4891 4606
4892 4645
4893 4355
4894 4366
4895 4801
4896 4874
4897 4870
4898 4500
4899 4678
4900 4461
4901 4863
4902 655
4903 655
4904 655
4905 4904
4906 655
4907 4906
4908 655
4909 4905
4910 4902
4911 4905
4912 4905
4913 4902
4914 4910
4915 4907
4916 4909
4917 4915
4918 655
4919 4909
4920 4906
4921 4919
4922 4909
4923 4917
4924 4904
4925 4910
4926 4903
4927 4918
4928 4903
4929 4918
4930 4912
4931 4913
4932 4915
4933 4914
4934 4923
4935 4921
4936 4924
4937 4906
4938 4911
4939 4912
4940 4931
4941 4929
4942 4934
4943 4940
4944 4933
4945 4930
4946 4919
4947 4937
4948 4942
4949 4923
4950 4924
4951 4913
4952 4904
4953 4945
4954 4915
4955 4937
4956 4913
4957 4954
4958 4941
4959 4907
4960 4949
4961 4954
4962 4905
4963 4937
4964 4951
4965 4919
4966 4904
4967 4931
4968 4946
4969 4968
4970 4913
4971 4937
4972 4912
4973 4906
4974 4948
4975 4963
4976 4939
4977 4914
4978 4951
4979 4978
4980 4939
4981 4972
4982 4924
4983 4908
4984 4903
4985 4979
4986 4923
4987 4939
4988 4982
4989 4975
4990 4931
4991 4977
4992 4964
4993 4958
4994 4926
4995 4992
4996 4972
4997 4996
4998 4973
4999 4969
5000 4996
5001 4971
5002 4989
5003 4971
5004 4935
5005 4963
5006 4902
5007 4913
5008 4935
5009 4902
5010 4937
5011 4915
5012 5009
5013 4949
5014 4907
5015 4926
5016 4965
5017 4974
5018 4976
5019 4910
5020 4917
5021 4964
5022 4994
5023 4906
5024 5013
5025 4931
5026 5007
5027 4984
5028 4993
5029 4921
5030 4958
5031 5028
5032 5000
5033 4997
5034 4967
5035 4938
5036 4908
5037 5004
5038 4964
5039 4905
5040 4924
5041 4983
5042 4991
5043 4985
5044 4971
5045 5030
5046 4974
5047 4907
5048 4972
5049 5009
5050 4930
5051 4935
5052 5024
5053 5049
5054 5032
5055 4968
5056 5032
5057 4948
5058 5002
5059 4978
5060 4984
5061 5046
5062 4976
5063 4931
5064 5013
5065 4996
5066 4943
5067 4913
5068 4988
5069 5029
5070 5013
5071 5065
5072 4979
5073 5068
5074 4916
5075 4973
5076 5016
5077 4912
5078 5064
5079 5036
5080 4927
5081 4992
5082 5079
5083 5072
5084 4949
5085 5079
5086 5049
5087 5014
5088 5035
5089 5001
5090 5075
5091 4982
5092 4987
5093 5084
5094 5016
5095 5016
5096 4938
5097 5075
5098 4911
5099 4952
5100 5069
5101 5015
5102 4971
5103 4975
5104 4990
5105 4957
5106 4928
5107 4918
5108 5104
5109 4994
5110 4992
5111 5028
5112 5088
5113 4991
5114 4955
5115 5044
5116 5053
5117 4981
5118 4959
5119 5039
5120 5007
5121 5106
5122 5012
5123 4909
5124 4912
5125 5098
5126 4954
5127 5040
5128 4926
5129 5023
5130 5016
5131 4430
5132 5131
5133 5132
5134 5133
5135 5134
5136 5135
5137 5136
5138 5137
5139 5138
5140 5139
5141 5140
5142 5141
5143 5142
5144 5143
5145 5144
5146 5145
5147 5146
5148 5147
5149 5148
5150 5149
5151 5150
5152 5151
5153 5152
5154 5153
5155 5154
5156 5155
5157 5156
5158 5157
5159 5158
5160 5159
5161 5160
5162 5161
5163 5162
5164 5163
5165 5164
5166 5165
5167 5166
5168 5167
5169 5168
5170 5169
5171 5170
5172 5171
5173 5172
5174 5173
5175 5174
5176 5175
5177 5176
5178 5177
5179 5178
5180 5179
5181 5180
5182 5181
5183 5182
5184 5183
5185 5184
5186 5185
5187 5186
5188 5187
5189 5188
5190 5189
5191 5190
5192 5191
5193 5192
5194 5193
5195 5194
5196 5195
5197 5196
5198 5197
5199 5198
5200 5199
5201 5200
5202 5201
5203 5202
5204 5203
5205 5204
5206 5205
5207 5206
5208 5207
5209 5208
5210 5209
5211 5210
5212 5211
5213 5212
5214 5213
5215 5214
5216 5215
5217 5216
5218 5217
5219 5218
5220 5219
5221 5220
5222 5221
5223 5222
5224 5223
5225 5224
5226 5225
5227 5226
5228 5227
5229 5228
5230 5229
5231 5230
5232 5231
5233 5232
5234 5233
5235 5234
5236 5235
5237 5236
5238 5237
5239 5238
5240 5239
5241 5240
5242 5241
5243 5242
5244 5243
5245 5244
5246 5245
5247 5246
5248 5247
5249 5248
5250 5249
5251 5250
5252 5251
5253 5252
5254 5253
5255 5254
5256 5255
5257 5256
5258 5257
5259 5258
5260 5259
5261 5260
5262 5261
5263 5262
5264 5263
5265 5264
5266 5265
5267 5266
5268 5267
5269 5268
5270 5269
5271 5270
5272 5271
5273 5272
5274 5273
5275 5274
5276 5275
5277 5276
5278 5277
5279 5278
5280 5279
5281 5280
5282 5281
5283 5282
5284 5283
5285 5284
5286 5285
5287 5286
5288 5287
5289 5288
5290 5289
5291 5290
5292 5291
5293 5292
5294 5293
5295 5294
5296 5295
5297 5296
5298 5297
5299 5298
5300 5299
5301 5300
5302 5301
5303 5302
5304 5303
5305 5304
5306 5305
5307 5306
5308 5307
5309 5308
5310 5309
5311 5310
5312 5311
5313 5312
5314 5313
5315 5314
5316 5315
5317 5316
5318 5317
5319 5318
5320 5319
5321 5320
5322 5321
5323 5322
5324 5323
5325 5324
5326 5325
5327 5326
5328 5327
5329 5328
5330 5329
5331 5330
5332 5331
5333 5332
5334 5333
5335 5334
5336 5335
5337 5336
5338 5337
5339 5338
5340 5339
5341 5340
5342 5341
5343 5342
5344 5343
5345 5344
5346 5345
5347 5346
5348 5347
5349 5348
5350 5349
5351 5350
5352 5351
5353 5352
5354 5353
5355 5354
5356 5355
5357 5356
5358 5357
5359 5358
5360 5359
5361 5360
5362 5361
5363 5362
5364 5363
5365 5364
5366 5365
5367 5366
5368 5367
5369 5368
5370 5369
5371 5370
5372 5371
5373 5372
5374 5373
5375 5374
5376 5375
5377 5376
5378 5377
5379 5378
5380 5379
5381 5380
5382 5381
5383 5382
5384 5383
5385 5384
5386 5385
5387 5386
5388 5387
5389 5388
5390 5389
5391 5390
5392 5391
5393 5392
5394 5393
5395 5394
5396 5395
5397 5396
5398 5397
5399 5398
5400 5399
5401 5400
5402 5401
5403 5402
5404 5403
5405 5404
5406 5405
5407 5406
5408 5407
5409 5408
5410 5409
5411 5410
5412 5411
5413 5412
5414 5413
5415 5414
5416 5415
5417 5416
5418 5417
5419 5418
5420 5419
5421 5420
5422 5421
5423 5422
5424 5423
5425 5424
5426 5425
5427 5426
5428 5427
5429 5428
5430 5429
5431 5430
5432 5431
5433 5432
5434 5433
5435 5434
5436 5435
5437 5436
5438 5437
5439 5438
5440 5439
5441 5440
5442 5441
5443 5442
5444 5443
5445 5444
5446 5445
5447 5446
5448 5447
5449 5448
5450 5449
5451 5450
5452 5451
5453 5452
5454 5453
5455 5454
5456 5455
5457 5456
5458 5457
5459 5458
5460 5459
5461 5460
5462 5461
5463 5462
5464 5463
5465 5464
5466 5465
5467 5466
5468 5467
5469 5468
5470 5469
5471 5470
5472 5471
5473 5472
5474 5473
5475 5474
5476 5475
5477 5476
5478 5477
5479 5478
5480 5479
5481 5480
5482 5481
5483 5482
5484 5483
5485 5484
5486 5485
5487 5486
5488 5487
5489 5488
5490 5489
5491 5490
5492 5491
5493 5492
5494 5493
5495 5494
5496 5495
5497 5496
5498 5497
5499 5498
5500 5499
5501 5500
5502 5501
5503 5502
5504 5503
5505 5504
5506 5505
5507 5506
5508 5507
5509 5508
5510 5509
5511 5510
5512 5511
5513 5512
5514 5513
5515 5514
5516 5515
5517 5516
5518 5517
5519 5518
5520 5519
5521 5520
5522 5521
5523 5522
5524 5523
5525 5524
5526 5525
5527 5526
5528 5527
5529 5528
5530 5529
5531 5530
5532 5531
5533 5532
5534 5533
5535 5534
5536 5535
5537 5536
5538 5537
5539 5538
5540 5539
5541 5540
5542 5541
5543 5542
5544 5543
5545 5544
5546 5545
5547 5546
5548 5547
5549 5548
5550 5549
5551 5550
5552 5551
5553 5552
5554 5553
5555 5554
5556 5555
5557 5556
5558 5557
5559 5558
5560 5559
5561 5560
5562 5561
5563 5562
5564 5563
5565 5564
5566 5565
5567 5566
5568 5567
5569 5568
5570 5569
5571 5570
5572 5571
5573 5572
5574 5573
5575 5574
5576 5575
5577 5576
5578 5577
5579 5578
5580 5579
5581 5580
5582 5581
5583 5582
5584 5583
5585 5584
5586 5585
5587 5586
5588 5587
5589 5588
5590 5589
5591 5590
5592 5591
5593 5592
5594 5593
5595 5594
5596 5595
5597 5596
5598 5597
5599 5598
5600 5599
5601 5600
5602 5601
5603 5602
5604 5603
5605 5604
5606 5605
5607 5606
5608 5607
5609 5608
5610 5609
5611 5610
5612 5611
5613 5612
5614 5613
5615 5614
5616 5615
5617 5616
5618 5617
5619 5618
5620 5619
5621 5620
5622 5621
5623 5622
5624 5623
5625 5624
5626 5625
5627 5626
5628 5627
5629 5628
5630 5629
5631 5630
5632 5631
5633 5632
5634 5633
5635 5634
5636 5635
5637 5636
5638 5637
5639 5638
5640 5639
5641 5640
5642 5641
5643 5642
5644 5643
5645 5644
5646 5645
5647 5646
5648 5647
5649 5648
5650 5649
5651 5650
5652 5651
5653 5652
5654 5653
5655 5654
5656 5655
5657 5656
5658 5657
5659 5658
5660 5659
5661 5660
5662 5661
5663 5662
5664 5663
5665 5664
5666 5665
5667 5666
5668 5667
5669 5668
5670 5669
5671 5670
5672 5671
5673 5672
5674 5673
5675 5674
5676 5675
5677 5676
5678 5677
5679 5678
5680 5679
5681 5680
5682 5681
5683 5682
5684 5683
5685 5684
5686 5685
5687 5686
5688 5687
5689 5688
5690 5689
5691 5690
5692 5691
5693 5692
5694 5693
5695 5694
5696 5695
5697 5696
5698 5697
5699 5698
5700 5699
5701 5700
5702 5701
5703 5702
5704 5703
5705 5704
5706 5705
5707 5706
5708 5707
5709 5708
5710 5709
5711 5710
5712 5711
5713 5712
5714 5713
5715 5714
5716 5715
5717 5716
5718 5717
5719 5718
5720 5719
5721 5720
5722 5721
5723 5722
5724 5723
5725 5724
5726 5725
5727 5726
5728 5727
5729 5728
5730 5729
5731 5730
5732 5731
5733 5732
5734 5733
5735 5734
5736 5735
5737 5736
5738 5737
5739 5738
5740 5739
5741 5740
5742 5741
5743 5742
5744 5743
5745 5744
5746 5745
5747 5746
5748 5747
5749 5748
5750 5749
5751 5750
5752 5751
5753 5752
5754 5753
5755 5754
5756 5755
5757 5756
5758 5757
5759 5758
5760 5759
5761 5760
5762 5761
5763 5762
5764 5763
5765 5764
5766 5765
5767 5766
5768 5767
5769 5768
5770 5769
5771 5770
5772 5771
5773 5772
5774 5773
5775 5774
5776 5775
5777 5776
5778 5777
5779 5778
5780 5779
5781 5780
5782 5781
5783 5782
5784 5783
5785 5784
5786 5785
5787 5786
5788 5787
5789 5788
5790 5789
5791 5790
5792 5791
5793 5792
5794 5793
5795 5794
5796 5795
5797 5796
5798 5797
5799 5798
5800 5799
5801 5800
5802 5801
5803 5802
5804 5803
5805 5804
5806 5805
5807 5806
5808 5807
5809 5808
5810 5809
5811 5810
5812 5811
5813 5812
5814 5813
5815 5814
5816 5815
5817 5816
5818 5817
5819 5818
5820 5819
5821 5820
5822 5821
5823 5822
5824 5823
5825 5824
5826 5825
5827 5826
5828 5827
5829 5828
5830 5829
5831 5830
5832 5831
5833 5832
5834 5833
5835 5834
5836 5835
5837 5836
5838 5837
5839 5838
5840 5839
5841 5840
5842 5841
5843 5842
5844 5843
5845 5844
5846 5845
5847 5846
5848 5847
5849 5848
5850 5849
5851 5850
5852 5851
5853 5852
5854 5853
5855 5854
5856 5855
5857 5856
5858 5857
5859 5858
5860 5859
5861 5860
5862 5861
5863 5862
5864 5863
5865 5864
5866 5865
5867 5866
5868 5867
5869 5868
5870 5869
5871 5870
5872 5871
5873 5872
5874 5873
5875 5874
5876 5875
5877 5876
5878 5877
5879 5878
5880 5879
5881 5880
5882 5881
5883 5882
5884 5883
5885 5884
5886 5885
5887 5886
5888 5887
5889 5888
5890 5889
5891 5890
5892 5891
5893 5892
5894 5893
5895 5894
5896 5895
5897 5896
5898 5897
5899 5898
5900 5899
5901 5900
5902 5901
5903 5902
5904 5903
5905 5904
5906 5905
5907 5906
5908 5907
5909 5908
5910 5909
5911 5910
5912 5911
5913 5912
5914 5913
5915 5914
5916 5915
5917 5916
5918 5917
5919 5918
5920 5919
5921 5920
5922 5921
5923 5922
5924 5923
5925 5924
5926 5925
5927 5926
5928 5927
5929 5928
5930 5929
5931 5930
5932 5931
5933 5932
5934 5933
5935 5934
5936 5935
5937 5936
5938 5937
5939 5938
5940 5939
5941 5940
5942 5941
5943 5942
5944 5943
5945 5944
5946 5945
5947 5946
5948 5947
5949 5948
5950 5949
5951 5950
5952 5951
5953 5952
5954 5953
5955 5954
5956 5955
5957 5956
5958 5957
5959 5958
5960 5959
5961 5960
5962 5961
5963 5962
5964 5963
5965 5964
5966 5965
5967 5966
5968 5967
5969 5968
5970 5969
5971 5970
5972 5971
5973 5972
5974 5973
5975 5974
5976 5975
5977 5976
5978 5977
5979 5978
5980 5979
5981 5980
5982 5981
5983 5982
5984 5983
5985 5984
5986 5985
5987 5986
5988 5987
5989 5988
5990 5989
5991 5990
5992 5991
5993 5992
5994 5993
5995 5994
5996 5995
5997 5996
5998 5997
5999 5998
6000 5999
6001 6000
6002 6001
6003 6002
6004 6003
6005 6004
6006 6005
6007 6006
6008 6007
6009 6008
6010 6009
6011 6010
6012 6011
6013 6012
6014 6013
6015 6014
6016 6015
6017 6016
6018 6017
6019 6018
6020 6019
6021 6020
6022 6021
6023 6022
6024 6023
6025 6024
6026 6025
6027 6026
6028 6027
6029 6028
6030 6029
6031 6030
6032 6031
6033 6032
6034 6033
6035 6034
6036 6035
6037 6036
6038 6037
6039 6038
6040 6039
6041 6040
6042 6041
6043 6042
6044 6043
6045 6044
6046 6045
6047 6046
6048 6047
6049 6048
6050 6049
6051 6050
6052 6051
6053 6052
6054 6053
6055 6054
6056 6055
6057 6056
6058 6057
6059 6058
6060 6059
6061 6060
6062 6061
6063 6062
6064 6063
6065 6064
6066 6065
6067 6066
6068 6067
6069 6068
6070 6069
6071 6070
6072 6071
6073 6072
6074 6073
6075 6074
6076 6075
6077 6076
6078 6077
6079 6078
6080 6079
6081 6080
6082 6081
6083 6082
6084 6083
6085 6084
6086 6085
6087 6086
6088 6087
6089 6088
6090 6089
6091 6090
6092 6091
6093 6092
6094 6093
6095 6094
6096 6095
6097 6096
6098 6097
6099 6098
6100 6099
6101 6100
6102 6101
6103 6102
6104 6103
6105 6104
6106 6105
6107 6106
6108 6107
6109 6108
6110 6109
6111 6110
6112 6111
6113 6112
6114 6113
6115 6114
6116 6115
6117 6116
6118 6117
6119 6118
6120 6119
6121 6120
6122 6121
6123 6122
6124 6123
6125 6124
6126 6125
6127 6126
6128 6127
6129 6128
6130 6129
6131 6130
6132 6131
6133 6132
6134 6133
6135 6134
6136 6135
6137 6136
6138 6137
6139 6138
6140 6139
6141 6140
6142 6141
6143 6142
6144 6143
6145 6144
6146 6145
6147 6146
6148 6147
6149 6148
6150 6149
6151 6150
6152 6151
6153 6152
6154 6153
6155 6154
6156 6155
6157 6156
6158 6157
6159 6158
6160 6159
6161 6160
6162 6161
6163 6162
6164 6163
6165 6164
6166 6165
6167 6166
6168 6167
6169 6168
6170 6169
6171 6170
6172 6171
6173 6172
6174 6173
6175 6174
6176 6175
6177 6176
6178 6177
6179 6178
6180 6179
6181 6180
6182 6181
6183 6182
6184 6183
6185 6184
6186 6185
6187 6186
6188 6187
6189 6188
6190 6189
6191 6190
6192 6191
6193 6192
6194 6193
6195 6194
6196 6195
6197 6196
6198 6197
6199 6198
6200 6199
6201 6200
6202 6201
6203 6202
6204 6203
6205 6204
6206 6205
6207 6206
6208 6207
6209 6208
6210 6209
6211 6210
6212 6211
6213 6212
6214 6213
6215 6214
6216 6215
6217 6216
6218 6217
6219 6218
6220 6219
6221 6220
6222 6221
6223 6222
6224 6223
6225 6224
6226 6225
6227 6226
6228 6227
6229 6228
6230 6229
6231 6230
6232 6231
6233 6232
6234 6233
6235 6234
6236 6235
6237 6236
6238 6237
6239 6238
6240 6239
6241 6240
6242 6241
6243 6242
6244 6243
6245 6244
6246 6245
6247 6246
6248 6247
6249 6248
6250 6249
6251 6250
6252 6251
6253 6252
6254 6253
6255 6254
6256 6255
6257 6256
6258 6257
6259 6258
6260 6259
6261 6260
6262 6261
6263 6262
6264 6263
6265 6264
6266 6265
6267 6266
6268 6267
6269 6268
6270 6269
6271 6270
6272 6271
6273 6272
6274 6273
6275 6274
6276 6275
6277 6276
6278 6277
6279 6278
6280 6279
6281 6280
6282 6281
6283 6282
6284 6283
6285 6284
6286 6285
6287 6286
6288 6287
6289 6288
6290 6289
6291 6290
6292 6291
6293 6292
6294 6293
6295 6294
6296 6295
6297 6296
6298 6297
6299 6298
6300 6299
6301 6300
6302 6301
6303 6302
6304 6303
6305 6304
6306 6305
6307 6306
6308 6307
6309 6308
6310 6309
6311 6310
6312 6311
6313 6312
6314 6313
6315 6314
6316 6315
6317 6316
6318 6317
6319 6318
6320 6319
6321 6320
6322 6321
6323 6322
6324 6323
6325 6324
6326 6325
6327 6326
6328 6327
6329 6328
6330 6329
6331 6330
6332 6331
6333 6332
6334 6333
6335 6334
6336 6335
6337 6336
6338 6337
6339 6338
6340 6339
6341 6340
6342 6341
6343 6342
6344 6343
6345 6344
6346 6345
6347 6346
6348 6347
6349 6348
6350 6349
6351 6350
6352 6351
6353 6352
6354 6353
6355 6354
6356 6355
6357 6356
6358 6357
6359 6358
6360 6359
6361 6360
6362 6361
6363 6362
6364 6363
6365 6364
6366 6365
6367 6366
6368 6367
6369 6368
6370 6369
6371 6370
6372 6371
6373 6372
6374 6373
6375 6374
6376 6375
6377 6376
6378 6377
6379 6378
6380 6379
6381 6380
6382 6381
6383 6382
6384 6383
6385 6384
6386 6385
6387 6386
6388 6387
6389 6388
6390 6389
6391 6390
6392 6391
6393 6392
6394 6393
6395 6394
6396 6395
6397 6396
6398 6397
6399 6398
6400 6399
6401 6400
6402 6401
6403 6402
6404 6403
6405 6404
6406 6405
6407 6406
6408 6407
6409 6408
6410 6409
6411 6410
6412 6411
6413 6412
6414 6413
6415 6414
6416 6415
6417 6416
6418 6417
6419 6418
6420 6419
6421 6420
6422 6421
6423 6422
6424 6423
6425 6424
6426 6425
6427 6426
6428 6427
6429 6428
6430 6429
6431 6430
6432 6431
6433 6432
6434 6433
6435 6434
6436 6435
6437 6436
6438 6437
6439 6438
6440 6439
6441 6440
6442 6441
6443 6442
6444 6443
6445 6444
6446 6445
6447 6446
6448 6447
6449 6448
6450 6449
6451 6450
6452 6451
6453 6452
6454 6453
6455 6454
6456 6455
6457 6456
6458 6457
6459 6458
6460 6459
6461 6460
6462 6461
6463 6462
6464 6463
6465 6464
6466 6465
6467 6466
6468 6467
6469 6468
6470 6469
6471 6470
6472 6471
6473 6472
6474 6473
6475 6474
6476 6475
6477 6476
6478 6477
6479 6478
6480 6479
6481 6480
6482 6481
6483 6482
6484 6483
6485 6484
6486 6485
6487 6486
6488 6487
6489 6488
6490 6489
6491 6490
6492 6491
6493 6492
6494 6493
6495 6494
6496 6495
6497 6496
6498 6497
6499 6498
6500 6499
6501 6500
6502 6501
6503 6502
6504 6503
6505 6504
6506 6505
6507 6506
6508 6507
6509 6508
6510 6509
6511 6510
6512 6511
6513 6512
6514 6513
6515 6514
6516 6515
6517 6516
6518 6517
6519 6518
6520 6519
6521 6520
6522 6521
6523 6522
6524 6523
6525 6524
6526 6525
6527 6526
6528 6527
6529 6528
6530 6529
6531 6530
6532 6531
6533 6532
6534 6533
6535 6534
6536 6535
6537 6536
6538 6537
6539 6538
6540 6539
6541 6540
6542 6541
6543 6542
6544 6543
6545 6544
6546 6545
6547 6546
6548 6547
6549 6548
6550 6549
6551 6550
6552 6551
6553 6552
6554 6553
6555 6554
6556 6555
6557 6556
6558 6557
6559 6558
6560 6559
6561 6560
6562 6561
6563 6562
6564 6563
6565 6564
6566 6565
6567 6566
6568 6567
6569 6568
6570 6569
6571 6570
6572 6571
6573 6572
6574 6573
6575 6574
6576 6575
6577 6576
6578 6577
6579 6578
6580 6579
6581 6580
6582 6581
6583 6582
6584 6583
6585 6584
6586 6585
6587 6586
6588 6587
6589 6588
6590 6589
6591 6590
6592 6591
6593 6592
6594 6593
6595 6594
6596 6595
6597 6596
6598 6597
6599 6598
6600 6599
6601 6600
6602 6601
6603 6602
6604 6603
6605 6604
6606 6605
6607 6606
6608 6607
6609 6608
6610 6609
6611 6610
6612 6611
6613 6612
6614 6613
6615 6614
6616 6615
6617 6616
6618 6617
6619 6618
6620 6619
6621 6620
6622 6621
6623 6622
6624 6623
6625 6624
6626 6625
6627 6626
6628 6627
6629 6628
6630 6629
6631 6630
6632 6631
6633 6632
6634 6633
6635 6634
6636 6635
6637 6636
6638 6637
6639 6638
6640 6639
6641 6640
6642 6641
6643 6642
6644 6643
6645 6644
6646 6645
6647 6646
6648 6647
6649 6648
6650 6649
6651 6650
6652 6651
6653 6652
6654 6653
6655 6654
6656 6655
6657 6656
6658 6657
6659 6658
6660 6659
6661 6660
6662 6661
6663 6662
6664 6663
6665 6664
6666 6665
6667 6666
6668 6667
6669 6668
6670 6669
6671 6670
6672 6671
6673 6672
6674 6673
6675 6674
6676 6675
6677 6676
6678 6677
6679 6678
6680 6679
6681 6680
6682 6681
6683 6682
6684 6683
6685 6684
6686 6685
6687 6686
6688 6687
6689 6688
6690 6689
6691 6690
6692 6691
6693 6692
6694 6693
6695 6694
6696 6695
6697 6696
6698 6697
6699 6698
6700 6699
6701 6700
6702 6701
6703 6702
6704 6703
6705 6704
6706 6705
6707 6706
6708 6707
6709 6708
6710 6709
6711 6710
6712 6711
6713 6712
6714 6713
6715 6714
6716 6715
6717 6716
6718 6717
6719 6718
6720 6719
6721 6720
6722 6721
6723 6722
6724 6723
6725 6724
6726 6725
6727 6726
6728 6727
6729 6728
6730 6729
6731 6730
6732 6731
6733 6732
6734 6733
6735 6734
6736 6735
6737 6736
6738 6737
6739 6738
6740 6739
6741 6740
6742 6741
6743 6742
6744 6743
6745 6744
6746 6745
6747 6746
6748 6747
6749 6748
6750 6749
6751 6750
6752 6751
6753 6752
6754 6753
6755 6754
6756 6755
6757 6756
6758 6757
6759 6758
6760 6759
6761 6760
6762 6761
6763 6762
6764 6763
6765 6764
6766 6765
6767 6766
6768 6767
6769 6768
6770 6769
6771 6770
6772 6771
6773 6772
6774 6773
6775 6774
6776 6775
6777 6776
6778 6777
6779 6778
6780 6779
6781 6780
6782 6781
6783 6782
6784 6783
6785 6784
6786 6785
6787 6786
6788 6787
6789 6788
6790 6789
6791 6790
6792 6791
6793 6792
6794 6793
6795 6794
6796 6795
6797 6796
6798 6797
6799 6798
6800 6799
6801 6800
6802 6801
6803 6802
6804 6803
6805 6804
6806 6805
6807 6806
6808 6807
6809 6808
6810 6809
6811 6810
6812 6811
6813 6812
6814 6813
6815 6814
6816 6815
6817 6816
6818 6817
6819 6818
6820 6819
6821 6820
6822 6821
6823 6822
6824 6823
6825 6824
6826 6825
6827 6826
6828 6827
6829 6828
6830 6829
6831 6830
6832 6831
6833 6832
6834 6833
6835 6834
6836 6835
6837 6836
6838 6837
6839 6838
6840 6839
6841 6840
6842 6841
6843 6842
6844 6843
6845 6844
6846 6845
6847 6846
6848 6847
6849 6848
6850 6849
6851 6850
6852 6851
6853 6852
6854 6853
6855 6854
6856 6855
6857 6856
6858 6857
6859 6858
6860 6859
6861 6860
6862 6861
6863 6862
6864 6863
6865 6864
6866 6865
6867 6866
6868 6867
6869 6868
6870 6869
6871 6870
6872 6871
6873 6872
6874 6873
6875 6874
6876 6875
6877 6876
6878 6877
6879 6878
6880 6879
6881 6880
6882 6881
6883 6882
6884 6883
6885 6884
6886 6885
6887 6886
6888 6887
6889 6888
6890 6889
6891 6890
6892 6891
6893 6892
6894 6893
6895 6894
6896 6895
6897 6896
6898 6897
6899 6898
6900 6899
6901 6900
6902 6901
6903 6902
6904 6903
6905 6904
6906 6905
6907 6906
6908 6907
6909 6908
6910 6909
6911 6910
6912 6911
6913 6912
6914 6913
6915 6914
6916 6915
6917 6916
6918 6917
6919 6918
6920 6919
6921 6920
6922 6921
6923 6922
6924 6923
6925 6924
6926 6925
6927 6926
6928 6927
6929 6928
6930 6929
6931 6930
6932 6931
6933 6932
6934 6933
6935 6934
6936 6935
6937 6936
6938 6937
6939 6938
6940 6939
6941 6940
6942 6941
6943 6942
6944 6943
6945 6944
6946 6945
6947 6946
6948 6947
6949 6948
6950 6949
6951 6950
6952 6951
6953 6952
6954 6953
6955 6954
6956 6955
6957 6956
6958 6957
6959 6958
6960 6959
6961 6960
6962 6961
6963 6962
6964 6963
6965 6964
6966 6965
6967 6966
6968 6967
6969 6968
6970 6969
6971 6970
6972 6971
6973 6972
6974 6973
6975 6974
6976 6975
6977 6976
6978 6977
6979 6978
6980 6979
6981 6980
6982 6981
6983 6982
6984 6983
6985 6984
6986 6985
6987 6986
6988 6987
6989 6988
6990 6989
6991 6990
6992 6991
6993 6992
6994 6993
6995 6994
6996 6995
6997 6996
6998 6997
6999 6998
7000 6999
7001 7000
7002 7001
7003 7002
7004 7003
7005 7004
7006 7005
7007 7006
7008 7007
7009 7008
7010 7009
7011 7010
7012 7011
7013 7012
7014 7013
7015 7014
7016 7015
7017 7016
7018 7017
7019 7018
7020 7019
7021 7020
7022 7021
7023 7022
7024 7023
7025 7024
7026 7025
7027 7026
7028 7027
7029 7028
7030 7029
7031 7030
7032 7031
7033 7032
7034 7033
7035 7034
7036 7035
7037 7036
7038 7037
7039 7038
7040 7039
7041 7040
7042 7041
7043 7042
7044 7043
7045 7044
7046 7045
7047 7046
7048 7047
7049 7048
7050 7049
7051 7050
7052 7051
7053 7052
7054 7053
7055 7054
7056 7055
7057 7056
7058 7057
7059 7058
7060 7059
7061 7060
7062 7061
7063 7062
7064 7063
7065 7064
7066 7065
7067 7066
7068 7067
7069 7068
7070 7069
7071 7070
7072 7071
7073 7072
7074 7073
7075 7074
7076 7075
7077 7076
7078 7077
7079 7078
7080 7079
7081 7080
7082 7081
7083 7082
7084 7083
7085 7084
7086 7085
7087 7086
7088 7087
7089 7088
7090 7089
7091 7090
7092 7091
7093 7092
7094 7093
7095 7094
7096 7095
7097 7096
7098 7097
7099 7098
7100 7099
7101 7100
7102 7101
7103 7102
7104 7103
7105 7104
7106 7105
7107 7106
7108 7107
7109 7108
7110 7109
7111 7110
7112 7111
7113 7112
7114 7113
7115 7114
7116 7115
7117 7116
7118 7117
7119 7118
7120 7119
7121 7120
7122 7121
7123 7122
7124 7123
7125 7124
7126 7125
7127 7126
7128 7127
7129 7128
7130 7129
7131 7130
7132 7131
7133 7132
7134 7133
7135 7134
7136 7135
7137 7136
7138 7137
7139 7138
7140 7139
7141 7140
7142 7141
7143 7142
7144 7143
7145 7144
7146 7145
7147 7146
7148 7147
7149 7148
7150 7149
7151 7150
7152 7151
7153 7152
7154 7153
7155 7154
7156 7155
7157 7156
7158 7157
7159 7158
7160 7159
7161 7160
7162 7161
7163 7162
7164 7163
7165 7164
7166 7165
7167 7166
7168 7167
7169 7168
7170 7169
7171 7170
7172 7171
7173 7172
7174 7173
7175 7174
7176 7175
7177 7176
7178 7177
7179 7178
7180 7179
7181 7180
7182 7181
7183 7182
7184 7183
7185 7184
7186 7185
7187 7186
7188 7187
7189 7188
7190 7189
7191 7190
7192 7191
7193 7192
7194 7193
7195 7194
7196 7195
7197 7196
7198 7197
7199 7198
7200 7199
7201 7200
7202 7201
7203 7202
7204 7203
7205 7204
7206 7205
7207 7206
7208 7207
7209 7208
7210 7209
7211 7210
7212 7211
7213 7212
7214 7213
7215 7214
7216 7215
7217 7216
7218 7217
7219 7218
7220 7219
7221 7220
7222 7221
7223 7222
7224 7223
7225 7224
7226 7225
7227 7226
7228 7227
7229 7228
7230 7229
7231 7230
7232 7231
7233 7232
7234 7233
7235 7234
7236 7235
7237 7236
7238 7237
7239 7238
7240 7239
7241 7240
7242 7241
7243 7242
7244 7243
7245 7244
7246 7245
7247 7246
7248 7247
7249 7248
7250 7249
7251 7250
7252 7251
7253 7252
7254 7253
7255 7254
7256 7255
7257 7256
7258 7257
7259 7258
7260 7259
7261 7260
7262 7261
7263 7262
7264 7263
7265 7264
7266 7265
7267 7266
7268 7267
7269 7268
7270 7269
7271 7270
7272 7271
7273 7272
7274 7273
7275 7274
7276 7275
7277 7276
7278 7277
7279 7278
7280 7279
7281 7280
7282 7281
7283 7282
7284 7283
7285 7284
7286 7285
7287 7286
7288 7287
7289 7288
7290 7289
7291 7290
7292 7291
7293 7292
7294 7293
7295 7294
7296 7295
7297 7296
7298 7297
7299 7298
7300 7299
7301 7300
7302 7301
7303 7302
7304 7303
7305 7304
7306 7305
7307 7306
7308 7307
7309 7308
7310 7309
7311 7310
7312 7311
7313 7312
7314 7313
7315 7314
7316 7315
7317 7316
7318 7317
7319 7318
7320 7319
7321 7320
7322 7321
7323 7322
7324 7323
7325 7324
7326 7325
7327 7326
7328 7327
7329 7328
7330 7329
7331 7330
7332 7331
7333 7332
7334 7333
7335 7334
7336 7335
7337 7336
7338 7337
7339 7338
7340 7339
7341 7340
7342 7341
7343 7342
7344 7343
7345 7344
7346 7345
7347 7346
7348 7347
7349 7348
7350 7349
7351 7350
7352 7351
7353 7352
7354 7353
7355 7354
7356 7355
7357 7356
7358 7357
7359 7358
7360 7359
7361 7360
7362 7361
7363 7362
7364 7363
7365 7364
7366 7365
7367 7366
7368 7367
7369 7368
7370 7369
7371 7370
7372 7371
7373 7372
7374 7373
7375 7374
7376 7375
7377 7376
7378 7377
7379 7378
7380 7379
7381 7380
7382 7381
7383 7382
7384 7383
7385 7384
7386 7385
7387 7386
7388 7387
7389 7388
7390 7389
7391 7390
7392 7391
7393 7392
7394 7393
7395 7394
7396 7395
7397 7396
7398 7397
7399 7398
7400 7399
7401 7400
7402 7401
7403 7402
7404 7403
7405 7404
7406 7405
7407 7406
7408 7407
7409 7408
7410 7409
7411 7410
7412 7411
7413 7412
7414 7413
7415 7414
7416 7415
7417 7416
7418 7417
7419 7418
7420 7419
7421 7420
7422 7421
7423 7422
7424 7423
7425 7424
7426 7425
7427 7426
7428 7427
7429 7428
7430 7429
7431 7430
7432 7431
7433 7432
7434 7433
7435 7434
7436 7435
7437 7436
7438 7437
7439 7438
7440 7439
7441 7440
7442 7441
7443 7442
7444 7443
7445 7444
7446 7445
7447 7446
7448 7447
7449 7448
7450 7449
7451 7450
7452 7451
7453 7452
7454 7453
7455 7454
7456 7455
7457 7456
7458 7457
7459 7458
7460 7459
7461 7460
7462 7461
7463 7462
7464 7463
7465 7464
7466 7465
7467 7466
7468 7467
7469 7468
7470 7469
7471 7470
7472 7471
7473 7472
7474 7473
7475 7474
7476 7475
7477 7476
7478 7477
7479 7478
7480 7479
7481 7480
7482 7481
7483 7482
7484 7483
7485 7484
7486 7485
7487 7486
7488 7487
7489 7488
7490 7489
7491 7490
7492 7491
7493 7492
7494 7493
7495 7494
7496 7495
7497 7496
7498 7497
7499 7498
7500 7499
7501 7500
7502 7501
7503 7502
7504 7503
7505 7504
7506 7505
7507 7506
7508 7507
7509 7508
7510 7509
7511 7510
7512 7511
7513 7512
7514 7513
7515 7514
7516 7515
7517 7516
7518 7517
7519 7518
7520 7519
7521 7520
7522 7521
7523 7522
7524 7523
7525 7524
7526 7525
7527 7526
7528 7527
7529 7528
7530 7529
7531 7530
7532 7531
7533 7532
7534 7533
7535 7534
7536 7535
7537 7536
7538 7537
7539 7538
7540 7539
7541 7540
7542 7541
7543 7542
7544 7543
7545 7544
7546 7545
7547 7546
7548 7547
7549 7548
7550 7549
7551 7550
7552 7551
7553 7552
7554 7553
7555 7554
7556 7555
7557 7556
7558 7557
7559 7558
7560 7559
7561 7560
7562 7561
7563 7562
7564 7563
7565 7564
7566 7565
7567 7566
7568 7567
7569 7568
7570 7569
7571 7570
7572 7571
7573 7572
7574 7573
7575 7574
7576 7575
7577 7576
7578 7577
7579 7578
7580 7579
7581 7580
7582 7581
7583 7582
7584 7583
7585 7584
7586 7585
7587 7586
7588 7587
7589 7588
7590 7589
7591 7590
7592 7591
7593 7592
7594 7593
7595 7594
7596 7595
7597 7596
7598 7597
7599 7598
7600 7599
7601 7600
7602 7601
7603 7602
7604 7603
7605 7604
7606 7605
7607 7606
7608 7607
7609 7608
7610 7609
7611 7610
7612 7611
7613 7612
7614 7613
7615 7614
7616 7615
7617 7616
7618 7617
7619 7618
7620 7619
7621 7620
7622 7621
7623 7622
7624 7623
7625 7624
7626 7625
7627 7626
7628 7627
7629 7628
7630 7629
7631 7630
7632 7631
7633 7632
7634 7633
7635 7634
7636 7635
7637 7636
7638 7637
7639 7638
7640 7639
7641 7640
7642 7641
7643 7642
7644 7643
7645 7644
7646 7645
7647 7646
7648 7647
7649 7648
7650 7649
7651 7650
7652 7651
7653 7652
7654 7653
7655 7654
7656 7655
7657 7656
7658 7657
7659 7658
7660 7659
7661 7660
7662 7661
7663 7662
7664 7663
7665 7664
7666 7665
7667 7666
7668 7667
7669 7668
7670 7669
7671 7670
7672 7671
7673 7672
7674 7673
7675 7674
7676 7675
7677 7676
7678 7677
7679 7678
7680 7679
7681 7680
7682 7681
7683 7682
7684 7683
7685 7684
7686 7685
7687 7686
7688 7687
7689 7688
7690 7689
7691 7690
7692 7691
7693 7692
7694 7693
7695 7694
7696 7695
7697 7696
7698 7697
7699 7698
7700 7699
7701 7700
7702 7701
7703 7702
7704 7703
7705 7704
7706 7705
7707 7706
7708 7707
7709 7708
7710 7709
7711 7710
7712 7711
7713 7712
7714 7713
7715 7714
7716 7715
7717 7716
7718 7717
7719 7718
7720 7719
7721 7720
7722 7721
7723 7722
7724 7723
7725 7724
7726 7725
7727 7726
7728 7727
7729 7728
7730 7729
7731 7730
7732 7731
7733 7732
7734 7733
7735 7734
7736 7735
7737 7736
7738 7737
7739 7738
7740 7739
7741 7740
7742 7741
7743 7742
7744 7743
7745 7744
7746 7745
7747 7746
7748 7747
7749 7748
7750 7749
7751 7750
7752 7751
7753 7752
7754 7753
7755 7754
7756 7755
7757 7756
7758 7757
7759 7758
7760 7759
7761 7760
7762 7761
7763 7762
7764 7763
7765 7764
7766 7765
7767 7766
7768 7767
7769 7768
7770 7769
7771 7770
7772 7771
7773 7772
7774 7773
7775 7774
7776 7775
7777 7776
7778 7777
7779 7778
7780 7779
7781 7780
7782 7781
7783 7782
7784 7783
7785 7784
7786 7785
7787 7786
7788 7787
7789 7788
7790 7789
7791 7790
7792 7791
7793 7792
7794 7793
7795 7794
7796 7795
7797 7796
7798 7797
7799 7798
7800 7799
7801 7800
7802 7801
7803 7802
7804 7803
7805 7804
7806 7805
7807 7806
7808 7807
7809 7808
7810 7809
7811 7810
7812 7811
7813 7812
7814 7813
7815 7814
7816 7815
7817 7816
7818 7817
7819 7818
7820 7819
7821 7820
7822 7821
7823 7822
7824 7823
7825 7824
7826 7825
7827 7826
7828 7827
7829 7828
7830 7829
7831 7830
7832 7831
7833 7832
7834 7833
7835 7834
7836 7835
7837 7836
7838 7837
7839 7838
7840 7839
7841 7840
7842 7841
7843 7842
7844 7843
7845 7844
7846 7845
7847 7846
7848 7847
7849 7848
7850 7849
7851 7850
7852 7851
7853 7852
7854 7853
7855 7854
7856 7855
7857 7856
7858 7857
7859 7858
7860 7859
7861 7860
7862 7861
7863 7862
7864 7863
7865 7864
7866 7865
7867 7866
7868 7867
7869 7868
7870 7869
7871 7870
7872 7871
7873 7872
7874 7873
7875 7874
7876 7875
7877 7876
7878 7877
7879 7878
7880 7879
7881 7880
7882 7881
7883 7882
7884 7883
7885 7884
7886 7885
7887 7886
7888 7887
7889 7888
7890 7889
7891 7890
7892 7891
7893 7892
7894 7893
7895 7894
7896 7895
7897 7896
7898 7897
7899 7898
7900 7899
7901 7900
7902 7901
7903 7902
7904 7903
7905 7904
7906 7905
7907 7906
7908 7907
7909 7908
7910 7909
7911 7910
7912 7911
7913 7912
7914 7913
7915 7914
7916 7915
7917 7916
7918 7917
7919 7918
7920 7919
7921 7920
7922 7921
7923 7922
7924 7923
7925 7924
7926 7925
7927 7926
7928 7927
7929 7928
7930 7929
7931 7930
7932 7931
7933 7932
7934 7933
7935 7934
7936 7935
7937 7936
7938 7937
7939 7938
7940 7939
7941 7940
7942 7941
7943 7942
7944 7943
7945 7944
7946 7945
7947 7946
7948 7947
7949 7948
7950 7949
7951 7950
7952 7951
7953 7952
7954 7953
7955 7954
7956 7955
7957 7956
7958 7957
7959 7958
7960 7959
7961 7960
7962 7961
7963 7962
7964 7963
7965 7964
7966 7965
7967 7966
7968 7967
7969 7968
7970 7969
7971 7970
7972 7971
7973 7972
7974 7973
7975 7974
7976 7975
7977 7976
7978 7977
7979 7978
7980 7979
7981 7980
7982 7981
7983 7982
7984 7983
7985 7984
7986 7985
7987 7986
7988 7987
7989 7988
7990 7989
7991 7990
7992 7991
7993 7992
7994 7993
7995 7994
7996 7995
7997 7996
7998 7997
7999 7998
8000 7999
8001 8000
8002 8001
8003 8002
8004 8003
8005 8004
8006 8005
8007 8006
8008 8007
8009 8008
8010 8009
8011 8010
8012 8011
8013 8012
8014 8013
8015 8014
8016 8015
8017 8016
8018 8017
8019 8018
8020 8019
8021 8020
8022 8021
8023 8022
8024 8023
8025 8024
8026 8025
8027 8026
8028 8027
8029 8028
8030 8029
8031 8030
8032 8031
8033 8032
8034 8033
8035 8034
8036 8035
8037 8036
8038 8037
8039 8038
8040 8039
8041 8040
8042 8041
8043 8042
8044 8043
8045 8044
8046 8045
8047 8046
8048 8047
8049 8048
8050 8049
8051 8050
8052 8051
8053 8052
8054 8053
8055 8054
8056 8055
8057 8056
8058 8057
8059 8058
8060 8059
8061 8060
8062 8061
8063 8062
8064 8063
8065 8064
8066 8065
8067 8066
8068 8067
8069 8068
8070 8069
8071 8070
8072 8071
8073 8072
8074 8073
8075 8074
8076 8075
8077 8076
8078 8077
8079 8078
8080 8079
8081 8080
8082 8081
8083 8082
8084 8083
8085 8084
8086 8085
8087 8086
8088 8087
8089 8088
8090 8089
8091 8090
8092 8091
8093 8092
8094 8093
8095 8094
8096 8095
8097 8096
8098 8097
8099 8098
8100 8099
8101 8100
8102 8101
8103 8102
8104 8103
8105 8104
8106 8105
8107 8106
8108 8107
8109 8108
8110 8109
8111 8110
8112 8111
8113 8112
8114 8113
8115 8114
8116 8115
8117 8116
8118 8117
8119 8118
8120 8119
8121 8120
8122 8121
8123 8122
8124 8123
8125 8124
8126 8125
8127 8126
8128 8127
8129 8128
8130 8129
8131 8130
8132 8131
8133 8132
8134 8133
8135 8134
8136 8135
8137 8136
8138 8137
8139 8138
8140 8139
8141 8140
8142 8141
8143 8142
8144 8143
8145 8144
8146 8145
8147 8146
8148 8147
8149 8148
8150 8149
8151 8150
8152 8151
8153 8152
8154 8153
8155 8154
8156 8155
8157 8156
8158 8157
8159 8158
8160 8159
8161 8160
8162 8161
8163 8162
8164 8163
8165 8164
8166 8165
8167 8166
8168 8167
8169 8168
8170 8169
8171 8170
8172 8171
8173 8172
8174 8173
8175 8174
8176 8175
8177 8176
8178 8177
8179 8178
8180 8179
8181 8180
8182 8181
8183 8182
8184 8183
8185 8184
8186 8185
8187 8186
8188 8187
8189 8188
8190 8189
8191 8190
8192 8191
8193 8192
8194 8193
8195 8194
8196 8195
8197 8196
8198 8197
8199 8198
8200 8199
8201 8200
8202 8201
8203 8202
8204 8203
8205 8204
8206 8205
8207 8206
8208 8207
8209 8208
8210 8209
8211 8210
8212 8211
8213 8212
8214 8213
8215 8214
8216 8215
8217 8216
8218 8217
8219 8218
8220 8219
8221 8220
8222 8221
8223 8222
8224 8223
8225 8224
8226 8225
8227 8226
8228 8227
8229 8228
8230 8229
8231 8230
8232 8231
8233 8232
8234 8233
8235 8234
8236 8235
8237 8236
8238 8237
8239 8238
8240 8239
8241 8240
8242 8241
8243 8242
8244 8243
8245 8244
8246 8245
8247 8246
8248 8247
8249 8248
8250 8249
8251 8250
8252 8251
8253 8252
8254 8253
8255 8254
8256 8255
8257 8256
8258 8257
8259 8258
8260 8259
8261 8260
8262 8261
8263 8262
8264 8263
8265 8264
8266 8265
8267 8266
8268 8267
8269 8268
8270 8269
8271 8270
8272 8271
8273 8272
8274 8273
8275 8274
8276 8275
8277 8276
8278 8277
8279 8278
8280 8279
8281 8280
8282 8281
8283 8282
8284 8283
8285 8284
8286 8285
8287 8286
8288 8287
8289 8288
8290 8289
8291 8290
8292 8291
8293 8292
8294 8293
8295 8294
8296 8295
8297 8296
8298 8297
8299 8298
8300 8299
8301 8300
8302 8301
8303 8302
8304 8303
8305 8304
8306 8305
8307 8306
8308 8307
8309 8308
8310 8309
8311 8310
8312 8311
8313 8312
8314 8313
8315 8314
8316 8315
8317 8316
8318 8317
8319 8318
8320 8319
8321 8320
8322 8321
8323 8322
8324 8323
8325 8324
8326 8325
8327 8326
8328 8327
8329 8328
8330 8329
8331 8330
8332 8331
8333 8332
8334 8333
8335 8334
8336 8335
8337 8336
8338 8337
8339 8338
8340 8339
8341 8340
8342 8341
8343 8342
8344 8343
8345 8344
8346 8345
8347 8346
8348 8347
8349 8348
8350 8349
8351 8350
8352 8351
8353 8352
8354 8353
8355 8354
8356 8355
8357 8356
8358 8357
8359 8358
8360 8359
8361 8360
8362 8361
8363 8362
8364 8363
8365 8364
8366 8365
8367 8366
8368 8367
8369 8368
8370 8369
8371 8370
8372 8371
8373 8372
8374 8373
8375 8374
8376 8375
8377 8376
8378 8377
8379 8378
8380 8379
8381 8380
8382 8381
8383 8382
8384 8383
8385 8384
8386 8385
8387 8386
8388 8387
8389 8388
8390 8389
8391 8390
8392 8391
8393 8392
8394 8393
8395 8394
8396 8395
8397 8396
8398 8397
8399 8398
8400 8399
8401 8400
8402 8401
8403 8402
8404 8403
8405 8404
8406 8405
8407 8406
8408 8407
8409 8408
8410 8409
8411 8410
8412 8411
8413 8412
8414 8413
8415 8414
8416 8415
8417 8416
8418 8417
8419 8418
8420 8419
8421 8420
8422 8421
8423 8422
8424 8423
8425 8424
8426 8425
8427 8426
8428 8427
8429 8428
8430 8429
8431 8430
8432 8431
8433 8432
8434 8433
8435 8434
8436 8435
8437 8436
8438 8437
8439 8438
8440 8439
8441 8440
8442 8441
8443 8442
8444 8443
8445 8444
8446 8445
8447 8446
8448 8447
8449 8448
8450 8449
8451 8450
8452 8451
8453 8452
8454 8453
8455 8454
8456 8455
8457 8456
8458 8457
8459 8458
8460 8459
8461 8460
8462 8461
8463 8462
8464 8463
8465 8464
8466 8465
8467 8466
8468 8467
8469 8468
8470 8469
8471 8470
8472 8471
8473 8472
8474 8473
8475 8474
8476 8475
8477 8476
8478 8477
8479 8478
8480 8479
8481 8480
8482 8481
8483 8482
8484 8483
8485 8484
8486 8485
8487 8486
8488 8487
8489 8488
8490 8489
8491 8490
8492 8491
8493 8492
8494 8493
8495 8494
8496 8495
8497 8496
8498 8497
8499 8498
8500 8499
8501 8500
8502 8501
8503 8502
8504 8503
8505 8504
8506 8505
8507 8506
8508 8507
8509 8508
8510 8509
8511 8510
8512 8511
8513 8512
8514 8513
8515 8514
8516 8515
8517 8516
8518 8517
8519 8518
8520 8519
8521 8520
8522 8521
8523 8522
8524 8523
8525 8524
8526 8525
8527 8526
8528 8527
8529 8528
8530 8529
8531 8530
8532 8531
8533 8532
8534 8533
8535 8534
8536 8535
8537 8536
8538 8537
8539 8538
8540 8539
8541 8540
8542 8541
8543 8542
8544 8543
8545 8544
8546 8545
8547 8546
8548 8547
8549 8548
8550 8549
8551 8550
8552 8551
8553 8552
8554 8553
8555 8554
8556 8555
8557 8556
8558 8557
8559 8558
8560 8559
8561 8560
8562 8561
8563 8562
8564 8563
8565 8564
8566 8565
8567 8566
8568 8567
8569 8568
8570 8569
8571 8570
8572 8571
8573 8572
8574 8573
8575 8574
8576 8575
8577 8576
8578 8577
8579 8578
8580 8579
8581 8580
8582 8581
8583 8582
8584 8583
8585 8584
8586 8585
8587 8586
8588 8587
8589 8588
8590 8589
8591 8590
8592 8591
8593 8592
8594 8593
8595 8594
8596 8595
8597 8596
8598 8597
8599 8598
8600 8599
8600 4430
8601 2136
8602 8601
8603 8602
8604 2136
8605 2136
8606 8605
8607 8606
8608 8607
8609 8607
8610 8609
8611 8610
8612 8604
8613 2136
8614 8603
8615 8614
8616 8614
8617 8614
8618 8606
8619 8606
8620 8615
8621 8608
8622 8603
8623 8611
8624 8622
8625 8615
8626 8602
8627 8625
8628 2136
8629 8615
8630 8615
8631 8626
8632 8616
8633 8607
8634 8610
8635 8613
8636 8607
8637 8608
8638 8601
8639 8635
8640 8637
8641 8639
8642 8625
8643 8626
8644 8602
8645 8631
8646 8614
8647 8606
8648 8629
8649 8634
8650 8641
8651 8604
8652 8633
8653 8635
8654 8632
8655 8611
8656 8635
8657 8651
8658 8645
8659 8625
8660 8617
8661 8647
8662 8601
8663 8641
8664 8630
8665 8647
8666 8624
8667 8609
8668 8604
8669 8651
8670 8660
8671 8660
8672 8641
8673 8610
8674 8645
8675 8617
8676 8610
8677 8674
8678 8643
8679 8654
8680 8675
8681 8610
8682 8671
8683 8608
8684 8661
8685 8614
8686 8680
8687 8677
8688 8654
8689 8643
8690 8652
8691 8638
8692 8689
8693 8660
8694 8603
8695 8658
8696 8691
8697 8607
8698 8644
8699 8673
8700 8683
8701 8644
8702 8619
8703 8693
8704 8691
8705 8605
8706 8646
8707 8668
8708 8653
8709 8697
8710 8608
8711 8693
8712 8607
8713 8649
8714 8672
8715 8712
8716 8691
8717 8660
8718 8714
8719 8644
8720 8656
8721 8651
8722 8634
8723 8637
8724 8619
8725 8623
8726 8705
8727 8683
8728 8671
8729 8665
8730 8634
8731 8707
8732 8681
8733 8694
8734 8700
8735 8678
8736 8612
8737 8620
8738 8619
8739 8605
8740 8614
8741 8738
8742 8621
8743 8731
8744 8698
8745 8624
8746 8656
8747 8704
8748 8736
8749 8623
8750 8660
8751 8672
8752 8656
8753 8637
8754 8670
8755 8731
8756 8623
8757 8699
8758 8670
8759 8728
8760 8696
8761 8632
8762 8740
8763 8681
8764 8721
8765 8728
8766 8635
8767 8690
8768 8747
8769 8733
8770 8650
8771 8631
8772 8618
8773 8604
8774 8671
8775 8723
8776 8770
8777 8624
8778 8651
8779 8602
8780 8711
8781 8609
8782 8710
8783 8741
8784 8750
8785 8607
8786 8712
8787 8764
8788 8654
8789 8618
8790 8695
8791 8733
8792 8704
8793 8652
8794 8769
8795 8739
8796 8667
8797 8783
8798 8726
8799 8784
8800 8792
8801 8712
8802 8777
8803 8759
8804 8651
8805 8684
8806 8695
8807 8624
8808 8745
8809 8641
8810 8701
8811 8709
8812 8808
8813 8673
8814 8663
8815 8667
8816 8690
8817 8737
8818 8751
8819 8668
8820 8766
8821 8704
8822 8790
8823 8720
8824 8694
8825 8706
8826 8664
8827 8761
8828 8819
8829 8610
8830 8656
8831 8631
8832 8796
8833 8800
8834 8613
8835 8817
8836 8663
8837 8835
8838 8816
8839 8693
8840 8638
8841 8767
8842 8679
8843 8754
8844 8791
8845 8609
8846 8718
8847 8668
8848 8741
8849 8646
8850 8817
8851 8608
8852 8657
8853 8629
8854 8718
8855 8763
8856 8794
8857 8786
8858 8783
8859 8831
8860 8797
8861 8668
8862 8682
8863 8720
8864 8726
8865 8635
8866 8704
8867 8678
8868 8841
8869 8856
8870 8614
8871 8724
8872 8865
8873 8849
8874 8762
8875 8824
8876 8773
8877 8615
8878 8695
8879 8644
8880 8606
8881 8809
8882 8846
8883 8804
8884 8690
8885 8850
8886 8795
8887 8667
8888 8748
8889 8755
8890 8779
8891 8821
8892 8838
8893 8607
8894 8798
8895 8862
8896 8878
8897 8856
8898 8800
8899 8616
8900 8857
8901 8661
8902 8761
8903 8813
8904 8819
8905 8661
8906 8690
8907 8707
8908 8737
8909 8699
8910 8846
8911 8743
8912 8837
8913 8634
8914 8849
8915 8757
8916 8682
8917 8743
8918 8739
8919 8700
8920 8685
8921 8774
8922 8828
8923 8689
8924 8601
8925 8863
8926 8661
8927 8804
8928 8692
8929 8709
8930 8851
8931 8609
8932 8720
8933 8865
8934 8882
8935 8898
8936 8659
8937 8621
8938 8885
8939 8650
8940 8715
8941 8854
8942 8884
8943 8937
8944 8866
8945 8810
8946 8769
8947 8678
8948 8747
8949 8605
8950 8619
8951 8779
8952 8828
8953 8660
8954 8848
8955 8933
8956 8762
8957 8946
8958 8812
8959 8815
8960 8760
8961 8667
8962 8751
8963 8764
8964 8825
8965 8770
8966 8961
8967 8769
8968 8833
8969 8829
8970 8726
8971 8757
8972 8639
8973 8929
8974 8670
8975 8900
8976 8806
8977 8863
8978 8944
8979 8972
8980 8603
8981 8752
8982 8780
8983 8794
8984 8633
8985 8655
8986 8913
8987 8631
8988 8746
8989 8823
8990 8759
8991 8625
8992 8619
8993 8894
8994 8952
8995 8844
8996 8836
8997 8890
8998 8899
8999 8846
9000 8605
9001 8882
9002 8858
9003 8977
9004 8794
9005 8730
9006 8868
9007 8703
9008 8672
9009 8722
9010 8670
9011 1112
9012 9011
9013 9012
9014 9013
9015 9014
9016 9015
9017 9016
9018 9017
9019 9018
9020 9019
9021 9020
9022 9021
9023 9022
9024 9023
9025 9024
9026 9025
9027 9026
9028 9027
9029 9028
9030 9029
9031 9030
9032 9031
9033 9032
9034 9033
9035 9034
9036 9035
9037 9036
9038 9037
9039 9038
9040 9039
9041 9040
9042 9041
9043 9042
9044 9043
9045 9044
9046 9045
9047 9046
9048 9047
9049 9048
9050 9049
9051 9050
9052 9051
9053 9052
9054 9053
9055 9054
9056 9055
9057 9056
9058 9057
9059 9058
9060 9059
9061 9060
9062 9061
9063 9062
9064 9063
9065 9064
9066 9065
9067 9066
9068 9067
9069 9068
9070 9069
9071 9070
9072 9071
9073 9072
9074 9073
9075 9074
9076 9075
9077 9076
9078 9077
9079 9078
9080 9079
9081 9080
9082 9081
9083 9082
9084 9083
9085 9084
9086 9085
9087 9086
9088 9087
9089 9088
9090 9089
9091 9090
9092 9091
9093 9092
9094 9093
9095 9094
9096 9095
9097 9096
9098 9097
9099 9098
9100 9099
9101 9100
9102 9101
9103 9102
9104 9103
9105 9104
9106 9105
9107 9106
9108 9107
9109 9108
9110 9109
9111 9110
9112 9111
9113 9112
9114 9113
9115 9114
9116 9115
9117 9116
9118 9117
9119 9118
9120 9119
9121 9120
9122 9121
9123 9122
9124 9123
9125 9124
9126 9125
9127 9126
9128 9127
9129 9128
9130 9129
9131 9130
9132 9131
9133 9132
9134 9133
9135 9134
9136 9135
9137 9136
9138 9137
9139 9138
9140 9139
9141 9140
9142 9141
9143 9142
9144 9143
9145 9144
9146 9145
9147 9146
9148 9147
9149 9148
9150 9149
9151 9150
9152 9151
9153 9152
9154 9153
9155 9154
9156 9155
9157 9156
9158 9157
9159 9158
9160 9159
9161 9160
9162 9161
9163 9162
9164 9163
9165 9164
9166 9165
9167 9166
9168 9167
9169 9168
9170 9169
9171 9170
9172 9171
9173 9172
9174 9173
9175 9174
9176 9175
9177 9176
9178 9177
9179 9178
9180 9179
9181 9180
9182 9181
9183 9182
9184 9183
9185 9184
9186 9185
9187 9186
9188 9187
9189 9188
9190 9189
9191 9190
9192 9191
9193 9192
9194 9193
9195 9194
9196 9195
9197 9196
9198 9197
9199 9198
9200 9199
9201 9200
9202 9201
9203 9202
9204 9203
9205 9204
9206 9205
9207 9206
9208 9207
9209 9208
9210 9209
9211 9210
9212 9211
9213 9212
9214 9213
9215 9214
9216 9215
9217 9216
9218 9217
9219 9218
9220 9219
9221 9220
9222 9221
9223 9222
9224 9223
9225 9224
9226 9225
9227 9226
9228 9227
9229 9228
9230 9229
9231 9230
9232 9231
9233 9232
9234 9233
9235 9234
9236 9235
9237 9236
9238 9237
9239 9238
9240 9239
9241 9240
9242 9241
9243 9242
9244 9243
9245 9244
9246 9245
9247 9246
9248 9247
9249 9248
9250 9249
9251 9250
9252 9251
9253 9252
9254 9253
9255 9254
9256 9255
9257 9256
9258 9257
9259 9258
9260 9259
9261 9260
9262 9261
9263 9262
9264 9263
9265 9264
9266 9265
9267 9266
9268 9267
9269 9268
9270 9269
9271 9270
9272 9271
9273 9272
9274 9273
9275 9274
9276 9275
9277 9276
9278 9277
9279 9278
9280 9279
9281 9280
9282 9281
9283 9282
9284 9283
9285 9284
9286 9285
9287 9286
9288 9287
9289 9288
9290 9289
9291 9290
9292 9291
9293 9292
9294 9293
9295 9294
9296 9295
9297 9296
9298 9297
9299 9298
9300 9299
9301 9300
9302 9301
9303 9302
9304 9303
9305 9304
9306 9305
9307 9306
9308 9307
9309 9308
9310 9309
9311 9310
9312 9311
9313 9312
9314 9313
9315 9314
9316 9315
9317 9316
9318 9317
9319 9318
9320 9319
9321 9320
9322 9321
9323 9322
9324 9323
9325 9324
9326 9325
9327 9326
9328 9327
9329 9328
9330 9329
9331 9330
9332 9331
9333 9332
9334 9333
9335 9334
9336 9335
9337 9336
9338 9337
9339 9338
9340 9339
9341 9340
9342 9341
9343 9342
9344 9343
9345 9344
9346 9345
9347 9346
9348 9347
9349 9348
9350 9349
9351 9350
9352 9351
9353 9352
9354 9353
9355 9354
9356 9355
9357 9356
9358 9357
9359 9358
9360 9359
9361 9360
9362 9361
9363 9362
9364 9363
9365 9364
9366 9365
9367 9366
9368 9367
9369 9368
9370 9369
9371 9370
9372 9371
9373 9372
9374 9373
9375 9374
9376 9375
9377 9376
9378 9377
9379 9378
9380 9379
9381 9380
9382 9381
9383 9382
9384 9383
9385 9384
9386 9385
9387 9386
9388 9387
9389 9388
9390 9389
9391 9390
9392 9391
9393 9392
9394 9393
9395 9394
9396 9395
9397 9396
9398 9397
9399 9398
9400 9399
9401 9400
9402 9401
9403 9402
9404 9403
9405 9404
9406 9405
9407 9406
9408 9407
9409 9408
9410 9409
9411 9410
9412 9411
9413 9412
9414 9413
9415 9414
9416 9415
9417 9416
9418 9417
9419 9418
9420 9419
9421 9420
9422 9421
9423 9422
9424 9423
9425 9424
9426 9425
9427 9426
9428 9427
9429 9428
9430 9429
9431 9430
9432 9431
9433 9432
9434 9433
9435 9434
9436 9435
9437 9436
9438 9437
9439 9438
9440 9439
9441 9440
9442 9441
9443 9442
9444 9443
9445 9444
9446 9445
9447 9446
9448 9447
9449 9448
9450 9449
9451 9450
9452 9451
9453 9452
9454 9453
9455 9454
9456 9455
9457 9456
9458 9457
9459 9458
9460 9459
9461 9460
9462 9461
9463 9462
9464 9463
9465 9464
9466 9465
9467 9466
9468 9467
9469 9468
9470 9469
9471 9470
9472 9471
9473 9472
9474 9473
9475 9474
9476 9475
9477 9476
9478 9477
9479 9478
9480 9479
9481 9480
9482 9481
9483 9482
9484 9483
9485 9484
9486 9485
9487 9486
9488 9487
9489 9488
9490 9489
9491 9490
9492 9491
9493 9492
9494 9493
9495 9494
9496 9495
9497 9496
9498 9497
9499 9498
9500 9499
9501 9500
9502 9501
9503 9502
9504 9503
9505 9504
9506 9505
9507 9506
9508 9507
9509 9508
9510 9509
9511 9510
9512 9511
9513 9512
9514 9513
9515 9514
9516 9515
9517 9516
9518 9517
9519 9518
9520 9519
9521 9520
9522 9521
9523 9522
9524 9523
9525 9524
9526 9525
9527 9526
9528 9527
9529 9528
9530 9529
9531 9530
9532 9531
9533 9532
9534 9533
9535 9534
9536 9535
9537 9536
9538 9537
9539 9538
9540 9539
9541 9540
9542 9541
9543 9542
9544 9543
9545 9544
9546 9545
9547 9546
9548 9547
9549 9548
9550 9549
9551 9550
9552 9551
9553 9552
9554 9553
9555 9554
9556 9555
9557 9556
9558 9557
9559 9558
9560 9559
9561 9560
9562 9561
9563 9562
9564 9563
9565 9564
9566 9565
9567 9566
9568 9567
9569 9568
9570 9569
9571 9570
9572 9571
9573 9572
9574 9573
9575 9574
9576 9575
9577 9576
9578 9577
9579 9578
9580 9579
9581 9580
9582 9581
9583 9582
9584 9583
9585 9584
9586 9585
9587 9586
9588 9587
9589 9588
9590 9589
9591 9590
9592 9591
9593 9592
9594 9593
9595 9594
9596 9595
9597 9596
9598 9597
9599 9598
9600 9599
9601 9600
9602 9601
9603 9602
9604 9603
9605 9604
9606 9605
9607 9606
9608 9607
9609 9608
9610 9609
9611 9610
9612 9611
9613 9612
9614 9613
9615 9614
9616 9615
9617 9616
9618 9617
9619 9618
9620 9619
9621 9620
9622 9621
9623 9622
9624 9623
9625 9624
9626 9625
9627 9626
9628 9627
9629 9628
9630 9629
9631 9630
9632 9631
9633 9632
9634 9633
9635 9634
9636 9635
9637 9636
9638 9637
9639 9638
9640 9639
9641 9640
9642 9641
9643 9642
9644 9643
9645 9644
9646 9645
9647 9646
9648 9647
9649 9648
9650 9649
9651 9650
9652 9651
9653 9652
9654 9653
9655 9654
9656 9655
9657 9656
9658 9657
9659 9658
9660 9659
9661 9660
9662 9661
9663 9662
9664 9663
9665 9664
9666 9665
9667 9666
9668 9667
9669 9668
9670 9669
9671 9670
9672 9671
9673 9672
9674 9673
9675 9674
9676 9675
9677 9676
9678 9677
9679 9678
9680 9679
9681 9680
9682 9681
9683 9682
9684 9683
9685 9684
9686 9685
9687 9686
9688 9687
9689 9688
9690 9689
9691 9690
9692 9691
9693 9692
9694 9693
9695 9694
9696 9695
9697 9696
9698 9697
9699 9698
9700 9699
9701 9700
9702 9701
9703 9702
9704 9703
9705 9704
9706 9705
9707 9706
9708 9707
9709 9708
9710 9709
9711 9710
9712 9711
9713 9712
9714 9713
9715 9714
9716 9715
9717 9716
9718 9717
9719 9718
9720 9719
9721 9720
9722 9721
9723 9722
9724 9723
9725 9724
9726 9725
9727 9726
9728 9727
9729 9728
9730 9729
9731 9730
9732 9731
9733 9732
9734 9733
9735 9734
9736 9735
9737 9736
9738 9737
9739 9738
9740 9739
9741 9740
9742 9741
9743 9742
9744 9743
9745 9744
9746 9745
9747 9746
9748 9747
9749 9748
9750 9749
9751 9750
9752 9751
9753 9752
9754 9753
9755 9754
9756 9755
9757 9756
9758 9757
9759 9758
9760 9759
9761 9760
9762 9761
9763 9762
9764 9763
9765 9764
9766 9765
9767 9766
9768 9767
9769 9768
9770 9769
9771 9770
9772 9771
9773 9772
9774 9773
9775 9774
9776 9775
9777 9776
9778 9777
9779 9778
9780 9779
9781 9780
9782 9781
9783 9782
9784 9783
9785 9784
9786 9785
9787 9786
9788 9787
9789 9788
9790 9789
9791 9790
9792 9791
9793 9792
9794 9793
9795 9794
9796 9795
9797 9796
9798 9797
9799 9798
9800 9799
9801 9800
9802 9801
9803 9802
9804 9803
9805 9804
9806 9805
9807 9806
9808 9807
9809 9808
9810 9809
9811 9810
9812 9811
9813 9812
9814 9813
9815 9814
9816 9815
9817 9816
9818 9817
9819 9818
9820 9819
9821 9820
9822 9821
9823 9822
9824 9823
9825 9824
9826 9825
9827 9826
9828 9827
9829 9828
9830 9829
9831 9830
9832 9831
9833 9832
9834 9833
9835 9834
9836 9835
9837 9836
9838 9837
9839 9838
9840 9839
9841 9840
9842 9841
9843 9842
9844 9843
9845 9844
9846 9845
9847 9846
9848 9847
9849 9848
9850 9849
9851 9850
9852 9851
9853 9852
9854 9853
9855 9854
9856 9855
9857 9856
9858 9857
9859 9858
9860 9859
9861 9860
9862 9861
9863 9862
9864 9863
9865 9864
9866 9865
9867 9866
9868 9867
9869 9868
9870 9869
9871 9870
9872 9871
9873 9872
9874 9873
9875 9874
9876 9875
9877 9876
9878 9877
9879 9878
9880 9879
9881 9880
9882 9881
9883 9882
9884 9883
9885 9884
9886 9885
9887 9886
9888 9887
9889 9888
9890 9889
9891 9890
9892 9891
9893 9892
9894 9893
9895 9894
9896 9895
9897 9896
9898 9897
9899 9898
9900 9899
9901 9900
9902 9901
9903 9902
9904 9903
9905 9904
9906 9905
9907 9906
9908 9907
9909 9908
9910 9909
9911 9910
9912 9911
9913 9912
9914 9913
9915 9914
9916 9915
9917 9916
9918 9917
9919 9918
9920 9919
9921 9920
9922 9921
9923 9922
9924 9923
9925 9924
9926 9925
9927 9926
9928 9927
9929 9928
9930 9929
9931 9930
9932 9931
9933 9932
9934 9933
9935 9934
9936 9935
9937 9936
9938 9937
9939 9938
9940 9939
9941 9940
9942 9941
9943 9942
9944 9943
9945 9944
9946 9945
9947 9946
9948 9947
9949 9948
9950 9949
9951 9950
9952 9951
9953 9952
9954 9953
9955 9954
9956 9955
9957 9956
9958 9957
9959 9958
9960 9959
9961 9960
9962 9961
9963 9962
9964 9963
9965 9964
9966 9965
9967 9966
9968 9967
9969 9968
9970 9969
9971 9970
9972 9971
9973 9972
9974 9973
9975 9974
9976 9975
9977 9976
9978 9977
9979 9978
9980 9979
9981 9980
9982 9981
9983 9982
9984 9983
9985 9984
9986 9985
9987 9986
9988 9987
9989 9988
9990 9989
9991 9990
9992 9991
9993 9992
9994 9993
9995 9994
9996 9995
9997 9996
9998 9997
9999 9998
10000 9999
10000 1112
