1000 1498
2 1
3 2
3 1
4 2
5 4
5 2
6 5
7 6
7 5
8 6
9 8
9 6
10 9
11 10
11 9
12 10
13 12
13 10
14 2
15 14
15 2
16 9
17 16
17 9
18 13
19 18
19 13
20 7
21 20
21 7
22 5
23 22
23 5
24 20
25 24
25 20
26 21
27 26
27 21
28 10
29 28
29 10
30 5
31 30
31 5
32 2
33 32
33 2
34 6
35 34
35 6
36 30
37 36
37 30
38 22
39 38
39 22
40 3
41 40
41 3
42 4
43 42
43 4
44 20
45 44
45 20
46 18
47 46
47 18
48 1
49 48
49 1
50 33
51 50
51 33
52 50
53 52
53 50
54 10
55 54
55 10
56 51
57 56
57 51
58 23
59 58
59 23
60 24
61 60
61 24
62 16
63 62
63 16
64 1
65 64
65 1
66 45
67 66
67 45
68 52
69 68
69 52
70 14
71 70
71 14
72 11
73 72
73 11
74 70
75 74
75 70
76 38
77 76
77 38
78 56
79 78
79 56
80 28
81 80
81 28
82 52
83 82
83 52
84 79
85 84
85 79
86 55
87 86
87 55
88 46
89 88
89 46
90 26
91 90
91 26
92 66
93 92
93 66
94 65
95 94
95 65
96 83
97 96
97 83
98 63
99 98
99 63
100 9
101 100
101 9
102 62
103 102
103 62
104 26
105 104
105 26
106 31
107 106
107 31
108 78
109 108
109 78
110 26
111 110
111 26
112 15
113 112
113 15
114 113
115 114
115 113
116 15
117 116
117 15
118 112
119 118
119 112
120 33
121 120
121 33
122 48
123 122
123 48
124 73
125 124
125 73
126 37
127 126
127 37
128 13
129 128
129 13
130 31
131 130
131 31
132 126
133 132
133 126
134 128
135 134
135 128
136 129
137 136
137 129
138 135
139 138
139 135
140 103
141 140
141 103
142 9
143 142
143 9
144 126
145 144
145 126
146 125
147 146
147 125
148 106
149 148
149 106
150 85
151 150
151 85
152 97
153 152
153 97
154 116
155 154
155 116
156 22
157 156
157 22
158 73
159 158
159 73
160 101
161 160
161 101
162 55
163 162
163 55
164 115
165 164
165 115
166 61
167 166
167 61
168 123
169 168
169 123
170 31
171 170
171 31
172 67
173 172
173 67
174 102
175 174
175 102
176 61
177 176
177 61
178 108
179 178
179 108
180 110
181 180
181 110
182 94
183 182
183 94
184 117
185 184
185 117
186 26
187 186
187 26
188 56
189 188
189 56
190 180
191 190
191 180
192 150
193 192
193 150
194 10
195 194
195 10
196 178
197 196
197 178
198 39
199 198
199 39
200 144
201 200
201 144
202 29
203 202
203 29
204 27
205 204
205 27
206 143
207 206
207 143
208 132
209 208
209 132
210 106
211 210
211 106
212 118
213 212
213 118
214 140
215 214
215 140
216 121
217 216
217 121
218 60
219 218
219 60
220 214
221 220
221 214
222 183
223 222
223 183
224 26
225 224
225 26
226 5
227 226
227 5
228 107
229 228
229 107
230 202
231 230
231 202
232 110
233 232
233 110
234 167
235 234
235 167
236 52
237 236
237 52
238 85
239 238
239 85
240 159
241 240
241 159
242 21
243 242
243 21
244 14
245 244
245 14
246 182
247 246
247 182
248 70
249 248
249 70
250 110
251 250
251 110
252 46
253 252
253 46
254 45
255 254
255 45
256 18
257 256
257 18
258 70
259 258
259 70
260 220
261 260
261 220
262 75
263 262
263 75
264 133
265 264
265 133
266 31
267 266
267 31
268 178
269 268
269 178
270 255
271 270
271 255
272 195
273 272
273 195
274 232
275 274
275 232
276 252
277 276
277 252
278 265
279 278
279 265
280 76
281 280
281 76
282 262
283 282
283 262
284 8
285 284
285 8
286 144
287 286
287 144
288 137
289 288
289 137
290 255
291 290
291 255
292 47
293 292
293 47
294 38
295 294
295 38
296 267
297 296
297 267
298 297
299 298
299 297
300 210
301 300
301 210
302 229
303 302
303 229
304 88
305 304
305 88
306 223
307 306
307 223
308 268
309 308
309 268
310 90
311 310
311 90
312 78
313 312
313 78
314 5
315 314
315 5
316 145
317 316
317 145
318 14
319 318
319 14
320 112
321 320
321 112
322 152
323 322
323 152
324 51
325 324
325 51
326 79
327 326
327 79
328 104
329 328
329 104
330 39
331 330
331 39
332 139
333 332
333 139
334 181
335 334
335 181
336 316
337 336
337 316
338 165
339 338
339 165
340 299
341 340
341 299
342 159
343 342
343 159
344 98
345 344
345 98
346 284
347 346
347 284
348 215
349 348
349 215
350 38
351 350
351 38
352 141
353 352
353 141
354 156
355 354
355 156
356 197
357 356
357 197
358 265
359 358
359 265
360 232
361 360
361 232
362 119
363 362
363 119
364 237
365 364
365 237
366 219
367 366
367 219
368 13
369 368
369 13
370 172
371 370
371 172
372 218
373 372
373 218
374 356
375 374
375 356
376 150
377 376
377 150
378 270
379 378
379 270
380 23
381 380
381 23
382 142
383 382
383 142
384 365
385 384
385 365
386 107
387 386
387 107
388 114
389 388
389 114
390 224
391 390
391 224
392 76
393 392
393 76
394 3
395 394
395 3
396 205
397 396
397 205
398 15
399 398
399 15
400 135
401 400
401 135
402 215
403 402
403 215
404 108
405 404
405 108
406 148
407 406
407 148
408 352
409 408
409 352
410 209
411 410
411 209
412 395
413 412
413 395
414 51
415 414
415 51
416 172
417 416
417 172
418 396
419 418
419 396
420 372
421 420
421 372
422 154
423 422
423 154
424 178
425 424
425 178
426 386
427 426
427 386
428 110
429 428
429 110
430 8
431 430
431 8
432 377
433 432
433 377
434 33
435 434
435 33
436 238
437 436
437 238
438 259
439 438
439 259
440 237
441 440
441 237
442 199
443 442
443 199
444 139
445 444
445 139
446 247
447 446
447 247
448 134
449 448
449 134
450 148
451 450
451 148
452 208
453 452
453 208
454 72
455 454
455 72
456 149
457 456
457 149
458 61
459 458
459 61
460 268
461 460
461 268
462 81
463 462
463 81
464 133
465 464
465 133
466 20
467 466
467 20
468 347
469 468
469 347
470 447
471 470
471 447
472 443
473 472
473 443
474 231
475 474
475 231
476 258
477 476
477 258
478 415
479 478
479 415
480 96
481 480
481 96
482 144
483 482
483 144
484 405
485 484
485 405
486 91
487 486
487 91
488 431
489 488
489 431
490 331
491 490
491 331
492 67
493 492
493 67
494 470
495 494
495 470
496 425
497 496
497 425
498 430
499 498
499 430
500 193
501 500
501 193
502 63
503 502
503 63
504 464
505 504
505 464
506 127
507 506
507 127
508 147
509 508
509 147
510 338
511 510
511 338
512 320
513 512
513 320
514 189
515 514
515 189
516 475
517 516
517 475
518 92
519 518
519 92
520 251
521 520
521 251
522 186
523 522
523 186
524 510
525 524
525 510
526 55
527 526
527 55
528 230
529 528
529 230
530 331
531 530
531 331
532 244
533 532
533 244
534 197
535 534
535 197
536 472
537 536
537 472
538 56
539 538
539 56
540 509
541 540
541 509
542 280
543 542
543 280
544 165
545 544
545 165
546 2
547 546
547 2
548 455
549 548
549 455
550 361
551 550
551 361
552 268
553 552
553 268
554 280
555 554
555 280
556 192
557 556
557 192
558 483
559 558
559 483
560 452
561 560
561 452
562 218
563 562
563 218
564 310
565 564
565 310
566 460
567 566
567 460
568 219
569 568
569 219
570 7
571 570
571 7
572 91
573 572
573 91
574 435
575 574
575 435
576 175
577 576
577 175
578 387
579 578
579 387
580 443
581 580
581 443
582 471
583 582
583 471
584 421
585 584
585 421
586 62
587 586
587 62
588 185
589 588
589 185
590 508
591 590
591 508
592 346
593 592
593 346
594 574
595 594
595 574
596 221
597 596
597 221
598 195
599 598
599 195
600 415
601 600
601 415
602 46
603 602
603 46
604 598
605 604
605 598
606 128
607 606
607 128
608 8
609 608
609 8
610 66
611 610
611 66
612 225
613 612
613 225
614 21
615 614
615 21
616 46
617 616
617 46
618 472
619 618
619 472
620 367
621 620
621 367
622 258
623 622
623 258
624 371
625 624
625 371
626 159
627 626
627 159
628 323
629 628
629 323
630 72
631 630
631 72
632 480
633 632
633 480
634 269
635 634
635 269
636 293
637 636
637 293
638 399
639 638
639 399
640 263
641 640
641 263
642 89
643 642
643 89
644 541
645 644
645 541
646 554
647 646
647 554
648 454
649 648
649 454
650 432
651 650
651 432
652 441
653 652
653 441
654 392
655 654
655 392
656 452
657 656
657 452
658 357
659 658
659 357
660 383
661 660
661 383
662 642
663 662
663 642
664 310
665 664
665 310
666 220
667 666
667 220
668 352
669 668
669 352
670 227
671 670
671 227
672 555
673 672
673 555
674 12
675 674
675 12
676 248
677 676
677 248
678 345
679 678
679 345
680 477
681 680
681 477
682 285
683 682
683 285
684 331
685 684
685 331
686 635
687 686
687 635
688 201
689 688
689 201
690 399
691 690
691 399
692 441
693 692
693 441
694 80
695 694
695 80
696 574
697 696
697 574
698 140
699 698
699 140
700 657
701 700
701 657
702 477
703 702
703 477
704 410
705 704
705 410
706 603
707 706
707 603
708 253
709 708
709 253
710 34
711 710
711 34
712 373
713 712
713 373
714 27
715 714
715 27
716 299
717 716
717 299
718 140
719 718
719 140
720 614
721 720
721 614
722 421
723 722
723 421
724 256
725 724
725 256
726 286
727 726
727 286
728 341
729 728
729 341
730 388
731 730
731 388
732 375
733 732
733 375
734 280
735 734
735 280
736 666
737 736
737 666
738 662
739 738
739 662
740 656
741 740
741 656
742 264
743 742
743 264
744 349
745 744
745 349
746 470
747 746
747 470
748 305
749 748
749 305
750 495
751 750
751 495
752 386
753 752
753 386
754 504
755 754
755 504
756 423
757 756
757 423
758 667
759 758
759 667
760 532
761 760
761 532
762 669
763 762
763 669
764 364
765 764
765 364
766 604
767 766
767 604
768 396
769 768
769 396
770 414
771 770
771 414
772 398
773 772
773 398
774 595
775 774
775 595
776 172
777 776
777 172
778 195
779 778
779 195
780 242
781 780
781 242
782 713
783 782
783 713
784 182
785 784
785 182
786 610
787 786
787 610
788 115
789 788
789 115
790 753
791 790
791 753
792 389
793 792
793 389
794 327
795 794
795 327
796 662
797 796
797 662
798 694
799 798
799 694
800 563
801 800
801 563
802 432
803 802
803 432
804 421
805 804
805 421
806 786
807 806
807 786
808 318
809 808
809 318
810 506
811 810
811 506
812 673
813 812
813 673
814 613
815 814
815 613
816 621
817 816
817 621
818 184
819 818
819 184
820 566
821 820
821 566
822 456
823 822
823 456
824 180
825 824
825 180
826 813
827 826
827 813
828 816
829 828
829 816
830 54
831 830
831 54
832 430
833 832
833 430
834 671
835 834
835 671
836 400
837 836
837 400
838 639
839 838
839 639
840 299
841 840
841 299
842 198
843 842
843 198
844 421
845 844
845 421
846 578
847 846
847 578
848 162
849 848
849 162
850 467
851 850
851 467
852 98
853 852
853 98
854 526
855 854
855 526
856 466
857 856
857 466
858 145
859 858
859 145
860 182
861 860
861 182
862 163
863 862
863 163
864 439
865 864
865 439
866 368
867 866
867 368
868 616
869 868
869 616
870 716
871 870
871 716
872 615
873 872
873 615
874 552
875 874
875 552
876 301
877 876
877 301
878 420
879 878
879 420
880 46
881 880
881 46
882 443
883 882
883 443
884 527
885 884
885 527
886 367
887 886
887 367
888 227
889 888
889 227
890 726
891 890
891 726
892 406
893 892
893 406
894 751
895 894
895 751
896 557
897 896
897 557
898 771
899 898
899 771
900 832
901 900
901 832
902 136
903 902
903 136
904 390
905 904
905 390
906 266
907 906
907 266
908 704
909 908
909 704
910 176
911 910
911 176
912 434
913 912
913 434
914 392
915 914
915 392
916 564
917 916
917 564
918 125
919 918
919 125
920 160
921 920
921 160
922 354
923 922
923 354
924 849
925 924
925 849
926 105
927 926
927 105
928 473
929 928
929 473
930 297
931 930
931 297
932 149
933 932
933 149
934 650
935 934
935 650
936 227
937 936
937 227
938 689
939 938
939 689
940 405
941 940
941 405
942 564
943 942
943 564
944 7
945 944
945 7
946 483
947 946
947 483
948 358
949 948
949 358
950 422
951 950
951 422
952 828
953 952
953 828
954 75
955 954
955 75
956 64
957 956
957 64
958 630
959 958
959 630
960 910
961 960
961 910
962 883
963 962
963 883
964 474
965 964
965 474
966 410
967 966
967 410
968 313
969 968
969 313
970 2
971 970
971 2
972 132
973 972
973 132
974 43
975 974
975 43
976 156
977 976
977 156
978 200
979 978
979 200
980 516
981 980
981 516
982 172
983 982
983 172
984 887
985 984
985 887
986 687
987 986
987 687
988 567
989 988
989 567
990 194
991 990
991 194
992 567
993 992
993 567
994 625
995 994
995 625
996 308
997 996
997 308
998 666
999 998
1000 999
1000 666
