1000 1009
2 1
3 1
4 2
5 4
6 3
7 2
8 5
9 1
10 9
11 9
12 7
13 8
14 12
15 1
16 11
17 14
18 7
19 11
20 13
21 9
22 20
23 9
24 18
25 8
26 22
27 6
28 22
29 28
30 29
31 30
32 31
33 32
33 22
34 31
35 34
36 31
37 34
38 37
39 35
40 34
41 38
42 37
43 37
44 43
45 31
46 41
47 39
48 37
49 41
50 39
51 47
52 34
53 48
54 49
55 37
56 37
57 48
58 56
59 40
60 43
61 34
62 52
63 44
64 38
65 34
66 48
67 36
68 62
69 31
70 54
71 41
72 34
73 67
74 71
75 67
76 68
77 42
78 55
79 55
80 72
81 57
82 79
83 57
84 47
85 45
86 64
87 80
88 87
89 87
90 63
91 46
92 48
93 36
94 62
95 75
96 47
97 52
98 97
99 90
100 31
101 100
102 101
103 102
104 103
105 104
106 105
107 106
108 107
109 108
110 109
111 110
112 111
113 112
114 113
115 114
116 115
117 116
118 117
119 118
120 119
121 120
122 121
123 122
124 123
125 124
126 125
127 126
128 127
129 128
130 129
131 130
132 131
132 31
133 40
134 133
135 40
136 135
137 133
138 137
139 40
140 136
141 40
142 134
143 40
144 143
145 141
146 143
147 136
148 140
149 143
150 140
151 141
152 148
153 135
154 144
155 134
156 144
157 40
158 139
159 151
160 148
161 147
162 135
163 157
164 136
165 137
166 145
167 146
168 135
169 143
170 40
171 163
172 171
173 152
174 173
175 174
176 175
177 176
178 177
179 178
180 179
181 180
182 181
183 182
184 183
185 184
186 185
187 186
188 187
189 188
190 189
190 152
191 87
192 191
193 192
194 193
195 194
196 195
197 196
198 197
199 198
200 199
201 200
202 201
203 202
204 203
205 204
206 205
207 206
208 207
209 208
210 209
211 210
212 211
213 212
214 213
215 214
216 215
217 216
218 217
219 218
220 219
221 220
222 221
223 222
224 223
225 224
226 225
227 226
228 227
229 228
230 229
231 230
232 231
233 232
234 233
235 234
236 235
237 236
238 237
239 238
240 239
241 240
242 241
243 242
244 243
245 244
246 245
247 246
248 247
249 248
250 249
251 250
252 251
253 252
254 253
255 254
256 255
257 256
258 257
259 258
260 259
261 260
262 261
263 262
264 263
265 264
266 265
267 266
268 267
269 268
270 269
271 270
272 271
273 272
274 273
275 274
276 275
277 276
278 277
278 87
279 106
280 279
281 280
282 281
283 282
284 283
285 284
286 285
287 286
288 287
289 288
290 289
291 290
292 291
293 292
294 293
295 294
296 295
297 296
298 297
299 298
300 299
301 300
302 301
303 302
304 303
305 304
306 305
307 306
308 307
309 308
310 309
311 310
312 311
313 312
314 313
315 314
316 315
317 316
318 317
319 318
320 319
321 320
322 321
323 322
324 323
325 324
326 325
327 326
328 327
329 328
330 329
331 330
332 331
333 332
334 333
334 106
335 237
336 237
337 336
338 237
339 338
340 336
341 338
342 340
343 337
344 338
345 336
346 237
347 340
348 342
349 342
350 237
351 237
352 340
353 335
354 352
355 349
356 350
357 356
358 340
359 342
360 237
361 341
362 339
363 359
364 340
365 363
366 361
367 362
368 363
369 365
370 336
371 363
372 355
373 357
374 364
375 364
376 335
377 355
378 362
379 357
380 349
381 353
382 345
383 346
384 359
385 343
386 372
387 361
388 343
389 347
390 374
391 355
392 379
393 345
394 380
395 388
396 237
397 359
398 358
399 379
400 392
401 387
402 358
403 376
404 361
405 337
406 360
407 351
408 398
409 363
410 373
411 345
412 403
413 396
414 392
415 387
416 349
417 394
418 392
419 372
420 387
421 180
422 421
423 422
424 423
425 424
426 425
427 426
428 427
429 428
430 429
431 430
432 431
433 432
434 433
435 434
436 435
437 436
438 437
439 438
440 439
441 440
442 441
443 442
444 443
445 444
446 445
447 446
447 180
448 309
449 448
450 449
451 449
452 309
453 449
454 451
455 448
456 449
457 449
458 457
459 453
460 449
461 452
462 460
463 448
464 457
465 457
466 458
467 464
468 466
469 468
470 465
471 451
472 457
473 456
474 450
475 459
476 465
477 451
478 459
479 477
480 475
481 466
482 471
483 465
484 131
485 484
486 484
487 131
488 131
489 131
490 487
491 484
492 490
493 487
494 488
495 131
496 493
497 486
498 492
499 490
500 494
501 493
502 495
503 486
504 500
505 503
506 490
507 498
508 485
509 491
510 489
511 502
512 488
513 494
514 507
515 497
516 487
517 492
518 498
519 511
520 518
521 496
522 510
523 131
524 487
525 519
526 515
527 503
528 495
529 509
530 131
531 487
532 489
533 489
534 522
535 505
536 59
537 536
538 537
539 538
540 539
541 540
542 541
543 542
544 543
545 544
546 545
547 546
548 547
549 548
550 549
551 550
552 551
553 552
554 553
555 554
556 555
557 556
557 59
558 236
559 558
560 559
561 560
562 561
563 562
564 563
565 564
566 565
567 566
568 567
569 568
570 569
571 570
572 571
573 572
574 573
575 574
576 575
577 576
578 577
579 578
580 579
581 580
582 581
583 582
584 583
585 584
586 585
587 586
588 587
589 588
590 589
591 590
592 591
593 592
594 593
595 594
596 595
597 596
598 597
599 598
600 599
601 600
602 601
603 602
604 603
605 604
606 605
607 606
608 607
609 608
610 609
611 610
612 611
613 612
614 613
615 614
616 615
617 616
618 617
619 618
620 619
621 620
622 621
623 622
624 623
625 624
626 625
626 236
627 261
628 261
629 261
630 627
631 261
632 628
633 632
634 629
635 628
636 635
637 630
638 631
639 637
640 634
641 633
642 627
643 630
644 637
645 631
646 628
647 261
648 637
649 627
650 628
651 638
652 636
653 633
654 647
655 637
656 648
657 640
658 646
659 635
660 635
661 653
662 638
663 644
664 645
665 261
666 646
667 632
668 627
669 659
670 656
671 636
672 651
673 636
674 657
675 261
676 645
677 657
678 644
679 653
680 656
681 640
682 651
683 640
684 662
685 649
686 634
687 679
688 639
689 677
690 634
691 650
692 685
693 688
694 648
695 379
696 695
697 696
698 379
699 696
700 697
701 697
702 699
703 695
704 701
705 697
706 704
707 706
708 704
709 697
710 704
711 706
712 699
713 704
714 704
715 697
716 714
717 715
718 713
719 700
720 703
721 702
722 697
723 717
724 720
725 704
726 706
727 701
728 708
729 724
730 717
731 708
732 696
733 706
734 704
735 723
736 696
737 732
738 705
739 707
740 729
741 729
742 713
743 697
744 405
745 744
746 745
747 746
748 747
749 748
750 749
751 750
752 751
753 752
754 753
755 754
756 755
757 756
758 757
759 758
760 759
761 760
762 761
763 762
764 763
765 764
766 765
767 766
768 767
769 768
770 769
771 770
772 771
773 772
774 773
775 774
776 775
777 776
778 777
779 778
780 779
781 780
782 781
783 782
784 783
785 784
786 785
787 786
788 787
789 788
790 789
791 790
792 791
793 792
794 793
795 794
796 795
797 796
798 797
799 798
800 799
801 800
802 801
803 802
804 803
805 804
806 805
807 806
808 807
809 808
810 809
811 810
812 811
813 812
814 813
815 814
816 815
817 816
818 817
819 818
820 819
821 820
822 821
823 822
824 823
825 824
826 825
827 826
828 827
829 828
829 405
830 394
831 830
832 394
833 394
834 833
835 831
836 833
837 831
838 830
839 833
840 394
841 840
842 841
843 839
844 841
845 841
846 394
847 846
848 843
849 839
850 830
851 839
852 847
853 850
854 832
855 844
856 843
857 835
858 833
859 830
860 857
861 855
862 833
863 840
864 833
865 830
866 858
867 855
868 863
869 836
870 838
871 844
872 831
873 851
874 832
875 840
876 844
877 855
878 830
879 850
880 864
881 837
882 830
883 845
884 842
885 853
886 833
887 855
888 876
889 856
890 834
891 838
892 840
893 867
894 890
895 893
896 884
897 870
898 836
899 865
900 898
901 853
902 868
903 888
904 862
905 858
906 858
907 879
908 897
909 833
910 844
911 873
912 847
913 831
914 834
915 845
916 855
917 852
918 875
919 854
920 861
921 857
922 833
923 913
924 225
925 924
926 925
927 926
928 927
929 928
930 929
931 930
932 931
933 932
934 933
935 934
936 935
937 936
938 937
939 938
940 939
941 940
942 941
943 942
944 943
945 944
946 945
947 946
948 947
949 948
950 949
951 950
952 951
953 952
954 953
955 954
956 955
957 956
958 957
959 958
960 959
961 960
962 961
963 962
964 963
965 964
966 965
967 966
968 967
969 968
970 969
971 970
972 971
973 972
974 973
975 974
976 975
977 976
978 977
979 978
980 979
981 980
982 981
983 982
984 983
985 984
986 985
987 986
988 987
989 988
990 989
991 990
991 225
992 354
993 992
994 993
995 354
996 354
997 994
998 994
999 995
1000 992
