10000 10000
2 1
3 2
4 3
5 4
6 5
7 6
8 7
9 8
10 9
11 10
12 11
13 12
14 13
15 14
16 15
17 16
18 17
19 18
20 19
21 20
22 21
23 22
24 23
25 24
26 25
27 26
28 27
29 28
30 29
31 30
32 31
33 32
34 33
35 34
36 35
37 36
38 37
39 38
40 39
41 40
42 41
43 42
44 43
45 44
46 45
47 46
48 47
49 48
50 49
51 50
52 51
53 52
54 53
55 54
56 55
57 56
58 57
59 58
60 59
61 60
62 61
63 62
64 63
65 64
66 65
67 66
68 67
69 68
70 69
71 70
72 71
73 72
74 73
75 74
76 75
77 76
78 77
79 78
80 79
81 80
82 81
83 82
84 83
85 84
86 85
87 86
88 87
89 88
90 89
91 90
92 91
93 92
94 93
95 94
96 95
97 96
98 97
99 98
100 99
101 100
102 101
103 102
104 103
105 104
106 105
107 106
108 107
109 108
110 109
111 110
112 111
113 112
114 113
115 114
116 115
117 116
118 117
119 118
120 119
121 120
122 121
123 122
124 123
125 124
126 125
127 126
128 127
129 128
130 129
131 130
132 131
133 132
134 133
135 134
136 135
137 136
138 137
139 138
140 139
141 140
142 141
143 142
144 143
145 144
146 145
147 146
148 147
149 148
150 149
151 150
152 151
153 152
154 153
155 154
156 155
157 156
158 157
159 158
160 159
161 160
162 161
163 162
164 163
165 164
166 165
167 166
168 167
169 168
170 169
171 170
172 171
173 172
174 173
175 174
176 175
177 176
178 177
179 178
180 179
181 180
182 181
183 182
184 183
185 184
186 185
187 186
188 187
189 188
190 189
191 190
192 191
193 192
194 193
195 194
196 195
197 196
198 197
199 198
200 199
201 200
202 201
203 202
204 203
205 204
206 205
207 206
208 207
209 208
210 209
211 210
212 211
213 212
214 213
215 214
216 215
217 216
218 217
219 218
220 219
221 220
222 221
223 222
224 223
225 224
226 225
227 226
228 227
229 228
230 229
231 230
232 231
233 232
234 233
235 234
236 235
237 236
238 237
239 238
240 239
241 240
242 241
243 242
244 243
245 244
246 245
247 246
248 247
249 248
250 249
251 250
252 251
253 252
254 253
255 254
256 255
257 256
258 257
259 258
260 259
261 260
262 261
263 262
264 263
265 264
266 265
267 266
268 267
269 268
270 269
271 270
272 271
273 272
274 273
275 274
276 275
277 276
278 277
279 278
280 279
281 280
282 281
283 282
284 283
285 284
286 285
287 286
288 287
289 288
290 289
291 290
292 291
293 292
294 293
295 294
296 295
297 296
298 297
299 298
300 299
301 300
302 301
303 302
304 303
305 304
306 305
307 306
308 307
309 308
310 309
311 310
312 311
313 312
314 313
315 314
316 315
317 316
318 317
319 318
320 319
321 320
322 321
323 322
324 323
325 324
326 325
327 326
328 327
329 328
330 329
331 330
332 331
333 332
334 333
335 334
336 335
337 336
338 337
339 338
340 339
341 340
342 341
343 342
344 343
345 344
346 345
347 346
348 347
349 348
350 349
351 350
352 351
353 352
354 353
355 354
356 355
357 356
358 357
359 358
360 359
361 360
362 361
363 362
364 363
365 364
366 365
367 366
368 367
369 368
370 369
371 370
372 371
373 372
374 373
375 374
376 375
377 376
378 377
379 378
380 379
381 380
382 381
383 382
384 383
385 384
386 385
387 386
388 387
389 388
390 389
391 390
392 391
393 392
394 393
395 394
396 395
397 396
398 397
399 398
400 399
401 400
402 401
403 402
404 403
405 404
406 405
407 406
408 407
409 408
410 409
411 410
412 411
413 412
414 413
415 414
416 415
417 416
418 417
419 418
420 419
421 420
422 421
423 422
424 423
425 424
426 425
427 426
428 427
429 428
430 429
431 430
432 431
433 432
434 433
435 434
436 435
437 436
438 437
439 438
440 439
441 440
442 441
443 442
444 443
445 444
446 445
447 446
448 447
449 448
450 449
451 450
452 451
453 452
454 453
455 454
456 455
457 456
458 457
459 458
460 459
461 460
462 461
463 462
464 463
465 464
466 465
467 466
468 467
469 468
470 469
471 470
472 471
473 472
474 473
475 474
476 475
477 476
478 477
479 478
480 479
481 480
482 481
483 482
484 483
485 484
486 485
487 486
488 487
489 488
490 489
491 490
492 491
493 492
494 493
495 494
496 495
497 496
498 497
499 498
500 499
501 500
502 501
503 502
504 503
505 504
506 505
507 506
508 507
509 508
510 509
511 510
512 511
513 512
514 513
515 514
516 515
517 516
518 517
519 518
520 519
521 520
522 521
523 522
524 523
525 524
526 525
527 526
528 527
529 528
530 529
531 530
532 531
533 532
534 533
535 534
536 535
537 536
538 537
539 538
540 539
541 540
542 541
543 542
544 543
545 544
546 545
547 546
548 547
549 548
550 549
551 550
552 551
553 552
554 553
555 554
556 555
557 556
558 557
559 558
560 559
561 560
562 561
563 562
564 563
565 564
566 565
567 566
568 567
569 568
570 569
571 570
572 571
573 572
574 573
575 574
576 575
577 576
578 577
579 578
580 579
581 580
582 581
583 582
584 583
585 584
586 585
587 586
588 587
589 588
590 589
591 590
592 591
593 592
594 593
595 594
596 595
597 596
598 597
599 598
600 599
601 600
602 601
603 602
604 603
605 604
606 605
607 606
608 607
609 608
610 609
611 610
612 611
613 612
614 613
615 614
616 615
617 616
618 617
619 618
620 619
621 620
622 621
623 622
624 623
625 624
626 625
627 626
628 627
629 628
630 629
631 630
632 631
633 632
634 633
635 634
636 635
637 636
638 637
639 638
640 639
641 640
642 641
643 642
644 643
645 644
646 645
647 646
648 647
649 648
650 649
651 650
652 651
653 652
654 653
655 654
656 655
657 656
658 657
659 658
660 659
661 660
662 661
663 662
664 663
665 664
666 665
667 666
668 667
669 668
670 669
671 670
672 671
673 672
674 673
675 674
676 675
677 676
678 677
679 678
680 679
681 680
682 681
683 682
684 683
685 684
686 685
687 686
688 687
689 688
690 689
691 690
692 691
693 692
694 693
695 694
696 695
697 696
698 697
699 698
700 699
701 700
702 701
703 702
704 703
705 704
706 705
707 706
708 707
709 708
710 709
711 710
712 711
713 712
714 713
715 714
716 715
717 716
718 717
719 718
720 719
721 720
722 721
723 722
724 723
725 724
726 725
727 726
728 727
729 728
730 729
731 730
732 731
733 732
734 733
735 734
736 735
737 736
738 737
739 738
740 739
741 740
742 741
743 742
744 743
745 744
746 745
747 746
748 747
749 748
750 749
751 750
752 751
753 752
754 753
755 754
756 755
757 756
758 757
759 758
760 759
761 760
762 761
763 762
764 763
765 764
766 765
767 766
768 767
769 768
770 769
771 770
772 771
773 772
774 773
775 774
776 775
777 776
778 777
779 778
780 779
781 780
782 781
783 782
784 783
785 784
786 785
787 786
788 787
789 788
790 789
791 790
792 791
793 792
794 793
795 794
796 795
797 796
798 797
799 798
800 799
801 800
802 801
803 802
804 803
805 804
806 805
807 806
808 807
809 808
810 809
811 810
812 811
813 812
814 813
815 814
816 815
817 816
818 817
819 818
820 819
821 820
822 821
823 822
824 823
825 824
826 825
827 826
828 827
829 828
830 829
831 830
832 831
833 832
834 833
835 834
836 835
837 836
838 837
839 838
840 839
841 840
842 841
843 842
844 843
845 844
846 845
847 846
848 847
849 848
850 849
851 850
852 851
853 852
854 853
855 854
856 855
857 856
858 857
859 858
860 859
861 860
862 861
863 862
864 863
865 864
866 865
867 866
868 867
869 868
870 869
871 870
872 871
873 872
874 873
875 874
876 875
877 876
878 877
879 878
880 879
881 880
882 881
883 882
884 883
885 884
886 885
887 886
888 887
889 888
890 889
891 890
892 891
893 892
894 893
895 894
896 895
897 896
898 897
899 898
900 899
901 900
902 901
903 902
904 903
905 904
906 905
907 906
908 907
909 908
910 909
911 910
912 911
913 912
914 913
915 914
916 915
917 916
918 917
919 918
920 919
921 920
922 921
923 922
924 923
925 924
926 925
927 926
928 927
929 928
930 929
931 930
932 931
933 932
934 933
935 934
936 935
937 936
938 937
939 938
940 939
941 940
942 941
943 942
944 943
945 944
946 945
947 946
948 947
949 948
950 949
951 950
952 951
953 952
954 953
955 954
956 955
957 956
958 957
959 958
960 959
961 960
962 961
963 962
964 963
965 964
966 965
967 966
968 967
969 968
970 969
971 970
972 971
973 972
974 973
975 974
976 975
977 976
978 977
979 978
980 979
981 980
982 981
983 982
984 983
985 984
986 985
987 986
988 987
989 988
990 989
991 990
992 991
993 992
994 993
995 994
996 995
997 996
998 997
999 998
1000 999
1001 1000
1002 1001
1003 1002
1004 1003
1005 1004
1006 1005
1007 1006
1008 1007
1009 1008
1010 1009
1011 1010
1012 1011
1013 1012
1014 1013
1015 1014
1016 1015
1017 1016
1018 1017
1019 1018
1020 1019
1021 1020
1022 1021
1023 1022
1024 1023
1025 1024
1026 1025
1027 1026
1028 1027
1029 1028
1030 1029
1031 1030
1032 1031
1033 1032
1034 1033
1035 1034
1036 1035
1037 1036
1038 1037
1039 1038
1040 1039
1041 1040
1042 1041
1043 1042
1044 1043
1045 1044
1046 1045
1047 1046
1048 1047
1049 1048
1050 1049
1051 1050
1052 1051
1053 1052
1054 1053
1055 1054
1056 1055
1057 1056
1058 1057
1059 1058
1060 1059
1061 1060
1062 1061
1063 1062
1064 1063
1065 1064
1066 1065
1067 1066
1068 1067
1069 1068
1070 1069
1071 1070
1072 1071
1073 1072
1074 1073
1075 1074
1076 1075
1077 1076
1078 1077
1079 1078
1080 1079
1081 1080
1082 1081
1083 1082
1084 1083
1085 1084
1086 1085
1087 1086
1088 1087
1089 1088
1090 1089
1091 1090
1092 1091
1093 1092
1094 1093
1095 1094
1096 1095
1097 1096
1098 1097
1099 1098
1100 1099
1101 1100
1102 1101
1103 1102
1104 1103
1105 1104
1106 1105
1107 1106
1108 1107
1109 1108
1110 1109
1111 1110
1112 1111
1113 1112
1114 1113
1115 1114
1116 1115
1117 1116
1118 1117
1119 1118
1120 1119
1121 1120
1122 1121
1123 1122
1124 1123
1125 1124
1126 1125
1127 1126
1128 1127
1129 1128
1130 1129
1131 1130
1132 1131
1133 1132
1134 1133
1135 1134
1136 1135
1137 1136
1138 1137
1139 1138
1140 1139
1141 1140
1142 1141
1143 1142
1144 1143
1145 1144
1146 1145
1147 1146
1148 1147
1149 1148
1150 1149
1151 1150
1152 1151
1153 1152
1154 1153
1155 1154
1156 1155
1157 1156
1158 1157
1159 1158
1160 1159
1161 1160
1162 1161
1163 1162
1164 1163
1165 1164
1166 1165
1167 1166
1168 1167
1169 1168
1170 1169
1171 1170
1172 1171
1173 1172
1174 1173
1175 1174
1176 1175
1177 1176
1178 1177
1179 1178
1180 1179
1181 1180
1182 1181
1183 1182
1184 1183
1185 1184
1186 1185
1187 1186
1188 1187
1189 1188
1190 1189
1191 1190
1192 1191
1193 1192
1194 1193
1195 1194
1196 1195
1197 1196
1198 1197
1199 1198
1200 1199
1201 1200
1202 1201
1203 1202
1204 1203
1205 1204
1206 1205
1207 1206
1208 1207
1209 1208
1210 1209
1211 1210
1212 1211
1213 1212
1214 1213
1215 1214
1216 1215
1217 1216
1218 1217
1219 1218
1220 1219
1221 1220
1222 1221
1223 1222
1224 1223
1225 1224
1226 1225
1227 1226
1228 1227
1229 1228
1230 1229
1231 1230
1232 1231
1233 1232
1234 1233
1235 1234
1236 1235
1237 1236
1238 1237
1239 1238
1240 1239
1241 1240
1242 1241
1243 1242
1244 1243
1245 1244
1246 1245
1247 1246
1248 1247
1249 1248
1250 1249
1251 1250
1252 1251
1253 1252
1254 1253
1255 1254
1256 1255
1257 1256
1258 1257
1259 1258
1260 1259
1261 1260
1262 1261
1263 1262
1264 1263
1265 1264
1266 1265
1267 1266
1268 1267
1269 1268
1270 1269
1271 1270
1272 1271
1273 1272
1274 1273
1275 1274
1276 1275
1277 1276
1278 1277
1279 1278
1280 1279
1281 1280
1282 1281
1283 1282
1284 1283
1285 1284
1286 1285
1287 1286
1288 1287
1289 1288
1290 1289
1291 1290
1292 1291
1293 1292
1294 1293
1295 1294
1296 1295
1297 1296
1298 1297
1299 1298
1300 1299
1301 1300
1302 1301
1303 1302
1304 1303
1305 1304
1306 1305
1307 1306
1308 1307
1309 1308
1310 1309
1311 1310
1312 1311
1313 1312
1314 1313
1315 1314
1316 1315
1317 1316
1318 1317
1319 1318
1320 1319
1321 1320
1322 1321
1323 1322
1324 1323
1325 1324
1326 1325
1327 1326
1328 1327
1329 1328
1330 1329
1331 1330
1332 1331
1333 1332
1334 1333
1335 1334
1336 1335
1337 1336
1338 1337
1339 1338
1340 1339
1341 1340
1342 1341
1343 1342
1344 1343
1345 1344
1346 1345
1347 1346
1348 1347
1349 1348
1350 1349
1351 1350
1352 1351
1353 1352
1354 1353
1355 1354
1356 1355
1357 1356
1358 1357
1359 1358
1360 1359
1361 1360
1362 1361
1363 1362
1364 1363
1365 1364
1366 1365
1367 1366
1368 1367
1369 1368
1370 1369
1371 1370
1372 1371
1373 1372
1374 1373
1375 1374
1376 1375
1377 1376
1378 1377
1379 1378
1380 1379
1381 1380
1382 1381
1383 1382
1384 1383
1385 1384
1386 1385
1387 1386
1388 1387
1389 1388
1390 1389
1391 1390
1392 1391
1393 1392
1394 1393
1395 1394
1396 1395
1397 1396
1398 1397
1399 1398
1400 1399
1401 1400
1402 1401
1403 1402
1404 1403
1405 1404
1406 1405
1407 1406
1408 1407
1409 1408
1410 1409
1411 1410
1412 1411
1413 1412
1414 1413
1415 1414
1416 1415
1417 1416
1418 1417
1419 1418
1420 1419
1421 1420
1422 1421
1423 1422
1424 1423
1425 1424
1426 1425
1427 1426
1428 1427
1429 1428
1430 1429
1431 1430
1432 1431
1433 1432
1434 1433
1435 1434
1436 1435
1437 1436
1438 1437
1439 1438
1440 1439
1441 1440
1442 1441
1443 1442
1444 1443
1445 1444
1446 1445
1447 1446
1448 1447
1449 1448
1450 1449
1451 1450
1452 1451
1453 1452
1454 1453
1455 1454
1456 1455
1457 1456
1458 1457
1459 1458
1460 1459
1461 1460
1462 1461
1463 1462
1464 1463
1465 1464
1466 1465
1467 1466
1468 1467
1469 1468
1470 1469
1471 1470
1472 1471
1473 1472
1474 1473
1475 1474
1476 1475
1477 1476
1478 1477
1479 1478
1480 1479
1481 1480
1482 1481
1483 1482
1484 1483
1485 1484
1486 1485
1487 1486
1488 1487
1489 1488
1490 1489
1491 1490
1492 1491
1493 1492
1494 1493
1495 1494
1496 1495
1497 1496
1498 1497
1499 1498
1500 1499
1501 1500
1502 1501
1503 1502
1504 1503
1505 1504
1506 1505
1507 1506
1508 1507
1509 1508
1510 1509
1511 1510
1512 1511
1513 1512
1514 1513
1515 1514
1516 1515
1517 1516
1518 1517
1519 1518
1520 1519
1521 1520
1522 1521
1523 1522
1524 1523
1525 1524
1526 1525
1527 1526
1528 1527
1529 1528
1530 1529
1531 1530
1532 1531
1533 1532
1534 1533
1535 1534
1536 1535
1537 1536
1538 1537
1539 1538
1540 1539
1541 1540
1542 1541
1543 1542
1544 1543
1545 1544
1546 1545
1547 1546
1548 1547
1549 1548
1550 1549
1551 1550
1552 1551
1553 1552
1554 1553
1555 1554
1556 1555
1557 1556
1558 1557
1559 1558
1560 1559
1561 1560
1562 1561
1563 1562
1564 1563
1565 1564
1566 1565
1567 1566
1568 1567
1569 1568
1570 1569
1571 1570
1572 1571
1573 1572
1574 1573
1575 1574
1576 1575
1577 1576
1578 1577
1579 1578
1580 1579
1581 1580
1582 1581
1583 1582
1584 1583
1585 1584
1586 1585
1587 1586
1588 1587
1589 1588
1590 1589
1591 1590
1592 1591
1593 1592
1594 1593
1595 1594
1596 1595
1597 1596
1598 1597
1599 1598
1600 1599
1601 1600
1602 1601
1603 1602
1604 1603
1605 1604
1606 1605
1607 1606
1608 1607
1609 1608
1610 1609
1611 1610
1612 1611
1613 1612
1614 1613
1615 1614
1616 1615
1617 1616
1618 1617
1619 1618
1620 1619
1621 1620
1622 1621
1623 1622
1624 1623
1625 1624
1626 1625
1627 1626
1628 1627
1629 1628
1630 1629
1631 1630
1632 1631
1633 1632
1634 1633
1635 1634
1636 1635
1637 1636
1638 1637
1639 1638
1640 1639
1641 1640
1642 1641
1643 1642
1644 1643
1645 1644
1646 1645
1647 1646
1648 1647
1649 1648
1650 1649
1651 1650
1652 1651
1653 1652
1654 1653
1655 1654
1656 1655
1657 1656
1658 1657
1659 1658
1660 1659
1661 1660
1662 1661
1663 1662
1664 1663
1665 1664
1666 1665
1667 1666
1668 1667
1669 1668
1670 1669
1671 1670
1672 1671
1673 1672
1674 1673
1675 1674
1676 1675
1677 1676
1678 1677
1679 1678
1680 1679
1681 1680
1682 1681
1683 1682
1684 1683
1685 1684
1686 1685
1687 1686
1688 1687
1689 1688
1690 1689
1691 1690
1692 1691
1693 1692
1694 1693
1695 1694
1696 1695
1697 1696
1698 1697
1699 1698
1700 1699
1701 1700
1702 1701
1703 1702
1704 1703
1705 1704
1706 1705
1707 1706
1708 1707
1709 1708
1710 1709
1711 1710
1712 1711
1713 1712
1714 1713
1715 1714
1716 1715
1717 1716
1718 1717
1719 1718
1720 1719
1721 1720
1722 1721
1723 1722
1724 1723
1725 1724
1726 1725
1727 1726
1728 1727
1729 1728
1730 1729
1731 1730
1732 1731
1733 1732
1734 1733
1735 1734
1736 1735
1737 1736
1738 1737
1739 1738
1740 1739
1741 1740
1742 1741
1743 1742
1744 1743
1745 1744
1746 1745
1747 1746
1748 1747
1749 1748
1750 1749
1751 1750
1752 1751
1753 1752
1754 1753
1755 1754
1756 1755
1757 1756
1758 1757
1759 1758
1760 1759
1761 1760
1762 1761
1763 1762
1764 1763
1765 1764
1766 1765
1767 1766
1768 1767
1769 1768
1770 1769
1771 1770
1772 1771
1773 1772
1774 1773
1775 1774
1776 1775
1777 1776
1778 1777
1779 1778
1780 1779
1781 1780
1782 1781
1783 1782
1784 1783
1785 1784
1786 1785
1787 1786
1788 1787
1789 1788
1790 1789
1791 1790
1792 1791
1793 1792
1794 1793
1795 1794
1796 1795
1797 1796
1798 1797
1799 1798
1800 1799
1801 1800
1802 1801
1803 1802
1804 1803
1805 1804
1806 1805
1807 1806
1808 1807
1809 1808
1810 1809
1811 1810
1812 1811
1813 1812
1814 1813
1815 1814
1816 1815
1817 1816
1818 1817
1819 1818
1820 1819
1821 1820
1822 1821
1823 1822
1824 1823
1825 1824
1826 1825
1827 1826
1828 1827
1829 1828
1830 1829
1831 1830
1832 1831
1833 1832
1834 1833
1835 1834
1836 1835
1837 1836
1838 1837
1839 1838
1840 1839
1841 1840
1842 1841
1843 1842
1844 1843
1845 1844
1846 1845
1847 1846
1848 1847
1849 1848
1850 1849
1851 1850
1852 1851
1853 1852
1854 1853
1855 1854
1856 1855
1857 1856
1858 1857
1859 1858
1860 1859
1861 1860
1862 1861
1863 1862
1864 1863
1865 1864
1866 1865
1867 1866
1868 1867
1869 1868
1870 1869
1871 1870
1872 1871
1873 1872
1874 1873
1875 1874
1876 1875
1877 1876
1878 1877
1879 1878
1880 1879
1881 1880
1882 1881
1883 1882
1884 1883
1885 1884
1886 1885
1887 1886
1888 1887
1889 1888
1890 1889
1891 1890
1892 1891
1893 1892
1894 1893
1895 1894
1896 1895
1897 1896
1898 1897
1899 1898
1900 1899
1901 1900
1902 1901
1903 1902
1904 1903
1905 1904
1906 1905
1907 1906
1908 1907
1909 1908
1910 1909
1911 1910
1912 1911
1913 1912
1914 1913
1915 1914
1916 1915
1917 1916
1918 1917
1919 1918
1920 1919
1921 1920
1922 1921
1923 1922
1924 1923
1925 1924
1926 1925
1927 1926
1928 1927
1929 1928
1930 1929
1931 1930
1932 1931
1933 1932
1934 1933
1935 1934
1936 1935
1937 1936
1938 1937
1939 1938
1940 1939
1941 1940
1942 1941
1943 1942
1944 1943
1945 1944
1946 1945
1947 1946
1948 1947
1949 1948
1950 1949
1951 1950
1952 1951
1953 1952
1954 1953
1955 1954
1956 1955
1957 1956
1958 1957
1959 1958
1960 1959
1961 1960
1962 1961
1963 1962
1964 1963
1965 1964
1966 1965
1967 1966
1968 1967
1969 1968
1970 1969
1971 1970
1972 1971
1973 1972
1974 1973
1975 1974
1976 1975
1977 1976
1978 1977
1979 1978
1980 1979
1981 1980
1982 1981
1983 1982
1984 1983
1985 1984
1986 1985
1987 1986
1988 1987
1989 1988
1990 1989
1991 1990
1992 1991
1993 1992
1994 1993
1995 1994
1996 1995
1997 1996
1998 1997
1999 1998
2000 1999
2001 2000
2002 2001
2003 2002
2004 2003
2005 2004
2006 2005
2007 2006
2008 2007
2009 2008
2010 2009
2011 2010
2012 2011
2013 2012
2014 2013
2015 2014
2016 2015
2017 2016
2018 2017
2019 2018
2020 2019
2021 2020
2022 2021
2023 2022
2024 2023
2025 2024
2026 2025
2027 2026
2028 2027
2029 2028
2030 2029
2031 2030
2032 2031
2033 2032
2034 2033
2035 2034
2036 2035
2037 2036
2038 2037
2039 2038
2040 2039
2041 2040
2042 2041
2043 2042
2044 2043
2045 2044
2046 2045
2047 2046
2048 2047
2049 2048
2050 2049
2051 2050
2052 2051
2053 2052
2054 2053
2055 2054
2056 2055
2057 2056
2058 2057
2059 2058
2060 2059
2061 2060
2062 2061
2063 2062
2064 2063
2065 2064
2066 2065
2067 2066
2068 2067
2069 2068
2070 2069
2071 2070
2072 2071
2073 2072
2074 2073
2075 2074
2076 2075
2077 2076
2078 2077
2079 2078
2080 2079
2081 2080
2082 2081
2083 2082
2084 2083
2085 2084
2086 2085
2087 2086
2088 2087
2089 2088
2090 2089
2091 2090
2092 2091
2093 2092
2094 2093
2095 2094
2096 2095
2097 2096
2098 2097
2099 2098
2100 2099
2101 2100
2102 2101
2103 2102
2104 2103
2105 2104
2106 2105
2107 2106
2108 2107
2109 2108
2110 2109
2111 2110
2112 2111
2113 2112
2114 2113
2115 2114
2116 2115
2117 2116
2118 2117
2119 2118
2120 2119
2121 2120
2122 2121
2123 2122
2124 2123
2125 2124
2126 2125
2127 2126
2128 2127
2129 2128
2130 2129
2131 2130
2132 2131
2133 2132
2134 2133
2135 2134
2136 2135
2137 2136
2138 2137
2139 2138
2140 2139
2141 2140
2142 2141
2143 2142
2144 2143
2145 2144
2146 2145
2147 2146
2148 2147
2149 2148
2150 2149
2151 2150
2152 2151
2153 2152
2154 2153
2155 2154
2156 2155
2157 2156
2158 2157
2159 2158
2160 2159
2161 2160
2162 2161
2163 2162
2164 2163
2165 2164
2166 2165
2167 2166
2168 2167
2169 2168
2170 2169
2171 2170
2172 2171
2173 2172
2174 2173
2175 2174
2176 2175
2177 2176
2178 2177
2179 2178
2180 2179
2181 2180
2182 2181
2183 2182
2184 2183
2185 2184
2186 2185
2187 2186
2188 2187
2189 2188
2190 2189
2191 2190
2192 2191
2193 2192
2194 2193
2195 2194
2196 2195
2197 2196
2198 2197
2199 2198
2200 2199
2201 2200
2202 2201
2203 2202
2204 2203
2205 2204
2206 2205
2207 2206
2208 2207
2209 2208
2210 2209
2211 2210
2212 2211
2213 2212
2214 2213
2215 2214
2216 2215
2217 2216
2218 2217
2219 2218
2220 2219
2221 2220
2222 2221
2223 2222
2224 2223
2225 2224
2226 2225
2227 2226
2228 2227
2229 2228
2230 2229
2231 2230
2232 2231
2233 2232
2234 2233
2235 2234
2236 2235
2237 2236
2238 2237
2239 2238
2240 2239
2241 2240
2242 2241
2243 2242
2244 2243
2245 2244
2246 2245
2247 2246
2248 2247
2249 2248
2250 2249
2251 2250
2252 2251
2253 2252
2254 2253
2255 2254
2256 2255
2257 2256
2258 2257
2259 2258
2260 2259
2261 2260
2262 2261
2263 2262
2264 2263
2265 2264
2266 2265
2267 2266
2268 2267
2269 2268
2270 2269
2271 2270
2272 2271
2273 2272
2274 2273
2275 2274
2276 2275
2277 2276
2278 2277
2279 2278
2280 2279
2281 2280
2282 2281
2283 2282
2284 2283
2285 2284
2286 2285
2287 2286
2288 2287
2289 2288
2290 2289
2291 2290
2292 2291
2293 2292
2294 2293
2295 2294
2296 2295
2297 2296
2298 2297
2299 2298
2300 2299
2301 2300
2301 1
2302 327
2303 327
2304 2302
2305 2304
2306 327
2307 2303
2308 2302
2309 2307
2310 2307
2311 2310
2312 2308
2313 2303
2314 2305
2315 2306
2316 2306
2317 2306
2318 2308
2319 2314
2320 2315
2321 2308
2322 2306
2323 2304
2324 2314
2325 2313
2326 2323
2327 2313
2328 2326
2329 2317
2330 2326
2331 2302
2332 2322
2333 2305
2334 2304
2335 2330
2336 2332
2337 2323
2338 2325
2339 2325
2340 2327
2341 2305
2342 2341
2343 2307
2344 327
2345 2334
2346 2317
2347 2326
2348 2314
2349 2307
2350 2304
2351 2316
2352 2342
2353 2344
2354 2321
2355 2348
2356 2304
2357 2313
2358 2347
2359 2356
2360 2333
2361 2338
2362 2357
2363 2319
2364 2323
2365 2322
2366 2365
2367 2305
2368 2317
2369 2360
2370 2315
2371 2354
2372 2348
2373 2305
2374 2362
2375 2312
2376 2372
2377 2339
2378 2339
2379 2310
2380 2333
2381 2326
2382 2341
2383 2328
2384 2341
2385 2346
2386 2335
2387 2357
2388 2302
2389 2314
2390 2322
2391 2302
2392 2309
2393 2392
2394 2334
2395 2338
2396 2348
2397 2391
2398 2379
2399 2311
2400 2371
2401 2343
2402 2356
2403 2382
2404 2389
2405 2356
2406 2326
2407 2401
2408 2324
2409 2395
2410 2335
2411 2334
2412 2371
2413 2364
2414 2367
2415 2303
2416 2322
2417 2326
2418 327
2419 2335
2420 2317
2421 2318
2422 2368
2423 2329
2424 2373
2425 2361
2426 2356
2427 2312
2428 2388
2429 2413
2430 2365
2431 2361
2432 2355
2433 2364
2434 2427
2435 2375
2436 2401
2437 2401
2438 2378
2439 2346
2440 2360
2441 2377
2442 2407
2443 2397
2444 2310
2445 2339
2446 2309
2447 2366
2448 2336
2449 2412
2450 2427
2451 2429
2452 2377
2453 2333
2454 2415
2455 2405
2456 2342
2457 2412
2458 2438
2459 2373
2460 2305
2461 2454
2462 2384
2463 2313
2464 2318
2465 2435
2466 2359
2467 2317
2468 2428
2469 2352
2470 2369
2471 2420
2472 2391
2473 2445
2474 2435
2475 2394
2476 2403
2477 2397
2478 2417
2479 2331
2480 2335
2481 2441
2482 2398
2483 2316
2484 2481
2485 2461
2486 2457
2487 2314
2488 2353
2489 2485
2490 2331
2491 2345
2492 2375
2493 2385
2494 2384
2495 2437
2496 2448
2497 2445
2498 2405
2499 2446
2500 2389
2501 2450
2502 2374
2503 2479
2504 2419
2505 2331
2506 2455
2507 2325
2508 2456
2509 2441
2510 2367
2511 2502
2512 2432
2513 2488
2514 2420
2515 2448
2516 2510
2517 2328
2518 2497
2519 2479
2520 2428
2521 2356
2522 2408
2523 2338
2524 2342
2525 2398
2526 2498
2527 2373
2528 2315
2529 2517
2530 2308
2531 2350
2532 2439
2533 2326
2534 2429
2535 2437
2536 2322
2537 2352
2538 2495
2539 2380
2540 2514
2541 2472
2542 2397
2543 2508
2544 2330
2545 2521
2546 2426
2547 2485
2548 2312
2549 2364
2550 2348
2551 2334
2552 2527
2553 2522
2554 2308
2555 2390
2556 2541
2557 2430
2558 2519
2559 2316
2560 2534
2561 2459
2562 2410
2563 2380
2564 2318
2565 2340
2566 2327
2567 2528
2568 2481
2569 2411
2570 2312
2571 2390
2572 2350
2573 2568
2574 2347
2575 2324
2576 2545
2577 2324
2578 2499
2579 2464
2580 2506
2581 2524
2582 2530
2583 2405
2584 2538
2585 2466
2586 2479
2587 2581
2588 2537
2589 2479
2590 2455
2591 2439
2592 2398
2593 2400
2594 2504
2595 2488
2596 2585
2597 2348
2598 2467
2599 2522
2600 2596
2601 2568
2602 2587
2603 2373
2604 2478
2605 2411
2606 2380
2607 2550
2608 2307
2609 2422
2610 2518
2611 2598
2612 2395
2613 2341
2614 2330
2615 2481
2616 2608
2617 2616
2618 2372
2619 2528
2620 2426
2621 2355
2622 2616
2623 2410
2624 2533
2625 2435
2626 2413
2627 2501
2628 2429
2629 2455
2630 2439
2631 2563
2632 2326
2633 2467
2634 2371
2635 2352
2636 2614
2637 2336
2638 2569
2639 2404
2640 2475
2641 2522
2642 2607
2643 2593
2644 2323
2645 2425
2646 2487
2647 2387
2648 2306
2649 2584
2650 2616
2651 2327
2652 2649
2653 2313
2654 2349
2655 2590
2656 2448
2657 2492
2658 2561
2659 2399
2660 2327
2661 2435
2662 2408
2663 2436
2664 2441
2665 2585
2666 2522
2667 2520
2668 2600
2669 2615
2670 2412
2671 2669
2672 2410
2673 2536
2674 2543
2675 2673
2676 2376
2677 2639
2678 2426
2679 2457
2680 2667
2681 2327
2682 2661
2683 2468
2684 2416
2685 2482
2686 2527
2687 2451
2688 2462
2689 2619
2690 2520
2691 2526
2692 2537
2693 2522
2694 2563
2695 2527
2696 2446
2697 2568
2698 2548
2699 2364
2700 2553
2701 2673
2702 2520
2703 2616
2704 2626
2705 2540
2706 2632
2707 2443
2708 2383
2709 2567
2710 2400
2711 2371
2712 2502
2713 2704
2714 2571
2715 2494
2716 2383
2717 2541
2718 2570
2719 2485
2720 2453
2721 2476
2722 2550
2723 2708
2724 2358
2725 2628
2726 2594
2727 2411
2728 2678
2729 2494
2730 2425
2731 2559
2732 2612
2733 2653
2734 2668
2735 2707
2736 2672
2737 2707
2738 2350
2739 2380
2740 327
2741 2313
2742 2349
2743 2612
2744 2430
2745 2511
2746 2719
2747 2730
2748 2602
2749 2362
2750 2497
2751 2698
2752 2446
2753 2708
2754 2531
2755 2671
2756 2456
2757 2679
2758 2685
2759 2587
2760 2546
2761 2551
2762 2702
2763 2612
2764 2752
2765 2507
2766 2376
2767 2578
2768 2498
2769 2476
2770 2427
2771 2320
2772 2414
2773 2446
2774 2618
2775 2419
2776 2630
2777 2449
2778 2331
2779 2668
2780 2625
2781 2777
2782 2687
2783 2666
2784 2415
2785 2382
2786 2623
2787 2707
2788 2688
2789 2461
2790 2453
2791 2331
2792 2786
2793 2565
2794 2356
2795 2506
2796 2564
2797 2619
2798 2390
2799 2384
2800 2674
2801 2627
2802 2354
2803 2457
2804 2488
2805 327
2806 2407
2807 2656
2808 2657
2809 2620
2810 2629
2811 2371
2812 2430
2813 2570
2814 2369
2815 2791
2816 2484
2817 2610
2818 2722
2819 2307
2820 2739
2821 2429
2822 2613
2823 2761
2824 2659
2825 2366
2826 2630
2827 2479
2828 2380
2829 2526
2830 2658
2831 2430
2832 2675
2833 2356
2834 2728
2835 2612
2836 2420
2837 2630
2838 2423
2839 2610
2840 2545
2841 2342
2842 2825
2843 2387
2844 2382
2845 2510
2846 2819
2847 2564
2848 2677
2849 2337
2850 2497
2851 2517
2852 2740
2853 2327
2854 2469
2855 2760
2856 2365
2857 2333
2858 2554
2859 2685
2860 2392
2861 2643
2862 2605
2863 2496
2864 2724
2865 2640
2866 2452
2867 2752
2868 2852
2869 2497
2870 2459
2871 2363
2872 2562
2873 2375
2874 2748
2875 2772
2876 2411
2877 2788
2878 2334
2879 2305
2880 2790
2881 2446
2882 2494
2883 2800
2884 2842
2885 2676
2886 2358
2887 2304
2888 2480
2889 2463
2890 2615
2891 2719
2892 2320
2893 2762
2894 2751
2895 2304
2896 2618
2897 2646
2898 2715
2899 2651
2900 2424
2901 2887
2902 2567
2903 2863
2904 2437
2905 2501
2906 2581
2907 2652
2908 2453
2909 2444
2910 2711
2911 2651
2912 2437
2913 2761
2914 2353
2915 2879
2916 2384
2917 2547
2918 2598
2919 2419
2920 2375
2921 2346
2922 2745
2923 2885
2924 2453
2925 2803
2926 2704
2927 2411
2928 2478
2929 2842
2930 2542
2931 2799
2932 2424
2933 2871
2934 2514
2935 2693
2936 2667
2937 2666
2938 2307
2939 2421
2940 2364
2941 2823
2942 2655
2943 2458
2944 2923
2945 2762
2946 2431
2947 2470
2948 2665
2949 2380
2950 2367
2951 2351
2952 2431
2953 2712
2954 2805
2955 2488
2956 2323
2957 2415
2958 2861
2959 2816
2960 2566
2961 2800
2962 2368
2963 2699
2964 2379
2965 2841
2966 2555
2967 2912
2968 2769
2969 2709
2970 2418
2971 2659
2972 2341
2973 2515
2974 2899
2975 2952
2976 2479
2977 2313
2978 2379
2979 2351
2980 2846
2981 2967
2982 2408
2983 2854
2984 2397
2985 2672
2986 2934
2987 2829
2988 2642
2989 2573
2990 2739
2991 2731
2992 2977
2993 2857
2994 2410
2995 2416
2996 2602
2997 2781
2998 2560
2999 2624
3000 2636
3001 2958
3002 2494
3003 2907
3004 2384
3005 2802
3006 2557
3007 2373
3008 2456
3009 2715
3010 2648
3011 2438
3012 2521
3013 2732
3014 327
3015 2520
3016 2503
3017 2406
3018 2798
3019 2480
3020 2430
3021 2525
3022 2728
3023 2856
3024 2741
3025 2428
3026 3025
3027 2938
3028 2810
3029 2308
3030 2926
3031 2989
3032 2305
3033 2821
3034 2531
3035 2751
3036 2309
3037 2788
3038 2441
3039 2835
3040 2552
3041 2927
3042 2846
3043 2362
3044 2499
3045 2452
3046 2495
3047 2906
3048 2642
3049 2607
3050 2716
3051 2549
3052 2845
3053 2735
3054 2656
3055 2558
3056 2676
3057 2877
3058 2784
3059 2361
3060 2405
3061 2645
3062 2346
3063 2459
3064 2923
3065 2503
3066 2723
3067 2591
3068 2741
3069 2599
3070 3047
3071 2626
3072 2743
3073 2341
3074 2542
3075 2508
3076 2960
3077 2894
3078 2773
3079 2760
3080 2302
3081 2698
3082 2444
3083 2781
3084 2811
3085 2500
3086 3015
3087 2574
3088 2976
3089 2784
3090 2338
3091 2583
3092 2567
3093 2408
3094 2716
3095 2974
3096 2676
3097 2867
3098 2414
3099 3008
3100 2324
3101 2365
3102 2700
3103 2653
3104 2843
3105 2394
3106 2987
3107 2738
3108 2487
3109 2411
3110 2526
3111 2429
3112 2658
3113 2559
3114 2399
3115 2855
3116 2790
3117 2586
3118 2905
3119 2710
3120 2650
3121 2662
3122 2884
3123 2350
3124 2415
3125 2582
3126 2526
3127 2410
3128 3044
3129 2313
3130 2528
3131 2871
3132 2714
3133 2789
3134 2471
3135 2660
3136 2456
3137 2785
3138 2723
3139 2805
3140 2699
3141 2433
3142 3115
3143 2982
3144 2302
3145 2978
3146 2958
3147 2477
3148 2912
3149 2340
3150 2881
3151 2746
3152 2656
3153 3114
3154 2428
3155 3032
3156 2485
3157 2997
3158 2984
3159 3004
3160 2833
3161 3062
3162 2361
3163 2688
3164 2302
3165 2719
3166 2537
3167 3112
3168 3058
3169 2662
3170 2686
3171 2858
3172 2529
3173 2402
3174 2789
3175 2381
3176 2466
3177 2748
3178 3012
3179 2915
3180 3087
3181 2607
3182 2697
3183 2997
3184 2365
3185 2896
3186 3149
3187 3181
3188 2849
3189 2839
3190 2515
3191 2992
3192 2894
3193 3028
3194 2864
3195 2604
3196 2548
3197 2795
3198 2585
3199 2545
3200 2617
3201 3165
3202 2366
3203 2401
3204 2500
3205 2405
3206 3199
3207 2692
3208 2843
3209 2899
3210 2742
3211 3036
3212 2503
3213 3037
3214 2987
3215 2515
3216 2389
3217 2464
3218 2458
3219 2846
3220 2963
3221 2547
3222 2586
3223 3094
3224 2748
3225 3065
3226 2474
3227 2567
3228 2832
3229 2602
3230 2848
3231 2315
3232 3145
3233 2770
3234 2826
3235 2632
3236 3067
3237 2810
3238 2797
3239 2846
3240 2756
3241 3065
3242 2793
3243 2303
3244 2960
3245 2428
3246 3123
3247 3213
3248 2659
3249 2707
3250 2337
3251 3032
3252 2363
3253 2346
3254 2411
3255 2595
3256 2416
3257 2800
3258 3199
3259 2791
3260 2970
3261 3003
3262 2588
3263 2649
3264 2976
3265 2394
3266 3182
3267 2506
3268 2388
3269 2882
3270 3011
3271 2344
3272 2611
3273 2406
3274 2847
3275 3098
3276 2605
3277 3102
3278 2961
3279 2458
3280 3257
3281 2488
3282 2787
3283 2343
3284 2872
3285 3050
3286 2341
3287 2806
3288 2628
3289 2886
3290 3265
3291 3220
3292 2834
3293 2622
3294 3269
3295 2830
3296 3077
3297 3128
3298 2979
3299 2439
3300 3056
3301 2740
3302 2414
3303 2674
3304 2471
3305 3196
3306 2910
3307 2335
3308 2996
3309 2787
3310 3137
3311 2822
3312 2503
3313 3227
3314 2865
3315 3134
3316 2742
3317 2373
3318 3228
3319 2767
3320 2855
3321 3137
3322 3057
3323 2520
3324 2782
3325 3284
3326 2565
3327 3059
3328 2670
3329 2900
3330 3170
3331 3195
3332 2977
3333 2872
3334 2387
3335 2952
3336 2632
3337 2337
3338 3195
3339 3237
3340 2442
3341 2921
3342 2795
3343 2921
3344 2967
3345 2916
3346 3308
3347 2597
3348 3098
3349 2354
3350 2884
3351 2586
3352 2612
3353 2575
3354 2747
3355 3139
3356 3144
3357 2524
3358 2386
3359 3064
3360 2635
3361 2923
3362 2341
3363 3022
3364 2700
3365 2606
3366 2674
3367 3030
3368 2809
3369 2528
3370 2304
3371 2582
3372 2738
3373 2690
3374 3190
3375 2424
3376 3320
3377 2420
3378 2803
3379 2580
3380 3027
3381 2818
3382 2304
3383 3294
3384 3119
3385 3224
3386 3240
3387 2756
3388 3093
3389 2422
3390 3271
3391 2719
3392 2558
3393 3392
3394 2778
3395 3092
3396 2378
3397 2822
3398 2433
3399 3249
3400 2349
3401 3314
3402 2356
3403 2750
3404 3209
3405 2397
3406 2386
3407 3042
3408 3228
3409 2730
3410 2808
3411 3026
3412 2885
3413 2635
3414 2702
3415 2644
3416 2450
3417 3406
3418 2980
3419 2549
3420 3059
3421 3298
3422 2597
3423 3228
3424 3404
3425 3359
3426 3039
3427 2635
3428 2793
3429 3025
3430 3168
3431 3052
3432 2987
3433 2581
3434 2375
3435 2563
3436 2570
3437 2619
3438 3434
3439 2500
3440 3018
3441 2482
3442 2803
3443 2730
3444 3326
3445 3271
3446 2961
3447 3032
3448 3372
3449 2311
3450 3342
3451 3056
3452 2349
3453 3424
3454 3224
3455 2444
3456 3278
3457 2656
3458 3055
3459 3066
3460 2911
3461 2550
3462 3101
3463 3130
3464 2640
3465 2367
3466 3438
3467 2363
3468 3364
3469 3194
3470 2302
3471 2721
3472 3229
3473 3260
3474 3087
3475 2552
3476 2928
3477 2910
3478 2411
3479 2479
3480 3374
3481 2966
3482 2965
3483 2940
3484 3182
3485 2769
3486 2367
3487 3070
3488 2648
3489 3003
3490 3290
3491 3067
3492 2921
3493 3021
3494 2592
3495 2879
3496 3041
3497 2791
3498 3385
3499 3420
3500 2351
3501 2684
3502 3215
3503 2496
3504 3065
3505 2333
3506 3480
3507 2584
3508 3281
3509 3302
3510 2971
3511 2747
3512 3334
3513 3503
3514 2671
3515 2874
3516 2783
3517 2388
3518 3405
3519 2456
3520 2434
3521 2449
3522 3260
3523 2311
3524 3179
3525 2711
3526 2510
3527 2677
3528 2494
3529 3225
3530 3409
3531 2591
3532 2388
3533 2640
3534 3021
3535 2476
3536 3327
3537 3116
3538 2796
3539 2583
3540 2940
3541 3193
3542 2818
3543 2400
3544 2742
3545 2322
3546 3091
3547 2918
3548 3417
3549 3145
3550 2816
3551 2813
3552 2559
3553 3525
3554 3532
3555 2780
3556 3292
3557 3171
3558 2949
3559 2749
3560 2872
3561 2534
3562 2875
3563 2345
3564 2424
3565 2567
3566 2888
3567 2355
3568 3287
3569 3465
3570 2380
3571 2480
3572 2838
3573 3542
3574 3505
3575 3403
3576 2357
3577 2636
3578 2512
3579 3527
3580 2640
3581 3089
3582 3087
3583 3322
3584 2929
3585 3355
3586 3073
3587 3110
3588 3573
3589 2449
3590 2861
3591 2493
3592 2894
3593 2865
3594 3168
3595 2560
3596 3299
3597 2447
3598 3549
3599 2471
3600 3586
3601 2576
3602 3536
3603 2333
3604 2991
3605 2485
3606 2616
3607 3087
3608 2977
3609 3172
3610 2820
3611 3189
3612 3573
3613 3242
3614 2421
3615 3211
3616 2639
3617 3148
3618 2514
3619 3071
3620 2932
3621 2913
3622 3379
3623 3118
3624 2355
3625 2610
3626 2541
3627 2692
3628 3588
3629 2858
3630 2677
3631 3311
3632 2557
3633 3554
3634 2841
3635 3508
3636 2303
3637 2630
3638 2867
3639 3612
3640 3139
3641 3450
3642 2674
3643 3186
3644 2374
3645 2646
3646 3601
3647 2870
3648 3229
3649 2647
3650 3283
3651 2489
3652 2718
3653 2900
3654 3216
3655 2655
3656 2314
3657 3557
3658 3141
3659 2350
3660 2680
3661 3479
3662 3530
3663 3554
3664 3491
3665 3030
3666 3432
3667 2692
3668 3120
3669 2802
3670 2502
3671 3062
3672 2762
3673 2903
3674 3603
3675 2669
3676 3280
3677 2516
3678 3630
3679 3581
3680 3078
3681 2384
3682 3017
3683 2552
3684 2311
3685 2616
3686 2681
3687 2308
3688 3438
3689 2591
3690 3494
3691 2876
3692 2826
3693 2870
3694 2390
3695 3260
3696 3186
3697 2840
3698 2624
3699 3416
3700 2583
3701 2552
3702 3680
3703 3491
3704 3249
3705 3273
3706 2732
3707 2833
3708 2541
3709 3045
3710 3639
3711 3475
3712 2682
3713 3291
3714 3615
3715 2873
3716 2975
3717 3119
3718 327
3719 3463
3720 2814
3721 2686
3722 2916
3723 3687
3724 2486
3725 3240
3726 2798
3727 3213
3728 3337
3729 3052
3730 3001
3731 3644
3732 2335
3733 2480
3734 2868
3735 2865
3736 3081
3737 2830
3738 2848
3739 2979
3740 2741
3741 2952
3742 2778
3743 3109
3744 2703
3745 2912
3746 2367
3747 3624
3748 2919
3749 3257
3750 3393
3751 2998
3752 2700
3753 2564
3754 3063
3755 2810
3756 2612
3757 2652
3758 2859
3759 3094
3760 3414
3761 3371
3762 3373
3763 2552
3764 3423
3765 3050
3766 3319
3767 2374
3768 2754
3769 3081
3770 2399
3771 3239
3772 3441
3773 3133
3774 3193
3775 2893
3776 3296
3777 2924
3778 3561
3779 3688
3780 3306
3781 2476
3782 2667
3783 3326
3784 2600
3785 2601
3786 3489
3787 3241
3788 3460
3789 2882
3790 3570
3791 3192
3792 2385
3793 3356
3794 2987
3795 2321
3796 2441
3797 3175
3798 3633
3799 2761
3800 2799
3801 2799
3802 2902
3803 2541
3804 2766
3805 2788
3806 3072
3807 3188
3808 2635
3809 3038
3810 3771
3811 3224
3812 2608
3813 3282
3814 3811
3815 3678
3816 2982
3817 3271
3818 2921
3819 3590
3820 3098
3821 2426
3822 3085
3823 2313
3824 3690
3825 3087
3826 3630
3827 3100
3828 3801
3829 2438
3830 2958
3831 2400
3832 3240
3833 3766
3834 3627
3835 2471
3836 2676
3837 3549
3838 3235
3839 2954
3840 3742
3841 2946
3842 2402
3843 3818
3844 2901
3845 3082
3846 3818
3847 3521
3848 3465
3849 3260
3850 2597
3851 3688
3852 2369
3853 3317
3854 3380
3855 3751
3856 3431
3857 3396
3858 2840
3859 2511
3860 3726
3861 2935
3862 3801
3863 3359
3864 2611
3865 2384
3866 3160
3867 3156
3868 3465
3869 3017
3870 3221
3871 2469
3872 3482
3873 3029
3874 2947
3875 2940
3876 3539
3877 2572
3878 3474
3879 3273
3880 2815
3881 3203
3882 2515
3883 3426
3884 3796
3885 3122
3886 3015
3887 3415
3888 3577
3889 3656
3890 3680
3891 3402
3892 2584
3893 3730
3894 3267
3895 3791
3896 2992
3897 3285
3898 3190
3899 2589
3900 3150
3901 3335
3902 2554
3903 2353
3904 3701
3905 3082
3906 2400
3907 3206
3908 2676
3909 2321
3910 3372
3911 3260
3912 3122
3913 2749
3914 2750
3915 3190
3916 3711
3917 3841
3918 3586
3919 3698
3920 3196
3921 3522
3922 3745
3923 3498
3924 3605
3925 3824
3926 2675
3927 3825
3928 2974
3929 2555
3930 3922
3931 2382
3932 2646
3933 3319
3934 2303
3935 3662
3936 3640
3937 3801
3938 3860
3939 3795
3940 3778
3941 3216
3942 2410
3943 2955
3944 2683
3945 2608
3946 3802
3947 2708
3948 2773
3949 3666
3950 3447
3951 2478
3952 2552
3953 3598
3954 3883
3955 3514
3956 2884
3957 3848
3958 2521
3959 3889
3960 3300
3961 2436
3962 3603
3963 2552
3964 2330
3965 3322
3966 2662
3967 2514
3968 3415
3969 3778
3970 3231
3971 3032
3972 3675
3973 3609
3974 3059
3975 3458
3976 3572
3977 2518
3978 3129
3979 2867
3980 3211
3981 2342
3982 2447
3983 2573
3984 3639
3985 3028
3986 2804
3987 2408
3988 3900
3989 3842
3990 2329
3991 2741
3992 2784
3993 2747
3994 2706
3995 3811
3996 2703
3997 2766
3998 3646
3999 3220
4000 3561
4001 3301
4002 2993
4003 3475
4004 3286
4005 3588
4006 3663
4007 2862
4008 3270
4009 3198
4010 3400
4011 3713
4012 2874
4013 2796
4014 2610
4015 3658
4016 3157
4017 3061
4018 2753
4019 2876
4020 3321
4021 3054
4022 3494
4023 2914
4024 3389
4025 3344
4026 2929
4027 3793
4028 3146
4029 3125
4030 3053
4031 3068
4032 2791
4033 3227
4034 3267
4035 3857
4036 2385
4037 3178
4038 3534
4039 3176
4040 3812
4041 3056
4042 3492
4043 3177
4044 3057
4045 3892
4046 3664
4047 3386
4048 2808
4049 3432
4050 3065
4051 3185
4052 3582
4053 3661
4054 3410
4055 2559
4056 3540
4057 3203
4058 2417
4059 3487
4060 2500
4061 3919
4062 3131
4063 3797
4064 2886
4065 2347
4066 2772
4067 2583
4068 3868
4069 2953
4070 3793
4071 2336
4072 2785
4073 3473
4074 3359
4075 3754
4076 3739
4077 3550
4078 4034
4079 2877
4080 2763
4081 3477
4082 3916
4083 3302
4084 3765
4085 2814
4086 3325
4087 3560
4088 2850
4089 3549
4090 2357
4091 3794
4092 2484
4093 3898
4094 3107
4095 3063
4096 2603
4097 2886
4098 2608
4099 3157
4100 2350
4101 3819
4102 3011
4103 3774
4104 3465
4105 2472
4106 3517
4107 3431
4108 2723
4109 2747
4110 3765
4111 2811
4112 3153
4113 2752
4114 4002
4115 2933
4116 2883
4117 2393
4118 2960
4119 3730
4120 2391
4121 3469
4122 3046
4123 2451
4124 3150
4125 3768
4126 3075
4127 3340
4128 2845
4129 3442
4130 3952
4131 3161
4132 3984
4133 3400
4134 2914
4135 3427
4136 2666
4137 3473
4138 3792
4139 3309
4140 2672
4141 2650
4142 2305
4143 4085
4144 3801
4145 2750
4146 3936
4147 3392
4148 3197
4149 2639
4150 4052
4151 3855
4152 2575
4153 2455
4154 2686
4155 3882
4156 2856
4157 3016
4158 3557
4159 3682
4160 3622
4161 3697
4162 3363
4163 3437
4164 3543
4165 4150
4166 3258
4167 3749
4168 3611
4169 3372
4170 4060
4171 2787
4172 2492
4173 3931
4174 3668
4175 3992
4176 2944
4177 3322
4178 2409
4179 2558
4180 3463
4181 3526
4182 3173
4183 3517
4184 3846
4185 2728
4186 3299
4187 3035
4188 2448
4189 3466
4190 2781
4191 4013
4192 3597
4193 3066
4194 3621
4195 2346
4196 3900
4197 2535
4198 2593
4199 3726
4200 2451
4201 3074
4202 3164
4203 3840
4204 2412
4205 3198
4206 2681
4207 2518
4208 3869
4209 4084
4210 3947
4211 2352
4212 2940
4213 2592
4214 2397
4215 3929
4216 2527
4217 2370
4218 3942
4219 3568
4220 3589
4221 3614
4222 2713
4223 3037
4224 2725
4225 4217
4226 2555
4227 3105
4228 3158
4229 3026
4230 3438
4231 4200
4232 4050
4233 3997
4234 3328
4235 3730
4236 4153
4237 3860
4238 3539
4239 3697
4240 3579
4241 3364
4242 2652
4243 3668
4244 2661
4245 2492
4246 3279
4247 2756
4248 2649
4249 3627
4250 3915
4251 3202
4252 3156
4253 3621
4254 4181
4255 2461
4256 3282
4257 2887
4258 3847
4259 3205
4260 3695
4261 3327
4262 2440
4263 4151
4264 2744
4265 2587
4266 2989
4267 4227
4268 3200
4269 4139
4270 2497
4271 3428
4272 2881
4273 2359
4274 3998
4275 2425
4276 2442
4277 3851
4278 4068
4279 2670
4280 2420
4281 3838
4282 3378
4283 3376
4284 3694
4285 3262
4286 3381
4287 3913
4288 3473
4289 3822
4290 4075
4291 4240
4292 3805
4293 2863
4294 2339
4295 2929
4296 2303
4297 4164
4298 3771
4299 3280
4300 3331
4301 2613
4302 3945
4303 2321
4304 3819
4305 4188
4306 3204
4307 3561
4308 2757
4309 3755
4310 3145
4311 4023
4312 4266
4313 2368
4314 3047
4315 2644
4316 3196
4317 2377
4318 3503
4319 3481
4320 3538
4321 3624
4322 2322
4323 2878
4324 3950
4325 2825
4326 4126
4327 3821
4328 3214
4329 3786
4330 2475
4331 4275
4332 3357
4333 3090
4334 4244
4335 2581
4336 3260
4337 4183
4338 3315
4339 2722
4340 3092
4341 3038
4342 2868
4343 4074
4344 2912
4345 4147
4346 3650
4347 3938
4348 2973
4349 2343
4350 3096
4351 3558
4352 3448
4353 3605
4354 4023
4355 4088
4356 2489
4357 4261
4358 4045
4359 3659
4360 3668
4361 3631
4362 3965
4363 3937
4364 2780
4365 2320
4366 2703
4367 2463
4368 4269
4369 4280
4370 3654
4371 2435
4372 3131
4373 2547
4374 2609
4375 2676
4376 3531
4377 2445
4378 2957
4379 3055
4380 4132
4381 3831
4382 3525
4383 2501
4384 4224
4385 4063
4386 3851
4387 4334
4388 3469
4389 3723
4390 3070
4391 4228
4392 2641
4393 2362
4394 4074
4395 2495
4396 4314
4397 3617
4398 2935
4399 3095
4400 3234
4401 3688
4402 2742
4403 3897
4404 4073
4405 3211
4406 3744
4407 3084
4408 2983
4409 2310
4410 3740
4411 3192
4412 2741
4413 3161
4414 4380
4415 3954
4416 4324
4417 4172
4418 3686
4419 2597
4420 3619
4421 3019
4422 2974
4423 2311
4424 3777
4425 2428
4426 3839
4427 2749
4428 2322
4429 2756
4430 2473
4431 4135
4432 4160
4433 2670
4434 3616
4435 3644
4436 2847
4437 3420
4438 2557
4439 3913
4440 3270
4441 3156
4442 4373
4443 4101
4444 3232
4445 3885
4446 4265
4447 3008
4448 4438
4449 2611
4450 3722
4451 3169
4452 3302
4453 3710
4454 2947
4455 2870
4456 3088
4457 2603
4458 2569
4459 3131
4460 3932
4461 3834
4462 2636
4463 3926
4464 3987
4465 2450
4466 3052
4467 3466
4468 3515
4469 3904
4470 4436
4471 4190
4472 2617
4473 2857
4474 2457
4475 4321
4476 3882
4477 2643
4478 2418
4479 3788
4480 2940
4481 2632
4482 3225
4483 2366
4484 2767
4485 2827
4486 2753
4487 3937
4488 3356
4489 3337
4490 4444
4491 2594
4492 2555
4493 2849
4494 2930
4495 2649
4496 3482
4497 2812
4498 3851
4499 4036
4500 3703
4501 3287
4502 2773
4503 3698
4504 3614
4505 4228
4506 4062
4507 4083
4508 3995
4509 3532
4510 2865
4511 3302
4512 3851
4513 3368
4514 4428
4515 2792
4516 4423
4517 3050
4518 4372
4519 4093
4520 3798
4521 2925
4522 3301
4523 3333
4524 2711
4525 2683
4526 4114
4527 3406
4528 3910
4529 3221
4530 2403
4531 2875
4532 3456
4533 4215
4534 4398
4535 2585
4536 3590
4537 3433
4538 4211
4539 3832
4540 2966
4541 3543
4542 3061
4543 4180
4544 4080
4545 3485
4546 2748
4547 2737
4548 2585
4549 3444
4550 3222
4551 2894
4552 3939
4553 3531
4554 2760
4555 3328
4556 2854
4557 4391
4558 3514
4559 4371
4560 3755
4561 3428
4562 3665
4563 4285
4564 3928
4565 3490
4566 4354
4567 3150
4568 4119
4569 4004
4570 2411
4571 2847
4572 2331
4573 4308
4574 2990
4575 3044
4576 4265
4577 2341
4578 2697
4579 4167
4580 3561
4581 4312
4582 3442
4583 2552
4584 2877
4585 2440
4586 3636
4587 3741
4588 3906
4589 4470
4590 4243
4591 4245
4592 4465
4593 4097
4594 2723
4595 4032
4596 3772
4597 3655
4598 2572
4599 3729
4600 3242
4601 3430
4602 3864
4603 4275
4604 3636
4605 3492
4606 4481
4607 4287
4608 4119
4609 2312
4610 4425
4611 2583
4612 3366
4613 3542
4614 4088
4615 3053
4616 3921
4617 3283
4618 3816
4619 4277
4620 2565
4621 3142
4622 2787
4623 3083
4624 4406
4625 3588
4626 2528
4627 2489
4628 4489
4629 2310
4630 3026
4631 3762
4632 3976
4633 4082
4634 2462
4635 3146
4636 2534
4637 4069
4638 3972
4639 3750
4640 2776
4641 3796
4642 3135
4643 4499
4644 4306
4645 3782
4646 3485
4647 2619
4648 4345
4649 4588
4650 2429
4651 2485
4652 2780
4653 2569
4654 4611
4655 3443
4656 4188
4657 3958
4658 2369
4659 3307
4660 3417
4661 3615
4662 4636
4663 3206
4664 3091
4665 2536
4666 3527
4667 2635
4668 2687
4669 2553
4670 3365
4671 4591
4672 3058
4673 2827
4674 4191
4675 3742
4676 3062
4677 3033
4678 3725
4679 4036
4680 4031
4681 4347
4682 3331
4683 4253
4684 2428
4685 3166
4686 3383
4687 4173
4688 3728
4689 3418
4690 3788
4691 4246
4692 3120
4693 4491
4694 3109
4695 3376
4696 3874
4697 4445
4698 4236
4699 3634
4700 3381
4701 4384
4702 2789
4703 3617
4704 4678
4705 4548
4706 4543
4707 2733
4708 3610
4709 3173
4710 2680
4711 3789
4712 3312
4713 3029
4714 4430
4715 3719
4716 2302
4717 4597
4718 3261
4719 2356
4720 2720
4721 3356
4722 4595
4723 2924
4724 2457
4725 2369
4726 3381
4727 2424
4728 2455
4729 3631
4730 2379
4731 3897
4732 3156
4733 3096
4734 4215
4735 3061
4736 3163
4737 4471
4738 2713
4739 4466
4740 2582
4741 3436
4742 2751
4743 4572
4744 2723
4745 3956
4746 2897
4747 2752
4748 2707
4749 4575
4750 3941
4751 4605
4752 2847
4753 4276
4754 2928
4755 3422
4756 4148
4757 4049
4758 3259
4759 3044
4760 3817
4761 3860
4762 3828
4763 3661
4764 3519
4765 3907
4766 4241
4767 4591
4768 2476
4769 4081
4770 4357
4771 3813
4772 3018
4773 3678
4774 2713
4775 3130
4776 4738
4777 2314
4778 2909
4779 4312
4780 3046
4781 3483
4782 3776
4783 2450
4784 3547
4785 4587
4786 3661
4787 3693
4788 3519
4789 4515
4790 4506
4791 3659
4792 2663
4793 2755
4794 3789
4795 3491
4796 3847
4797 3584
4798 2813
4799 2429
4800 3828
4801 4108
4802 4515
4803 4616
4804 2594
4805 3345
4806 2372
4807 3296
4808 4489
4809 2939
4810 4645
4811 2457
4812 3313
4813 4057
4814 3538
4815 4437
4816 3908
4817 3960
4818 2819
4819 3949
4820 4359
4821 2544
4822 3096
4823 3468
4824 4137
4825 2349
4826 2474
4827 4819
4828 4505
4829 4335
4830 2833
4831 4699
4832 3610
4833 3346
4834 3686
4835 2396
4836 4514
4837 3103
4838 3084
4839 4802
4840 3121
4841 3633
4842 2745
4843 4319
4844 4449
4845 2921
4846 4312
4847 3991
4848 4794
4849 4591
4850 4681
4851 4412
4852 3082
4853 3535
4854 3399
4855 4325
4856 2470
4857 2497
4858 3209
4859 4524
4860 4043
4861 2736
4862 3933
4863 3654
4864 4588
4865 3439
4866 4466
4867 3972
4868 3120
4869 2751
4870 4767
4871 3350
4872 4010
4873 3334
4874 4233
4875 2976
4876 3400
4877 3868
4878 2846
4879 3729
4880 2949
4881 2404
4882 4440
4883 2645
4884 2434
4885 4648
4886 3219
4887 4333
4888 2863
4889 3170
4890 3026
4891 3868
4892 4138
4893 2948
4894 3758
4895 4131
4896 4160
4897 4573
4898 3424
4899 3448
4900 2399
4901 3833
4902 4518
4903 3695
4904 4303
4905 2781
4906 3352
4907 2308
4908 2521
4909 3537
4910 2349
4911 2705
4912 4133
4913 3704
4914 4544
4915 2449
4916 3007
4917 4667
4918 4650
4919 3580
4920 4365
4921 3751
4922 2598
4923 4093
4924 4321
4925 3690
4926 3918
4927 3920
4928 2372
4929 3050
4930 3404
4931 2957
4932 4544
4933 3150
4934 2312
4935 3072
4936 4039
4937 3751
4938 2832
4939 3716
4940 2498
4941 3928
4942 3390
4943 2367
4944 3824
4945 3142
4946 2450
4947 3562
4948 4807
4949 3177
4950 2829
4951 3140
4952 2322
4953 4449
4954 4888
4955 2313
4956 2499
4957 4226
4958 4856
4959 3816
4960 4625
4961 2553
4962 2965
4963 4934
4964 4438
4965 2573
4966 3154
4967 2829
4968 4852
4969 4506
4970 2879
4971 4733
4972 2568
4973 4865
4974 4093
4975 2528
4976 4704
4977 3210
4978 3952
4979 3778
4980 4193
4981 3897
4982 2811
4983 2632
4984 3937
4985 3430
4986 3990
4987 2556
4988 2591
4989 3693
4990 3995
4991 3177
4992 3672
4993 3834
4994 4013
4995 2953
4996 3170
4997 3678
4998 4699
4999 3574
5000 4425
5001 4372
5002 4974
5003 2355
5004 4822
5005 4957
5006 2540
5007 3821
5008 2914
5009 2608
5010 2535
5011 3597
5012 4685
5013 3803
5014 4416
5015 3033
5016 4492
5017 3373
5018 2622
5019 4198
5020 4435
5021 2569
5022 3920
5023 4747
5024 2633
5025 2330
5026 2933
5027 2306
5028 4229
5029 4193
5030 4270
5031 3293
5032 2344
5033 4256
5034 4436
5035 4554
5036 2944
5037 2459
5038 2765
5039 4012
5040 4891
5041 4809
5042 3511
5043 2753
5044 3068
5045 3111
5046 3025
5047 2390
5048 4202
5049 2738
5050 3816
5051 3810
5052 4753
5053 3064
5054 2318
5055 4822
5056 4706
5057 2375
5058 4011
5059 4481
5060 4754
5061 2799
5062 4111
5063 3695
5064 4773
5065 4422
5066 3267
5067 3957
5068 3300
5069 3083
5070 2355
5071 3513
5072 4993
5073 3060
5074 2583
5075 4188
5076 4479
5077 2974
5078 2986
5079 3002
5080 4651
5081 2433
5082 3793
5083 4238
5084 2483
5085 3930
5086 2816
5087 4198
5088 4167
5089 2343
5090 5008
5091 2429
5092 2642
5093 2334
5094 3127
5095 2545
5096 4429
5097 2783
5098 3114
5099 2988
5100 3928
5101 3517
5102 4157
5103 3139
5104 4845
5105 3353
5106 2361
5107 3088
5108 4593
5109 4095
5110 3548
5111 3604
5112 3589
5113 4163
5114 4507
5115 4314
5116 4758
5117 2637
5118 4955
5119 2785
5120 2808
5121 5086
5122 2615
5123 4549
5124 4815
5125 3480
5126 3655
5127 5054
5128 4605
5129 3338
5130 2840
5131 3114
5132 4007
5133 2946
5134 4260
5135 3193
5136 2973
5137 3737
5138 3828
5139 3372
5140 4647
5141 2362
5142 5033
5143 2721
5144 2765
5145 3863
5146 3751
5147 2611
5148 4970
5149 3219
5150 3001
5151 3182
5152 5151
5153 4382
5154 2516
5155 2731
5156 3292
5157 3741
5158 2691
5159 4820
5160 2402
5161 4307
5162 2337
5163 3678
5164 2927
5165 4009
5166 4379
5167 3905
5168 4733
5169 4818
5170 2603
5171 4995
5172 4897
5173 3096
5174 4197
5175 4283
5176 4480
5177 2377
5178 3933
5179 4542
5180 2462
5181 3435
5182 3516
5183 2513
5184 2940
5185 2445
5186 4131
5187 3418
5188 4942
5189 4739
5190 2877
5191 3669
5192 3455
5193 2754
5194 4316
5195 3760
5196 5008
5197 4226
5198 3142
5199 3853
5200 3675
5201 3862
5202 5155
5203 3979
5204 3122
5205 5071
5206 4110
5207 3791
5208 3651
5209 3906
5210 4124
5211 3307
5212 3988
5213 2869
5214 5036
5215 4237
5216 2768
5217 3190
5218 4378
5219 3879
5220 4430
5221 3692
5222 3245
5223 3002
5224 2563
5225 4460
5226 2737
5227 4878
5228 3982
5229 3789
5230 3368
5231 2496
5232 4777
5233 4236
5234 4895
5235 2599
5236 3075
5237 3361
5238 3713
5239 2739
5240 5220
5241 4136
5242 4966
5243 4503
5244 3749
5245 4178
5246 5201
5247 4582
5248 4442
5249 4237
5250 4111
5251 5236
5252 3091
5253 3247
5254 4687
5255 2453
5256 3012
5257 4415
5258 2583
5259 2503
5260 5198
5261 4475
5262 4248
5263 2897
5264 4613
5265 5193
5266 4862
5267 4969
5268 3024
5269 3573
5270 2373
5271 2729
5272 3252
5273 2481
5274 3236
5275 3332
5276 2611
5277 3616
5278 3789
5279 5224
5280 3544
5281 4563
5282 3260
5283 4799
5284 3568
5285 4332
5286 3419
5287 4671
5288 4335
5289 2506
5290 3582
5291 5060
5292 4395
5293 3610
5294 4916
5295 2628
5296 4496
5297 3303
5298 4221
5299 3549
5300 2807
5301 4124
5302 4384
5303 3432
5304 2515
5305 2580
5306 4984
5307 2450
5308 2449
5309 3457
5310 3301
5311 3653
5312 4722
5313 2870
5314 2328
5315 3631
5316 3135
5317 4532
5318 4652
5319 5101
5320 4527
5321 4414
5322 4076
5323 2313
5324 2975
5325 3645
5326 5118
5327 5239
5328 2354
5329 3360
5330 2989
5331 2724
5332 2780
5333 4076
5334 2572
5335 3751
5336 4484
5337 4630
5338 2513
5339 4749
5340 2779
5341 4276
5342 3820
5343 4145
5344 4503
5345 4272
5346 3802
5347 3074
5348 2485
5349 5206
5350 4177
5351 4185
5352 4181
5353 2648
5354 3515
5355 3434
5356 4598
5357 3233
5358 3818
5359 2965
5360 2542
5361 4835
5362 5268
5363 3577
5364 3204
5365 3415
5366 3745
5367 3600
5368 3445
5369 4638
5370 5000
5371 3113
5372 3696
5373 4730
5374 3552
5375 3638
5376 4766
5377 4969
5378 3577
5379 2732
5380 4886
5381 3202
5382 5124
5383 3365
5384 2567
5385 4985
5386 2388
5387 4726
5388 2865
5389 3831
5390 2689
5391 4350
5392 2932
5393 2741
5394 2368
5395 4966
5396 2872
5397 3644
5398 4891
5399 4159
5400 3756
5401 3635
5402 5364
5403 5400
5404 5000
5405 4978
5406 2431
5407 3523
5408 3333
5409 4691
5410 3968
5411 5397
5412 4216
5413 4672
5414 5367
5415 2793
5416 5265
5417 4392
5418 2320
5419 5091
5420 3024
5421 2640
5422 4366
5423 3577
5424 4554
5425 4180
5426 5107
5427 3753
5428 4873
5429 2868
5430 4025
5431 5169
5432 3596
5433 2716
5434 3827
5435 3387
5436 2649
5437 4412
5438 4390
5439 3606
5440 4349
5441 4876
5442 3643
5443 3469
5444 2549
5445 3664
5446 4689
5447 4990
5448 2547
5449 5270
5450 2836
5451 2303
5452 3974
5453 3467
5454 4180
5455 2525
5456 2325
5457 5078
5458 4342
5459 3059
5460 4749
5461 2310
5462 2393
5463 4653
5464 4994
5465 4018
5466 4646
5467 3164
5468 3237
5469 4472
5470 4240
5471 4759
5472 3741
5473 3847
5474 5330
5475 2884
5476 2728
5477 4723
5478 3132
5479 2397
5480 2858
5481 3265
5482 4664
5483 3434
5484 5269
5485 3721
5486 2980
5487 5236
5488 4621
5489 2962
5490 2403
5491 2767
5492 3864
5493 4545
5494 2933
5495 4617
5496 4445
5497 4175
5498 4176
5499 2937
5500 2465
5501 2758
5502 4011
5503 4157
5504 3196
5505 5004
5506 5444
5507 3709
5508 4731
5509 5496
5510 5422
5511 4931
5512 4080
5513 5151
5514 5422
5515 5062
5516 2831
5517 3112
5518 4517
5519 2440
5520 4187
5521 4509
5522 5340
5523 4645
5524 3660
5525 4120
5526 3995
5527 4594
5528 4051
5529 2530
5530 3027
5531 3777
5532 3741
5533 5063
5534 5161
5535 5493
5536 3553
5537 4456
5538 2757
5539 2440
5540 3181
5541 4968
5542 3283
5543 4566
5544 3645
5545 2967
5546 5078
5547 3127
5548 5325
5549 2362
5550 3283
5551 5524
5552 5367
5553 3929
5554 4679
5555 4741
5556 2812
5557 3360
5558 3007
5559 4164
5560 4744
5561 3347
5562 3545
5563 2389
5564 3987
5565 2394
5566 4337
5567 3967
5568 4302
5569 2761
5570 2327
5571 5212
5572 4296
5573 3649
5574 2379
5575 4512
5576 2560
5577 2321
5578 3526
5579 5326
5580 4157
5581 3342
5582 5204
5583 3955
5584 5374
5585 4536
5586 2626
5587 4284
5588 4650
5589 4331
5590 2592
5591 3209
5592 4877
5593 2538
5594 5149
5595 2829
5596 4845
5597 2399
5598 4303
5599 2964
5600 3793
5601 4285
5602 5425
5603 4023
5604 2733
5605 3653
5606 2354
5607 3260
5608 3334
5609 3566
5610 5448
5611 3424
5612 3923
5613 5061
5614 4301
5615 5562
5616 3686
5617 5441
5618 3852
5619 2629
5620 2394
5621 4648
5622 3875
5623 2488
5624 3469
5625 3304
5626 3001
5627 3822
5628 3392
5629 3383
5630 3949
5631 4083
5632 3148
5633 5140
5634 3604
5635 4287
5636 2925
5637 4483
5638 5161
5639 5346
5640 4795
5641 3397
5642 3676
5643 3877
5644 2859
5645 4157
5646 3550
5647 3780
5648 3519
5649 3445
5650 3148
5651 4604
5652 3228
5653 5527
5654 5019
5655 4156
5656 4466
5657 3152
5658 4775
5659 3280
5660 4768
5661 3392
5662 5016
5663 4094
5664 4654
5665 4516
5666 5074
5667 2606
5668 2424
5669 3843
5670 5405
5671 2601
5672 2791
5673 3994
5674 3849
5675 5349
5676 3369
5677 2376
5678 2859
5679 3116
5680 3160
5681 4306
5682 5474
5683 4111
5684 3660
5685 3952
5686 3765
5687 5361
5688 4872
5689 5102
5690 5333
5691 2303
5692 2650
5693 3356
5694 2814
5695 3527
5696 3116
5697 4691
5698 2596
5699 5198
5700 3556
5701 3686
5702 3730
5703 3854
5704 5037
5705 3629
5706 4428
5707 5219
5708 2604
5709 3989
5710 4355
5711 2605
5712 2701
5713 3242
5714 2567
5715 2367
5716 3659
5717 4692
5718 5352
5719 4199
5720 4999
5721 4043
5722 3584
5723 5321
5724 4017
5725 3275
5726 3245
5727 3402
5728 3812
5729 3848
5730 5370
5731 2765
5732 3380
5733 4690
5734 2606
5735 2461
5736 3333
5737 4599
5738 3258
5739 3323
5740 2529
5741 4581
5742 3243
5743 5289
5744 3853
5745 5480
5746 3128
5747 2313
5748 3974
5749 4618
5750 4481
5751 3548
5752 3664
5753 4941
5754 4068
5755 2450
5756 5247
5757 4171
5758 5171
5759 5656
5760 4613
5761 4483
5762 4332
5763 4770
5764 2614
5765 4825
5766 2326
5767 2500
5768 2993
5769 3594
5770 3016
5771 3728
5772 3627
5773 4374
5774 4229
5775 3132
5776 2656
5777 2693
5778 5473
5779 4039
5780 4246
5781 3010
5782 5718
5783 3558
5784 4097
5785 4406
5786 3744
5787 3172
5788 2665
5789 3230
5790 3668
5791 2998
5792 4398
5793 3385
5794 4303
5795 2631
5796 5436
5797 4867
5798 3458
5799 5306
5800 4437
5801 5541
5802 3575
5803 4183
5804 5702
5805 5482
5806 5709
5807 2525
5808 4752
5809 5011
5810 3026
5811 3013
5812 2600
5813 3604
5814 2386
5815 2315
5816 4169
5817 3225
5818 3080
5819 5620
5820 2854
5821 4803
5822 3870
5823 5138
5824 4846
5825 4108
5826 5038
5827 4545
5828 4617
5829 4054
5830 4161
5831 4635
5832 5117
5833 4977
5834 3746
5835 3454
5836 2345
5837 3344
5838 4768
5839 4429
5840 4133
5841 4644
5842 5459
5843 5310
5844 4053
5845 2409
5846 3775
5847 3260
5848 5817
5849 2483
5850 4638
5851 4958
5852 2572
5853 3834
5854 3464
5855 2579
5856 4069
5857 4162
5858 4511
5859 4159
5860 3564
5861 2772
5862 3947
5863 5629
5864 4182
5865 4771
5866 3793
5867 5499
5868 4132
5869 3016
5870 3637
5871 4014
5872 4620
5873 3259
5874 4891
5875 4711
5876 5851
5877 2736
5878 5020
5879 3697
5880 5819
5881 3899
5882 5843
5883 4632
5884 4748
5885 5763
5886 4325
5887 3474
5888 5112
5889 5651
5890 4635
5891 3901
5892 3496
5893 4340
5894 4568
5895 4778
5896 2765
5897 2968
5898 4048
5899 4153
5900 3285
5901 5107
5902 5146
5903 3920
5904 4014
5905 5529
5906 5093
5907 5858
5908 4630
5909 2481
5910 4867
5911 2972
5912 5732
5913 3672
5914 4899
5915 3201
5916 3162
5917 2431
5918 2864
5919 3285
5920 5427
5921 4253
5922 5358
5923 5395
5924 5327
5925 2670
5926 3994
5927 3690
5928 5576
5929 5135
5930 4835
5931 2605
5932 2479
5933 2480
5934 5601
5935 4984
5936 5123
5937 2472
5938 2775
5939 4461
5940 4399
5941 4052
5942 5774
5943 5892
5944 3281
5945 2321
5946 5425
5947 2828
5948 2779
5949 4365
5950 4161
5951 3692
5952 4113
5953 5586
5954 2339
5955 3763
5956 4160
5957 3451
5958 4866
5959 4767
5960 4806
5961 2513
5962 3539
5963 3753
5964 4488
5965 4591
5966 5300
5967 5283
5968 3334
5969 4482
5970 3664
5971 3541
5972 4991
5973 3338
5974 2694
5975 4318
5976 4489
5977 5291
5978 4148
5979 3083
5980 4770
5981 4813
5982 4645
5983 3609
5984 4676
5985 2345
5986 2768
5987 3908
5988 2440
5989 3050
5990 3750
5991 5214
5992 4053
5993 3664
5994 5010
5995 5389
5996 4959
5997 2624
5998 2330
5999 5973
6000 5184
6001 3054
6002 4535
6003 3405
6004 4431
6005 2490
6006 5131
6007 4254
6008 5846
6009 5532
6010 5185
6011 3929
6012 5952
6013 3168
6014 4457
6015 4077
6016 4885
6017 3018
6018 2999
6019 5975
6020 5359
6021 3259
6022 4844
6023 4109
6024 4056
6025 2614
6026 5184
6027 2626
6028 5836
6029 4564
6030 2360
6031 2354
6032 3884
6033 4709
6034 4327
6035 4981
6036 3154
6037 5644
6038 5020
6039 5800
6040 4576
6041 3607
6042 2363
6043 2356
6044 4575
6045 4805
6046 2926
6047 4727
6048 2356
6049 2482
6050 3364
6051 4202
6052 4994
6053 6022
6054 3803
6055 3939
6056 3706
6057 3790
6058 2675
6059 3928
6060 4317
6061 4586
6062 3129
6063 4453
6064 5599
6065 4137
6066 4609
6067 2559
6068 3139
6069 2953
6070 2455
6071 5081
6072 3140
6073 4784
6074 2447
6075 3796
6076 5175
6077 5051
6078 5248
6079 5013
6080 4229
6081 3907
6082 4789
6083 4102
6084 2470
6085 4332
6086 4044
6087 3481
6088 4569
6089 5664
6090 2937
6091 5546
6092 4306
6093 3090
6094 2937
6095 2783
6096 5132
6097 3940
6098 4516
6099 3780
6100 5815
6101 4159
6102 5345
6103 4380
6104 5532
6105 3359
6106 4366
6107 5708
6108 3244
6109 4517
6110 3919
6111 5356
6112 4207
6113 3887
6114 5804
6115 3934
6116 5437
6117 3163
6118 3057
6119 4375
6120 3782
6121 3985
6122 6094
6123 3331
6124 5403
6125 3116
6126 4446
6127 5248
6128 2801
6129 3717
6130 3574
6131 2783
6132 5504
6133 2472
6134 6122
6135 5959
6136 2869
6137 3353
6138 4999
6139 5975
6140 5354
6141 5472
6142 3758
6143 4916
6144 5954
6145 2782
6146 4433
6147 4032
6148 6024
6149 5429
6150 989
6151 6150
6152 6150
6153 6150
6154 6150
6155 6153
6156 6151
6157 6153
6158 6155
6159 6151
6160 6151
6161 6159
6162 6152
6163 6162
6164 6150
6165 6160
6166 989
6167 6162
6168 6167
6169 6166
6170 6162
6171 6161
6172 6167
6173 6150
6174 6162
6175 6170
6176 6156
6177 6169
6178 6171
6179 6150
6180 6170
6181 6172
6182 6163
6183 6154
6184 989
6185 6164
6186 6180
6187 6159
6188 6171
6189 6154
6190 6175
6191 6151
6192 989
6193 6172
6194 6169
6195 6182
6196 6160
6197 6187
6198 6161
6199 6158
6200 6161
6201 6159
6202 6151
6203 6160
6204 989
6205 6182
6206 6170
6207 6156
6208 6164
6209 6208
6210 6197
6211 6155
6212 6209
6213 6212
6214 6207
6215 6214
6216 6154
6217 6202
6218 6177
6219 6172
6220 6189
6221 6152
6222 6168
6223 6175
6224 6157
6225 6166
6226 6151
6227 6167
6228 6154
6229 6225
6230 6188
6231 6181
6232 6153
6233 6167
6234 6207
6235 6195
6236 6170
6237 6169
6238 6196
6239 6183
6240 6192
6241 6212
6242 6217
6243 6202
6244 6237
6245 6201
6246 6199
6247 6157
6248 6196
6249 6209
6250 6220
6251 6161
6252 6243
6253 6178
6254 6165
6255 6240
6256 6187
6257 6171
6258 6228
6259 6182
6260 6202
6261 6164
6262 6176
6263 6197
6264 6157
6265 6200
6266 6166
6267 6254
6268 6250
6269 6193
6270 6184
6271 6179
6272 6229
6273 6268
6274 6171
6275 6185
6276 6221
6277 6266
6278 6183
6279 6232
6280 6173
6281 6176
6282 6217
6283 6227
6284 6227
6285 6279
6286 6280
6287 6247
6288 6170
6289 6193
6290 6267
6291 6256
6292 6199
6293 6291
6294 6249
6295 6268
6296 6274
6297 6169
6298 6243
6299 6181
6300 6218
6301 6253
6302 6237
6303 6216
6304 6298
6305 6248
6306 6214
6307 6168
6308 6230
6309 6247
6310 6241
6311 6235
6312 6174
6313 6303
6314 6150
6315 6284
6316 6194
6317 6258
6318 6295
6319 6168
6320 6235
6321 6264
6322 6197
6323 6187
6324 6233
6325 6238
6326 6185
6327 6155
6328 6252
6329 6250
6330 6323
6331 6177
6332 6194
6333 6325
6334 6173
6335 6246
6336 6240
6337 6240
6338 6151
6339 6300
6340 6297
6341 6176
6342 6207
6343 6240
6344 6225
6345 6195
6346 6230
6347 6340
6348 6240
6349 6200
6350 6271
6351 6319
6352 6246
6353 6330
6354 6195
6355 6309
6356 6157
6357 6262
6358 6306
6359 6275
6360 6348
6361 6328
6362 6317
6363 6181
6364 6241
6365 6306
6366 6190
6367 6221
6368 6325
6369 6157
6370 6161
6371 6256
6372 6248
6373 6150
6374 6151
6375 6155
6376 6227
6377 6254
6378 6216
6379 6236
6380 6269
6381 6371
6382 6151
6383 6275
6384 6324
6385 6377
6386 6158
6387 6349
6388 6211
6389 6233
6390 6275
6391 6200
6392 6187
6393 6370
6394 6251
6395 6255
6396 6208
6397 6395
6398 6233
6399 6283
6400 6263
6401 6374
6402 6308
6403 6372
6404 6272
6405 6392
6406 6331
6407 6243
6408 6201
6409 6346
6410 6354
6411 6362
6412 6329
6413 6410
6414 6387
6415 6301
6416 6329
6417 6236
6418 6353
6419 6412
6420 6411
6421 6345
6422 6314
6423 6380
6424 6226
6425 6416
6426 6179
6427 6312
6428 6191
6429 6376
6430 6421
6431 6399
6432 6173
6433 6251
6434 6300
6435 6387
6436 6255
6437 6166
6438 6315
6439 6343
6440 6268
6441 6318
6442 6402
6443 6211
6444 6219
6445 6429
6446 6160
6447 989
6448 6381
6449 6307
6450 6444
6451 6192
6452 6445
6453 6182
6454 6194
6455 6310
6456 6425
6457 6258
6458 6380
6459 6322
6460 6201
6461 6249
6462 6328
6463 6407
6464 6211
6465 6368
6466 6204
6467 6350
6468 6239
6469 6400
6470 6185
6471 6438
6472 6170
6473 6155
6474 6279
6475 6212
6476 6321
6477 6188
6478 6190
6479 6399
6480 6423
6481 6342
6482 6433
6483 6411
6484 6232
6485 6350
6486 6422
6487 6429
6488 6368
6489 6469
6490 6244
6491 6317
6492 6375
6493 6415
6494 6470
6495 6433
6496 6192
6497 6490
6498 6432
6499 6189
6500 6426
6501 6167
6502 6376
6503 6246
6504 6192
6505 6223
6506 6421
6507 6465
6508 6431
6509 6408
6510 6355
6511 6402
6512 6310
6513 6402
6514 6203
6515 6244
6516 6343
6517 6451
6518 6328
6519 6165
6520 6408
6521 6367
6522 6304
6523 6176
6524 6371
6525 6177
6526 6259
6527 6410
6528 6228
6529 6368
6530 6150
6531 6422
6532 6229
6533 6458
6534 6324
6535 6487
6536 6474
6537 6176
6538 6497
6539 6276
6540 6314
6541 6464
6542 6478
6543 6173
6544 6258
6545 6402
6546 6478
6547 6466
6548 6251
6549 6420
6550 6436
6551 6386
6552 6458
6553 6254
6554 6357
6555 6412
6556 6359
6557 6167
6558 6273
6559 6259
6560 6508
6561 6302
6562 6368
6563 6187
6564 6457
6565 6281
6566 6355
6567 6240
6568 6403
6569 6169
6570 6439
6571 6536
6572 6455
6573 6156
6574 6496
6575 6478
6576 6470
6577 6174
6578 6181
6579 6213
6580 6474
6581 6241
6582 6217
6583 6157
6584 6511
6585 6414
6586 6490
6587 6279
6588 6186
6589 6505
6590 6503
6591 6418
6592 6423
6593 6372
6594 6386
6595 6355
6596 6494
6597 6372
6598 6153
6599 6257
6600 6579
6601 6363
6602 6154
6603 6535
6604 6352
6605 6533
6606 6370
6607 6473
6608 6344
6609 6331
6610 6543
6611 6573
6612 6174
6613 6587
6614 6514
6615 6597
6616 6539
6617 6289
6618 6429
6619 6329
6620 6384
6621 6415
6622 6310
6623 6418
6624 6395
6625 6591
6626 6617
6627 6621
6628 6512
6629 6188
6630 6597
6631 6255
6632 6394
6633 6585
6634 6513
6635 6503
6636 6275
6637 6545
6638 6272
6639 6207
6640 6253
6641 6280
6642 6540
6643 6579
6644 6621
6645 6320
6646 6362
6647 6197
6648 6327
6649 6601
6650 6170
6651 6310
6652 6217
6653 6202
6654 6192
6655 6629
6656 6584
6657 6326
6658 6195
6659 6449
6660 6567
6661 6464
6662 6435
6663 6202
6664 6152
6665 6346
6666 6197
6667 6318
6668 6224
6669 6306
6670 6431
6671 6296
6672 6430
6673 6213
6674 6592
6675 6478
6676 6613
6677 6258
6678 6313
6679 6462
6680 6538
6681 6449
6682 6613
6683 6238
6684 6490
6685 6265
6686 6240
6687 6373
6688 6286
6689 6501
6690 6431
6691 6170
6692 6267
6693 6432
6694 6531
6695 6350
6696 6684
6697 6333
6698 6669
6699 6390
6700 6217
6701 6368
6702 6232
6703 6207
6704 6552
6705 6578
6706 6575
6707 6158
6708 6236
6709 6465
6710 6678
6711 6377
6712 6678
6713 6325
6714 6339
6715 6697
6716 6530
6717 6205
6718 6179
6719 6618
6720 6182
6721 6412
6722 6520
6723 6697
6724 6242
6725 6540
6726 6460
6727 6509
6728 6333
6729 6451
6730 6291
6731 6697
6732 6401
6733 6265
6734 6422
6735 6733
6736 6266
6737 6195
6738 6522
6739 6329
6740 6731
6741 6571
6742 6403
6743 6473
6744 6329
6745 6570
6746 6295
6747 6406
6748 6315
6749 6668
6750 6165
6751 6160
6752 6538
6753 6592
6754 6273
6755 6354
6756 6217
6757 6373
6758 6489
6759 6503
6760 6595
6761 6530
6762 6229
6763 6340
6764 6376
6765 6615
6766 6320
6767 6745
6768 6611
6769 6709
6770 6166
6771 6604
6772 6535
6773 6338
6774 6528
6775 6540
6776 6484
6777 6407
6778 6610
6779 6715
6780 6584
6781 6456
6782 6410
6783 6653
6784 6244
6785 6447
6786 6658
6787 6161
6788 6769
6789 6410
6790 6212
6791 6652
6792 6456
6793 6713
6794 6789
6795 6331
6796 6362
6797 6473
6798 6653
6799 6702
6800 6492
6801 6575
6802 6354
6803 6162
6804 6519
6805 6629
6806 6337
6807 6541
6808 6731
6809 6468
6810 6792
6811 6250
6812 6311
6813 6648
6814 6556
6815 6258
6816 6260
6817 6352
6818 6238
6819 6434
6820 6431
6821 6267
6822 6777
6823 6611
6824 6233
6825 6572
6826 6423
6827 6181
6828 6340
6829 6807
6830 6434
6831 6183
6832 6291
6833 6669
6834 6380
6835 6607
6836 6266
6837 6532
6838 6340
6839 6832
6840 6158
6841 6461
6842 6594
6843 6738
6844 6716
6845 6708
6846 6605
6847 6633
6848 6621
6849 6844
6850 6452
6851 6806
6852 6786
6853 6328
6854 6740
6855 6596
6856 6493
6857 6507
6858 6312
6859 6383
6860 6817
6861 6537
6862 6639
6863 6607
6864 6566
6865 6220
6866 6630
6867 6173
6868 6414
6869 6624
6870 6559
6871 6431
6872 6223
6873 6627
6874 6521
6875 6608
6876 6524
6877 6533
6878 6343
6879 6510
6880 6749
6881 6825
6882 6182
6883 6470
6884 6472
6885 6754
6886 6662
6887 6444
6888 6365
6889 6643
6890 6777
6891 6503
6892 6635
6893 6200
6894 6722
6895 6564
6896 6365
6897 6566
6898 6182
6899 6575
6900 6355
6901 6888
6902 6321
6903 6373
6904 6316
6905 6348
6906 6478
6907 6730
6908 6151
6909 6330
6910 6882
6911 6532
6912 6741
6913 6249
6914 6270
6915 6360
6916 6476
6917 6552
6918 6461
6919 6716
6920 6426
6921 6487
6922 6344
6923 6451
6924 6268
6925 6451
6926 6898
6927 6450
6928 6446
6929 6529
6930 6647
6931 6928
6932 6358
6933 6732
6934 6302
6935 6191
6936 6422
6937 6430
6938 6433
6939 6284
6940 6669
6941 6763
6942 6797
6943 6204
6944 6550
6945 6779
6946 6459
6947 6879
6948 6817
6949 6842
6950 6166
6951 6190
6952 6655
6953 6419
6954 6370
6955 6508
6956 6159
6957 6498
6958 6677
6959 6560
6960 6342
6961 6545
6962 6625
6963 6364
6964 6792
6965 6252
6966 6882
6967 6353
6968 6522
6969 6269
6970 6511
6971 6241
6972 6504
6973 6216
6974 6356
6975 6198
6976 6660
6977 6348
6978 6964
6979 6938
6980 6279
6981 6697
6982 6749
6983 6682
6984 6826
6985 6255
6986 6962
6987 6823
6988 6899
6989 6310
6990 6704
6991 6953
6992 6238
6993 6348
6994 6518
6995 6623
6996 6753
6997 6776
6998 6704
6999 6827
7000 6489
7001 6803
7002 6798
7003 6244
7004 6801
7005 6906
7006 6307
7007 6513
7008 6415
7009 6313
7010 6932
7011 6439
7012 6392
7013 6755
7014 6608
7015 6764
7016 6669
7017 6192
7018 6328
7019 6196
7020 6683
7021 6157
7022 6296
7023 6447
7024 6631
7025 6688
7026 6841
7027 6628
7028 6924
7029 6337
7030 6554
7031 6564
7032 6467
7033 6334
7034 7024
7035 6555
7036 6188
7037 7008
7038 7028
7039 6730
7040 6643
7041 6827
7042 6991
7043 6684
7044 6404
7045 7018
7046 6814
7047 6977
7048 6441
7049 6349
7050 6645
7051 6319
7052 6607
7053 7017
7054 6830
7055 6522
7056 6490
7057 6576
7058 6385
7059 6704
7060 6346
7061 6166
7062 6838
7063 6933
7064 6240
7065 6865
7066 6728
7067 6957
7068 6546
7069 6562
7070 6870
7071 6632
7072 6609
7073 6641
7074 6549
7075 7073
7076 6384
7077 6173
7078 6880
7079 6228
7080 6356
7081 6274
7082 6233
7083 6488
7084 6906
7085 6353
7086 6944
7087 6675
7088 6631
7089 6388
7090 6960
7091 6903
7092 6534
7093 6375
7094 6289
7095 6206
7096 6164
7097 7044
7098 6652
7099 6254
7100 6374
7101 6168
7102 6374
7103 6422
7104 7089
7105 6864
7106 6859
7107 6557
7108 6272
7109 6429
7110 6649
7111 6548
7112 6914
7113 6596
7114 6449
7115 6574
7116 6158
7117 6454
7118 6644
7119 6468
7120 6935
7121 7093
7122 6672
7123 6987
7124 6344
7125 6533
7126 6682
7127 6425
7128 6573
7129 6624
7130 6389
7131 6768
7132 6961
7133 6267
7134 6996
7135 6273
7136 6609
7137 6170
7138 6973
7139 6215
7140 6156
7141 6248
7142 6725
7143 6439
7144 6347
7145 6417
7146 6331
7147 6844
7148 6354
7149 6199
7150 6683
7151 7104
7152 6317
7153 6417
7154 6328
7155 6735
7156 6303
7157 6447
7158 6357
7159 6393
7160 6684
7161 6784
7162 6515
7163 6362
7164 6747
7165 6729
7166 6989
7167 6381
7168 7071
7169 7137
7170 7073
7171 6557
7172 6516
7173 6912
7174 6354
7175 6711
7176 6227
7177 6511
7178 6891
7179 6271
7180 6215
7181 6563
7182 6867
7183 7050
7184 6597
7185 6738
7186 6514
7187 6242
7188 6196
7189 6597
7190 6672
7191 6971
7192 6916
7193 6800
7194 7068
7195 7145
7196 6767
7197 7133
7198 6631
7199 6903
7200 6976
7201 6832
7202 6523
7203 6630
7204 6952
7205 6916
7206 6775
7207 6875
7208 6935
7209 6829
7210 6175
7211 6171
7212 6990
7213 6749
7214 6317
7215 6172
7216 6940
7217 6215
7218 6940
7219 6752
7220 6430
7221 6679
7222 7131
7223 6211
7224 6214
7225 6492
7226 7097
7227 6546
7228 6434
7229 6876
7230 6535
7231 6375
7232 6517
7233 6556
7234 6314
7235 7215
7236 6391
7237 7189
7238 6303
7239 6821
7240 6856
7241 6560
7242 6854
7243 6952
7244 6828
7245 7106
7246 7208
7247 6318
7248 7203
7249 7045
7250 6965
7251 6177
7252 6468
7253 7029
7254 6862
7255 7099
7256 6202
7257 7248
7258 6305
7259 7182
7260 7159
7261 6943
7262 6415
7263 6744
7264 6298
7265 7187
7266 6775
7267 6500
7268 6827
7269 6641
7270 7080
7271 6222
7272 6564
7273 7266
7274 7178
7275 6477
7276 7163
7277 6804
7278 6481
7279 6259
7280 6945
7281 7043
7282 6399
7283 6266
7284 7199
7285 6528
7286 6166
7287 6260
7288 6318
7289 7105
7290 6864
7291 6910
7292 6533
7293 6663
7294 6549
7295 6154
7296 6897
7297 6499
7298 6609
7299 6749
7300 6778
7301 6490
7302 7135
7303 6364
7304 7145
7305 7273
7306 6616
7307 6582
7308 6189
7309 6722
7310 6564
7311 6506
7312 7285
7313 6993
7314 6230
7315 6259
7316 6697
7317 6375
7318 6271
7319 6201
7320 6532
7321 6262
7322 7087
7323 6339
7324 6215
7325 7091
7326 6455
7327 6955
7328 6820
7329 6747
7330 6698
7331 6228
7332 6498
7333 7119
7334 7041
7335 7307
7336 7197
7337 6976
7338 6714
7339 6540
7340 6920
7341 6908
7342 6310
7343 6393
7344 6335
7345 7167
7346 6552
7347 7181
7348 6686
7349 7018
7350 6686
7351 7176
7352 6969
7353 6916
7354 6257
7355 7099
7356 7282
7357 6788
7358 6863
7359 7114
7360 6537
7361 6952
7362 6594
7363 6196
7364 6804
7365 6225
7366 6190
7367 6725
7368 6684
7369 7128
7370 7033
7371 6628
7372 7134
7373 6722
7374 7285
7375 6660
7376 6999
7377 6321
7378 6649
7379 7323
7380 7118
7381 7338
7382 6509
7383 7159
7384 7342
7385 6781
7386 6743
7387 6621
7388 6941
7389 6752
7390 6470
7391 7142
7392 6294
7393 6640
7394 6439
7395 6780
7396 7095
7397 6750
7398 7196
7399 7160
7400 7286
7401 7036
7402 6253
7403 6570
7404 7089
7405 6405
7406 6347
7407 6974
7408 6272
7409 7072
7410 6719
7411 7237
7412 6645
7413 6886
7414 6167
7415 6419
7416 6575
7417 7087
7418 6723
7419 6393
7420 6307
7421 7081
7422 6987
7423 7194
7424 6928
7425 6197
7426 6821
7427 6334
7428 7137
7429 7288
7430 6849
7431 6180
7432 7336
7433 7051
7434 6668
7435 6834
7436 6341
7437 6644
7438 6502
7439 6466
7440 6765
7441 6511
7442 6420
7443 6455
7444 6899
7445 6222
7446 7397
7447 6285
7448 6173
7449 6461
7450 7119
7451 7379
7452 7294
7453 6382
7454 6952
7455 6902
7456 6939
7457 6938
7458 6708
7459 6539
7460 7073
7461 7294
7462 6308
7463 6786
7464 6632
7465 6648
7466 7223
7467 6687
7468 6863
7469 6735
7470 7208
7471 7068
7472 6362
7473 6830
7474 6621
7475 6910
7476 7025
7477 6994
7478 7192
7479 6809
7480 6864
7481 7127
7482 7239
7483 6912
7484 6557
7485 6375
7486 6486
7487 7188
7488 6498
7489 7452
7490 6671
7491 7423
7492 6643
7493 6993
7494 7179
7495 6556
7496 6570
7497 6480
7498 7065
7499 6825
7500 7339
7501 7071
7502 7220
7503 7422
7504 6342
7505 6970
7506 6195
7507 6525
7508 6194
7509 6466
7510 6387
7511 7162
7512 6474
7513 6514
7514 7425
7515 7357
7516 6665
7517 7093
7518 6484
7519 6386
7520 6437
7521 7301
7522 6439
7523 6804
7524 7188
7525 6319
7526 6514
7527 7115
7528 6653
7529 7521
7530 7277
7531 6207
7532 7428
7533 6674
7534 6825
7535 6917
7536 7231
7537 6670
7538 6342
7539 6204
7540 6938
7541 7183
7542 6623
7543 6316
7544 6336
7545 7453
7546 7289
7547 6186
7548 7370
7549 6991
7550 6297
7551 7183
7552 6784
7553 6839
7554 7456
7555 7316
7556 6446
7557 6874
7558 7357
7559 6956
7560 6934
7561 6578
7562 7376
7563 7204
7564 6759
7565 7458
7566 6614
7567 6307
7568 6995
7569 6457
7570 6245
7571 6159
7572 6278
7573 6344
7574 7205
7575 6615
7576 6699
7577 6372
7578 7007
7579 7348
7580 7576
7581 6677
7582 6299
7583 6408
7584 6914
7585 6565
7586 7266
7587 6841
7588 6460
7589 7313
7590 7312
7591 6513
7592 6511
7593 6483
7594 6992
7595 6443
7596 6285
7597 6991
7598 6846
7599 7454
7600 6943
7601 6410
7602 6804
7603 6671
7604 6526
7605 6813
7606 7410
7607 6456
7608 6741
7609 6831
7610 6538
7611 6549
7612 6610
7613 6519
7614 7425
7615 6297
7616 6977
7617 7043
7618 7484
7619 6295
7620 7357
7621 7189
7622 6972
7623 7212
7624 6616
7625 6276
7626 7122
7627 6693
7628 7178
7629 6655
7630 7248
7631 6972
7632 6589
7633 6674
7634 6184
7635 7377
7636 6676
7637 6831
7638 7636
7639 7496
7640 7423
7641 7182
7642 7236
7643 6875
7644 7367
7645 7246
7646 7004
7647 7095
7648 7606
7649 6170
7650 6602
7651 6265
7652 7541
7653 6436
7654 6855
7655 7447
7656 7127
7657 6942
7658 6612
7659 6419
7660 7463
7661 6364
7662 6621
7663 6245
7664 6165
7665 6771
7666 6458
7667 7195
7668 6355
7669 6173
7670 7279
7671 6401
7672 7524
7673 6894
7674 7396
7675 7243
7676 6242
7677 6657
7678 7208
7679 6166
7680 7296
7681 6329
7682 7543
7683 7541
7684 6900
7685 6400
7686 6451
7687 7395
7688 6760
7689 7620
7690 6814
7691 7168
7692 6972
7693 6925
7694 6271
7695 6311
7696 6879
7697 6872
7698 6196
7699 7451
7700 6777
7701 6711
7702 6161
7703 7255
7704 6747
7705 6870
7706 7268
7707 7430
7708 6783
7709 6352
7710 7152
7711 6576
7712 6365
7713 6208
7714 7050
7715 6180
7716 6614
7717 6248
7718 7248
7719 6599
7720 7494
7721 7170
7722 6505
7723 6226
7724 6430
7725 6194
7726 7235
7727 6643
7728 6331
7729 6213
7730 7063
7731 6992
7732 6624
7733 6525
7734 7670
7735 6595
7736 7405
7737 6591
7738 6205
7739 7074
7740 7718
7741 6291
7742 6542
7743 6552
7744 6354
7745 6295
7746 6790
7747 6376
7748 7004
7749 7325
7750 7157
7751 6608
7752 6386
7753 7120
7754 6989
7755 7649
7756 6479
7757 6563
7758 7128
7759 6606
7760 6872
7761 6163
7762 7105
7763 6965
7764 7439
7765 7568
7766 7395
7767 6556
7768 6342
7769 7619
7770 7439
7771 7149
7772 7051
7773 7739
7774 6502
7775 6795
7776 7128
7777 7635
7778 7377
7779 6323
7780 7260
7781 6877
7782 7764
7783 7470
7784 6398
7785 6207
7786 7409
7787 6194
7788 6213
7789 6937
7790 7413
7791 6474
7792 7394
7793 6452
7794 6225
7795 7260
7796 6255
7797 6254
7798 6391
7799 7516
7800 6376
7801 6356
7802 6247
7803 6453
7804 6540
7805 6542
7806 6163
7807 7138
7808 6483
7809 6823
7810 7255
7811 6491
7812 7026
7813 7658
7814 6180
7815 6573
7816 6566
7817 7498
7818 7315
7819 7029
7820 6410
7821 7747
7822 6987
7823 6817
7824 6437
7825 7142
7826 6375
7827 6377
7828 7739
7829 6409
7830 7627
7831 6931
7832 7518
7833 6477
7834 7479
7835 6526
7836 7619
7837 6342
7838 6378
7839 7763
7840 7079
7841 6803
7842 6926
7843 7112
7844 7743
7845 7523
7846 7082
7847 7282
7848 6377
7849 7193
7850 6271
7851 6999
7852 6754
7853 6801
7854 6218
7855 7224
7856 7426
7857 7693
7858 6417
7859 6667
7860 6801
7861 6241
7862 7648
7863 6582
7864 6978
7865 6810
7866 7546
7867 6578
7868 7140
7869 6347
7870 6698
7871 6302
7872 6966
7873 7531
7874 7532
7875 7756
7876 6724
7877 6825
7878 7393
7879 7209
7880 7582
7881 6380
7882 6957
7883 6643
7884 7354
7885 7204
7886 6580
7887 7361
7888 6282
7889 6899
7890 6159
7891 6747
7892 6225
7893 7236
7894 6170
7895 6528
7896 6818
7897 7320
7898 6166
7899 7780
7900 7113
7901 6539
7902 6990
7903 7087
7904 7207
7905 7056
7906 6448
7907 6696
7908 7605
7909 6298
7910 7848
7911 6501
7912 7385
7913 6808
7914 6483
7915 7401
7916 7492
7917 7802
7918 7566
7919 6983
7920 7397
7921 7646
7922 7419
7923 7557
7924 6334
7925 6708
7926 6255
7927 7674
7928 6294
7929 7046
7930 7604
7931 7386
7932 7344
7933 7464
7934 6552
7935 7361
7936 6194
7937 6317
7938 6641
7939 6938
7940 6922
7941 7320
7942 7019
7943 6488
7944 6449
7945 6596
7946 6591
7947 7011
7948 6948
7949 6637
7950 6645
7951 7547
7952 6978
7953 7201
7954 6920
7955 7113
7956 6192
7957 6800
7958 7939
7959 7733
7960 7743
7961 7020
7962 7807
7963 6596
7964 7074
7965 6369
7966 7922
7967 7765
7968 6325
7969 6754
7970 6456
7971 7799
7972 6794
7973 7906
7974 6841
7975 7610
7976 7151
7977 7912
7978 7361
7979 7444
7980 7123
7981 6972
7982 7073
7983 6955
7984 6299
7985 6216
7986 6718
7987 6894
7988 989
7989 6872
7990 7596
7991 6312
7992 6237
7993 6990
7994 7454
7995 6583
7996 7276
7997 7791
7998 7537
7999 6697
8000 7125
8001 6967
8002 7162
8003 7995
8004 7790
8005 7481
8006 6233
8007 7637
8008 6842
8009 7161
8010 7970
8011 7514
8012 7844
8013 7208
8014 6151
8015 6997
8016 6690
8017 7463
8018 6381
8019 7417
8020 7029
8021 7837
8022 6331
8023 7518
8024 7066
8025 7496
8026 7866
8027 6516
8028 6750
8029 7392
8030 6597
8031 6636
8032 7647
8033 7397
8034 6982
8035 6258
8036 6177
8037 7995
8038 8022
8039 6615
8040 6809
8041 7109
8042 8036
8043 6729
8044 7061
8045 7472
8046 7800
8047 6862
8048 6198
8049 7095
8050 7649
8051 6622
8052 7052
8053 7277
8054 7584
8055 7297
8056 7284
8057 6727
8058 6733
8059 6855
8060 6735
8061 7702
8062 7623
8063 7092
8064 8021
8065 7787
8066 6210
8067 7444
8068 7905
8069 7434
8070 6416
8071 6268
8072 7112
8073 6502
8074 7447
8075 6201
8076 6485
8077 7291
8078 7986
8079 6345
8080 7399
8081 6519
8082 7496
8083 7347
8084 7850
8085 6858
8086 6753
8087 6660
8088 8041
8089 6934
8090 7810
8091 7920
8092 7208
8093 6576
8094 6984
8095 7397
8096 7960
8097 6413
8098 7261
8099 7071
8100 6919
8101 6629
8102 7988
8103 7461
8104 6158
8105 6851
8106 7223
8107 7614
8108 6431
8109 7708
8110 7890
8111 6936
8112 7367
8113 6579
8114 6696
8115 6977
8116 6610
8117 7524
8118 7673
8119 7653
8120 6382
8121 7190
8122 6319
8123 7794
8124 7621
8125 7166
8126 7513
8127 6966
8128 7050
8129 6219
8130 7133
8131 7909
8132 6193
8133 8013
8134 6420
8135 7008
8136 7892
8137 7313
8138 6294
8139 7240
8140 6593
8141 8104
8142 6281
8143 7687
8144 6596
8145 6276
8146 7561
8147 8121
8148 7052
8149 7961
8150 7896
8151 7244
8152 7533
8153 7913
8154 6242
8155 7576
8156 6324
8157 7961
8158 6417
8159 6380
8160 6788
8161 7734
8162 7122
8163 7175
8164 7225
8165 8032
8166 7262
8167 6556
8168 6928
8169 6466
8170 7235
8171 6902
8172 6302
8173 7737
8174 8084
8175 7347
8176 6801
8177 7789
8178 7991
8179 6371
8180 7794
8181 7131
8182 7649
8183 6724
8184 7539
8185 6229
8186 8127
8187 7214
8188 7834
8189 6584
8190 8093
8191 6476
8192 6298
8193 6201
8194 6740
8195 6671
8196 8128
8197 6976
8198 6463
8199 6500
8200 7182
8201 6252
8202 7156
8203 7468
8204 8083
8205 8086
8206 7927
8207 6487
8208 6848
8209 7322
8210 7998
8211 7561
8212 6783
8213 6841
8214 7195
8215 6966
8216 7792
8217 6437
8218 7885
8219 7265
8220 6816
8221 7035
8222 6626
8223 6192
8224 7768
8225 6816
8226 6752
8227 8118
8228 7799
8229 7468
8230 7805
8231 6214
8232 7870
8233 6651
8234 6806
8235 6825
8236 7962
8237 7727
8238 6666
8239 6937
8240 7542
8241 7459
8242 7773
8243 7070
8244 7164
8245 6339
8246 7484
8247 6558
8248 7755
8249 7609
8250 7497
8251 7845
8252 6952
8253 7858
8254 6651
8255 7934
8256 6327
8257 6255
8258 7772
8259 6716
8260 7690
8261 7269
8262 6883
8263 7008
8264 6702
8265 6941
8266 7853
8267 7602
8268 7561
8269 7004
8270 7796
8271 8029
8272 6564
8273 7804
8274 8234
8275 7319
8276 7736
8277 8010
8278 8015
8279 6318
8280 7145
8281 7514
8282 8096
8283 6524
8284 6381
8285 6950
8286 7414
8287 6436
8288 7510
8289 7883
8290 7090
8291 6505
8292 7071
8293 6250
8294 6649
8295 6900
8296 6792
8297 6244
8298 6581
8299 6195
8300 6316
8301 7678
8302 6167
8303 7330
8304 7881
8305 7178
8306 6892
8307 7324
8308 7169
8309 6780
8310 7419
8311 7369
8312 6293
8313 7759
8314 7013
8315 6213
8316 7451
8317 7198
8318 7662
8319 7669
8320 6988
8321 7174
8322 8199
8323 7001
8324 6284
8325 8122
8326 8225
8327 6397
8328 7860
8329 7943
8330 6653
8331 8122
8332 6369
8333 6524
8334 6660
8335 8172
8336 7213
8337 6444
8338 6712
8339 7763
8340 8087
8341 6955
8342 7334
8343 8334
8344 6778
8345 7876
8346 7974
8347 7729
8348 6634
8349 7218
8350 7519
8351 7106
8352 7473
8353 7903
8354 6778
8355 6858
8356 8355
8357 7256
8358 6370
8359 6862
8360 6956
8361 7838
8362 7457
8363 7336
8364 6691
8365 7006
8366 7144
8367 6584
8368 7475
8369 8074
8370 6945
8371 6845
8372 7609
8373 7047
8374 7526
8375 8163
8376 6303
8377 7761
8378 6707
8379 7725
8380 7721
8381 7050
8382 6604
8383 6595
8384 6215
8385 7091
8386 6191
8387 6612
8388 7540
8389 7297
8390 6220
8391 8282
8392 6393
8393 7573
8394 6274
8395 6892
8396 7295
8397 8021
8398 7431
8399 8035
8400 8198
8401 7821
8402 6962
8403 7309
8404 6721
8405 7518
8406 6438
8407 7884
8408 8035
8409 6410
8410 7651
8411 8255
8412 7074
8413 6254
8414 7624
8415 7927
8416 7902
8417 7239
8418 6715
8419 7614
8420 8139
8421 7927
8422 7325
8423 6343
8424 6811
8425 8265
8426 8166
8427 7972
8428 7276
8429 8399
8430 6834
8431 6218
8432 7991
8433 6995
8434 7772
8435 6709
8436 6241
8437 7394
8438 7368
8439 8258
8440 6821
8441 7328
8442 6651
8443 6265
8444 6678
8445 6607
8446 7274
8447 7446
8448 6781
8449 7176
8450 8096
8451 8430
8452 8000
8453 7928
8454 7970
8455 7643
8456 7350
8457 7541
8458 7294
8459 8204
8460 6284
8461 8118
8462 6873
8463 6212
8464 6590
8465 7182
8466 7868
8467 8219
8468 6880
8469 6898
8470 8189
8471 7710
8472 7088
8473 8126
8474 6379
8475 7097
8476 6704
8477 7476
8478 7116
8479 8106
8480 6164
8481 7577
8482 7547
8483 6465
8484 7390
8485 8327
8486 7751
8487 7373
8488 6980
8489 6513
8490 6898
8491 8092
8492 7055
8493 7434
8494 7538
8495 8460
8496 7951
8497 7130
8498 7919
8499 8316
8500 8463
8501 7726
8502 7447
8503 7942
8504 6318
8505 6909
8506 8449
8507 7788
8508 6272
8509 6382
8510 7970
8511 8433
8512 7651
8513 7055
8514 7703
8515 8051
8516 7315
8517 7137
8518 7585
8519 7861
8520 8198
8521 7965
8522 8206
8523 7327
8524 6299
8525 6361
8526 8459
8527 6671
8528 8130
8529 6689
8530 7621
8531 7095
8532 7345
8533 8295
8534 6503
8535 8104
8536 6531
8537 6959
8538 8401
8539 6385
8540 7874
8541 7019
8542 7390
8543 7699
8544 6505
8545 6196
8546 7902
8547 7442
8548 7924
8549 7944
8550 6738
8551 7480
8552 7145
8553 7742
8554 6154
8555 7428
8556 6946
8557 6285
8558 8202
8559 7873
8560 8169
8561 8409
8562 7628
8563 7638
8564 7552
8565 7467
8566 7641
8567 8157
8568 7007
8569 6358
8570 7325
8571 6580
8572 8352
8573 8453
8574 6516
8575 6406
8576 7719
8577 7890
8578 7316
8579 6577
8580 7123
8581 6394
8582 6529
8583 6990
8584 7120
8585 7279
8586 7515
8587 7162
8588 8267
8589 8197
8590 6432
8591 7014
8592 6447
8593 6709
8594 7041
8595 6713
8596 6960
8597 6972
8598 8210
8599 7162
8600 7410
8601 7913
8602 7660
8603 8381
8604 7381
8605 8411
8606 7786
8607 6753
8608 7525
8609 7872
8610 6431
8611 7383
8612 6595
8613 6202
8614 8475
8615 8423
8616 6406
8617 7664
8618 6936
8619 7869
8620 6185
8621 7121
8622 8361
8623 7559
8624 6672
8625 6373
8626 8090
8627 8143
8628 8365
8629 8442
8630 7018
8631 7113
8632 7381
8633 7932
8634 8569
8635 8371
8636 7946
8637 6557
8638 6727
8639 6950
8640 8244
8641 7535
8642 7442
8643 7083
8644 8237
8645 7941
8646 8591
8647 6713
8648 7306
8649 7413
8650 7247
8651 6319
8652 7468
8653 6761
8654 6927
8655 7035
8656 6909
8657 6621
8658 7898
8659 7029
8660 7808
8661 7699
8662 7855
8663 7108
8664 6996
8665 8416
8666 8486
8667 6705
8668 8067
8669 6572
8670 7026
8671 7085
8672 7384
8673 8381
8674 6336
8675 7275
8676 7921
8677 6205
8678 8166
8679 6322
8680 7551
8681 8675
8682 6903
8683 8241
8684 7860
8685 8478
8686 7787
8687 6644
8688 7614
8689 6638
8690 6371
8691 8175
8692 7005
8693 7769
8694 7276
8695 7524
8696 7550
8697 8056
8698 8382
8699 7525
8700 7959
8701 7015
8702 7183
8703 7039
8704 8275
8705 8400
8706 7523
8707 8207
8708 7915
8709 7616
8710 6276
8711 6674
8712 7273
8713 7281
8714 7213
8715 6985
8716 6569
8717 7847
8718 6621
8719 7734
8720 7962
8721 8131
8722 7388
8723 7707
8724 6710
8725 6715
8726 6302
8727 8132
8728 6339
8729 7104
8730 7215
8731 7016
8732 6286
8733 6510
8734 8016
8735 7285
8736 8206
8737 6699
8738 6445
8739 8409
8740 7108
8741 7825
8742 6806
8743 7626
8744 7632
8745 6247
8746 7140
8747 6514
8748 8550
8749 8676
8750 6860
8751 8704
8752 6585
8753 7880
8754 7330
8755 7948
8756 7163
8757 7225
8758 8348
8759 7646
8760 6761
8761 6572
8762 8601
8763 7946
8764 8162
8765 7497
8766 7780
8767 6881
8768 7510
8769 7947
8770 7985
8771 7168
8772 6486
8773 7469
8774 7918
8775 7850
8776 7309
8777 8458
8778 6249
8779 7011
8780 8647
8781 8630
8782 8568
8783 6820
8784 7381
8785 7890
8786 8602
8787 6225
8788 6955
8789 6852
8790 8158
8791 6677
8792 7201
8793 7576
8794 7951
8795 6479
8796 6170
8797 7393
8798 7510
8799 6546
8800 6327
8801 7198
8802 6653
8803 8045
8804 7647
8805 6262
8806 7503
8807 7471
8808 7447
8809 7568
8810 7256
8811 8434
8812 7566
8813 6211
8814 7683
8815 6909
8816 7210
8817 8572
8818 6926
8819 6310
8820 7966
8821 8555
8822 8583
8823 8539
8824 6289
8825 7221
8826 7897
8827 8666
8828 6249
8829 7309
8830 6602
8831 6706
8832 6520
8833 7542
8834 7759
8835 6744
8836 6421
8837 8779
8838 8590
8839 6240
8840 8457
8841 6499
8842 6986
8843 7837
8844 7161
8845 7173
8846 8423
8847 6704
8848 7061
8849 6738
8850 7410
8851 6447
8852 6206
8853 7390
8854 7562
8855 6390
8856 8478
8857 8314
8858 7731
8859 6208
8860 6290
8861 7957
8862 7507
8863 6689
8864 8406
8865 7814
8866 7032
8867 6898
8868 7783
8869 8812
8870 6275
8871 7763
8872 6372
8873 6478
8874 6978
8875 7085
8876 7782
8877 6723
8878 7260
8879 8551
8880 6369
8881 7068
8882 8545
8883 8117
8884 7079
8885 6653
8886 6698
8887 8627
8888 6763
8889 6796
8890 7011
8891 7003
8892 7340
8893 8105
8894 6516
8895 6761
8896 8549
8897 8647
8898 7297
8899 7862
8900 6272
8901 7321
8902 8613
8903 7072
8904 6578
8905 7702
8906 7880
8907 8366
8908 6880
8909 7974
8910 7406
8911 7824
8912 8360
8913 6570
8914 8543
8915 7627
8916 7745
8917 6248
8918 8730
8919 7093
8920 8607
8921 7565
8922 7502
8923 8921
8924 7334
8925 7634
8926 6544
8927 7942
8928 8175
8929 7215
8930 8599
8931 8510
8932 6390
8933 8467
8934 6964
8935 7185
8936 8874
8937 8685
8938 6414
8939 6846
8940 6815
8941 6845
8942 6489
8943 6156
8944 8129
8945 7249
8946 8856
8947 7449
8948 6662
8949 6864
8950 7826
8951 8322
8952 7722
8953 7767
8954 7730
8955 6336
8956 6698
8957 8454
8958 6544
8959 7354
8960 6580
8961 6828
8962 8763
8963 6302
8964 8222
8965 8089
8966 8936
8967 6727
8968 6684
8969 6165
8970 6694
8971 6853
8972 6891
8973 6407
8974 8345
8975 8568
8976 8799
8977 7808
8978 7586
8979 6999
8980 8287
8981 6324
8982 8630
8983 6906
8984 7214
8985 7709
8986 8572
8987 6344
8988 6914
8989 7280
8990 7754
8991 7200
8992 6499
8993 8101
8994 7138
8995 6290
8996 8144
8997 8171
8998 8417
8999 7179
9000 7992
9001 8138
9002 6569
9003 7743
9004 8642
9005 7695
9006 7345
9007 6544
9008 8421
9009 7691
9010 7710
9011 7672
9012 8091
9013 7620
9014 7862
9015 8870
9016 8431
9017 8939
9018 7321
9019 6339
9020 8156
9021 7005
9022 7055
9023 7226
9024 6662
9025 8434
9026 8578
9027 6659
9028 7187
9029 7305
9030 8451
9031 8506
9032 8031
9033 8994
9034 7892
9035 8006
9036 7424
9037 8042
9038 6711
9039 6946
9040 6584
9041 7063
9042 6553
9043 7563
9044 8933
9045 8593
9046 7868
9047 8241
9048 6783
9049 7614
9050 8594
9051 6526
9052 8719
9053 6694
9054 8479
9055 7198
9056 6843
9057 6592
9058 7639
9059 8772
9060 8739
9061 7604
9062 7425
9063 8978
9064 7420
9065 8395
9066 8542
9067 8121
9068 8881
9069 8378
9070 6618
9071 7363
9072 8874
9073 7590
9074 6550
9075 8356
9076 8335
9077 7802
9078 7869
9079 9045
9080 9069
9081 7129
9082 8203
9083 7189
9084 7605
9085 7300
9086 7009
9087 6731
9088 8323
9089 8822
9090 8113
9091 8331
9092 8718
9093 7595
9094 6150
9095 8225
9096 8144
9097 7908
9098 7508
9099 7854
9100 7080
9101 7022
9102 8275
9103 6766
9104 8704
9105 6206
9106 8179
9107 8523
9108 7963
9109 8463
9110 7452
9111 7530
9112 9079
9113 7860
9114 6801
9115 6272
9116 6406
9117 8086
9118 9064
9119 8062
9120 6950
9121 7088
9122 8649
9123 8305
9124 7140
9125 9006
9126 8016
9127 7712
9128 7151
9129 7453
9130 7090
9131 7852
9132 8620
9133 8582
9134 9036
9135 7597
9136 9071
9137 8867
9138 6515
9139 7717
9140 8575
9141 7520
9142 6736
9143 7373
9144 7691
9145 6151
9146 8931
9147 7918
9148 7097
9149 8701
9150 7111
9151 8035
9152 7224
9153 6926
9154 7545
9155 8377
9156 7091
9157 7741
9158 8450
9159 7585
9160 7824
9161 9026
9162 8728
9163 6288
9164 8215
9165 8994
9166 8872
9167 8662
9168 7877
9169 6895
9170 7607
9171 8277
9172 8425
9173 7181
9174 6996
9175 6945
9176 6476
9177 9010
9178 6716
9179 6712
9180 7280
9181 6967
9182 8910
9183 7579
9184 7459
9185 7589
9186 8322
9187 6387
9188 6882
9189 8537
9190 6548
9191 9157
9192 7712
9193 7048
9194 7124
9195 7758
9196 6718
9197 8363
9198 8851
9199 8852
9200 6670
9201 6620
9202 8331
9203 8121
9204 7004
9205 7287
9206 6648
9207 6206
9208 7463
9209 6954
9210 7252
9211 6870
9212 7237
9213 8422
9214 8496
9215 7134
9216 8469
9217 8092
9218 7286
9219 7771
9220 8617
9221 6273
9222 6794
9223 7526
9224 7931
9225 8146
9226 8590
9227 9202
9228 9167
9229 6880
9230 8226
9231 9021
9232 9098
9233 9181
9234 6805
9235 6809
9236 7144
9237 9213
9238 8019
9239 6854
9240 7806
9241 6450
9242 8843
9243 6888
9244 6229
9245 7481
9246 7780
9247 8336
9248 8940
9249 7427
9250 6644
9251 6609
9252 6458
9253 8885
9254 6727
9255 8680
9256 7442
9257 7432
9258 6978
9259 8581
9260 8389
9261 8945
9262 6257
9263 8085
9264 6651
9265 7802
9266 8944
9267 9024
9268 7055
9269 8767
9270 8675
9271 8863
9272 8025
9273 8331
9274 8931
9275 8833
9276 7429
9277 8824
9278 7511
9279 7423
9280 6267
9281 8450
9282 7536
9283 9152
9284 6473
9285 6517
9286 6503
9287 8403
9288 8109
9289 7094
9290 7875
9291 8056
9292 7615
9293 8279
9294 8216
9295 7620
9296 9204
9297 7068
9298 6916
9299 7987
9300 6236
9301 7150
9302 7429
9303 8881
9304 7906
9305 6827
9306 8793
9307 7110
9308 7674
9309 9292
9310 8219
9311 6789
9312 8212
9313 7014
9314 7145
9315 6393
9316 9054
9317 8450
9318 6983
9319 7871
9320 8885
9321 8765
9322 8553
9323 9119
9324 6370
9325 7832
9326 8086
9327 7072
9328 8723
9329 8001
9330 7074
9331 6990
9332 8293
9333 7689
9334 8079
9335 9112
9336 7236
9337 6932
9338 6260
9339 7119
9340 6449
9341 9004
9342 7971
9343 8976
9344 7936
9345 9318
9346 7997
9347 7174
9348 6310
9349 8603
9350 6935
9351 7194
9352 8951
9353 8492
9354 8666
9355 7266
9356 7774
9357 6798
9358 6980
9359 6393
9360 8123
9361 9023
9362 6253
9363 7307
9364 6160
9365 6496
9366 6748
9367 6798
9368 7131
9369 6861
9370 6740
9371 7691
9372 7809
9373 9144
9374 7590
9375 7963
9376 8829
9377 8930
9378 9200
9379 8108
9380 8226
9381 7232
9382 6769
9383 8679
9384 7797
9385 8435
9386 6687
9387 7003
9388 7818
9389 7545
9390 7413
9391 8204
9392 7215
9393 6709
9394 8503
9395 8041
9396 7061
9397 9187
9398 8921
9399 6224
9400 9072
9401 7410
9402 7757
9403 7546
9404 8595
9405 9016
9406 6698
9407 8710
9408 9186
9409 8342
9410 9283
9411 8426
9412 9027
9413 7089
9414 7150
9415 9246
9416 6228
9417 7082
9418 6814
9419 8561
9420 6605
9421 6191
9422 6496
9423 7130
9424 7518
9425 7420
9426 7859
9427 7865
9428 6504
9429 8898
9430 8312
9431 6799
9432 8694
9433 8744
9434 6526
9435 7144
9436 9277
9437 6469
9438 6835
9439 6665
9440 9084
9441 7131
9442 8337
9443 6768
9444 8199
9445 9391
9446 6324
9447 7366
9448 8861
9449 6194
9450 6283
9451 7289
9452 8717
9453 7442
9454 7844
9455 6305
9456 8281
9457 8615
9458 6618
9459 6355
9460 6812
9461 8846
9462 8712
9463 7987
9464 6500
9465 6174
9466 7630
9467 9128
9468 7887
9469 8502
9470 989
9471 6411
9472 6204
9473 8092
9474 7961
9475 8662
9476 7108
9477 8313
9478 6567
9479 7220
9480 6365
9481 8026
9482 8846
9483 6772
9484 7257
9485 9305
9486 6170
9487 6529
9488 9260
9489 6638
9490 8308
9491 6243
9492 7561
9493 9174
9494 8880
9495 6321
9496 8114
9497 7412
9498 8275
9499 6479
9500 7194
9501 7027
9502 8143
9503 7905
9504 6611
9505 8997
9506 7124
9507 8990
9508 8042
9509 7375
9510 8601
9511 8698
9512 8754
9513 7494
9514 7372
9515 7246
9516 8470
9517 7188
9518 7657
9519 6961
9520 6891
9521 7789
9522 9455
9523 8448
9524 8477
9525 7435
9526 8307
9527 7163
9528 7959
9529 9214
9530 8845
9531 7516
9532 7686
9533 8188
9534 8377
9535 7297
9536 7135
9537 6330
9538 8325
9539 7907
9540 6565
9541 9073
9542 6393
9543 8648
9544 8895
9545 6871
9546 6235
9547 6325
9548 8103
9549 7467
9550 8126
9551 6512
9552 6154
9553 6948
9554 9410
9555 6891
9556 8387
9557 7067
9558 8183
9559 9527
9560 7070
9561 8100
9562 8980
9563 6947
9564 9481
9565 6786
9566 8247
9567 7822
9568 8292
9569 7840
9570 6411
9571 8614
9572 9458
9573 8192
9574 7327
9575 7544
9576 6574
9577 7391
9578 8285
9579 6166
9580 7356
9581 8487
9582 6983
9583 8112
9584 8695
9585 8484
9586 6990
9587 9204
9588 8626
9589 7272
9590 7257
9591 6360
9592 8063
9593 8651
9594 7533
9595 8702
9596 6921
9597 7555
9598 9574
9599 8516
9600 9523
9601 7302
9602 8212
9603 9359
9604 9357
9605 8859
9606 6413
9607 7435
9608 6431
9609 7912
9610 6893
9611 8969
9612 7028
9613 9303
9614 7109
9615 8059
9616 8487
9617 8440
9618 6261
9619 6303
9620 9127
9621 6641
9622 7363
9623 6557
9624 8676
9625 9074
9626 9352
9627 6313
9628 7194
9629 6441
9630 9254
9631 9055
9632 7752
9633 9192
9634 6640
9635 9345
9636 8523
9637 8642
9638 7103
9639 8516
9640 6196
9641 8505
9642 7437
9643 8609
9644 8462
9645 8507
9646 6171
9647 7308
9648 9039
9649 6376
9650 9101
9651 8151
9652 7543
9653 7702
9654 989
9655 8000
9656 9471
9657 8081
9658 9626
9659 8973
9660 7495
9661 8116
9662 7962
9663 9579
9664 7571
9665 9162
9666 8734
9667 8183
9668 8435
9669 7541
9670 6559
9671 8483
9672 6992
9673 8627
9674 7053
9675 7907
9676 6930
9677 9124
9678 6184
9679 9433
9680 6881
9681 9429
9682 7888
9683 8006
9684 6421
9685 9288
9686 8703
9687 8983
9688 7093
9689 9417
9690 6958
9691 7685
9692 7461
9693 6554
9694 6358
9695 9018
9696 8358
9697 7813
9698 9181
9699 9687
9700 6654
9701 7733
9702 8583
9703 8085
9704 9234
9705 6596
9706 8714
9707 8851
9708 8112
9709 6544
9710 9677
9711 6725
9712 9639
9713 7981
9714 9572
9715 8099
9716 6918
9717 9349
9718 8361
9719 8861
9720 6274
9721 8905
9722 8369
9723 9657
9724 8282
9725 6413
9726 8498
9727 7098
9728 7046
9729 8655
9730 6389
9731 7119
9732 8041
9733 7041
9734 7286
9735 6591
9736 7432
9737 6550
9738 7810
9739 8519
9740 7451
9741 6769
9742 7638
9743 7875
9744 6210
9745 6466
9746 7648
9747 6265
9748 8895
9749 6319
9750 7399
9751 9705
9752 9717
9753 9081
9754 8997
9755 6793
9756 8839
9757 7404
9758 9649
9759 7878
9760 7810
9761 6255
9762 9139
9763 8017
9764 8907
9765 9145
9766 7234
9767 8489
9768 7099
9769 8056
9770 8841
9771 9560
9772 9290
9773 8870
9774 9098
9775 8879
9776 7573
9777 8944
9778 6785
9779 8140
9780 7428
9781 6934
9782 9651
9783 8497
9784 6190
9785 8245
9786 9235
9787 6600
9788 9593
9789 6672
9790 6938
9791 8328
9792 9407
9793 9086
9794 9385
9795 6696
9796 6405
9797 7357
9798 6889
9799 6995
9800 9162
9801 7347
9802 6293
9803 7378
9804 9511
9805 7512
9806 7782
9807 6883
9808 9013
9809 8245
9810 7547
9811 6662
9812 6681
9813 6552
9814 9604
9815 8433
9816 8284
9817 6766
9818 8924
9819 7009
9820 8024
9821 9055
9822 7835
9823 7190
9824 7027
9825 6873
9826 9544
9827 8095
9828 9135
9829 8046
9830 6451
9831 8258
9832 9382
9833 7126
9834 6642
9835 7334
9836 7876
9837 9750
9838 9119
9839 9798
9840 6173
9841 6587
9842 8921
9843 8954
9844 7383
9845 8503
9846 8437
9847 7826
9848 9128
9849 9814
9850 7575
9851 6500
9852 8726
9853 9811
9854 8585
9855 7113
9856 7176
9857 8525
9858 9366
9859 7412
9860 8287
9861 9387
9862 8198
9863 7918
9864 6554
9865 7356
9866 9577
9867 8071
9868 7956
9869 7231
9870 6569
9871 7973
9872 9602
9873 7977
9874 7837
9875 6991
9876 9063
9877 8226
9878 7325
9879 8413
9880 8731
9881 6712
9882 7904
9883 8634
9884 9561
9885 9443
9886 8330
9887 6886
9888 6550
9889 8465
9890 7524
9891 8476
9892 6348
9893 9748
9894 6832
9895 6625
9896 8252
9897 6236
9898 6235
9899 7392
9900 7386
9901 9486
9902 9315
9903 8792
9904 7566
9905 8575
9906 6987
9907 7053
9908 6730
9909 7289
9910 9618
9911 7660
9912 9433
9913 7749
9914 7763
9915 8333
9916 8880
9917 6807
9918 6995
9919 6471
9920 7896
9921 6422
9922 7136
9923 7087
9924 8838
9925 8905
9926 7503
9927 9119
9928 8438
9929 8719
9930 9232
9931 9120
9932 9859
9933 8416
9934 8081
9935 9005
9936 8942
9937 8786
9938 7315
9939 7886
9940 7952
9941 8477
9942 9101
9943 8427
9944 9057
9945 7374
9946 9246
9947 8819
9948 8765
9949 7976
9950 6880
9951 7289
9952 7295
9953 8154
9954 9112
9955 7781
9956 6293
9957 7211
9958 9458
9959 8738
9960 9465
9961 7807
9962 8653
9963 6694
9964 7881
9965 8447
9966 9484
9967 7757
9968 8478
9969 6856
9970 7872
9971 7659
9972 6444
9973 9516
9974 9286
9975 8891
9976 6331
9977 9032
9978 7384
9979 8841
9980 9449
9981 6853
9982 8062
9983 7691
9984 6646
9985 9015
9986 9766
9987 6268
9988 6477
9989 8601
9990 8011
9991 8808
9992 9157
9993 9667
9994 9842
9995 6931
9996 9992
9997 6706
9998 8138
9999 8766
10000 9861
