10000 10099
2 1
3 2
4 3
5 4
6 5
7 6
8 7
9 8
10 9
11 10
12 11
13 12
14 13
15 14
16 15
17 16
18 17
19 18
19 1
20 5
21 20
22 21
23 22
24 23
25 24
25 5
26 18
27 26
28 27
29 28
29 18
30 16
31 30
32 30
33 31
34 32
35 16
36 33
37 36
38 35
39 33
40 16
41 34
42 39
43 40
44 37
45 34
46 44
47 42
48 42
49 31
50 41
51 16
52 42
53 34
54 49
55 42
56 45
57 37
58 32
59 45
60 31
61 41
62 46
63 56
64 32
65 32
66 49
67 44
68 51
69 59
70 68
71 36
72 54
73 49
74 49
75 43
76 64
77 16
78 44
79 77
80 74
81 41
82 41
83 64
84 44
85 62
86 79
87 40
88 66
89 77
90 33
91 77
92 16
93 41
94 86
95 39
96 57
97 50
98 91
99 59
100 28
101 100
102 101
103 102
104 103
105 104
106 105
107 106
108 107
109 108
110 109
111 110
112 111
113 112
114 113
115 114
116 115
117 116
118 117
119 118
120 119
121 120
122 121
123 122
124 123
125 124
126 125
127 126
128 127
129 128
130 129
131 130
132 131
132 28
133 35
134 133
135 134
136 135
137 136
138 137
139 138
140 139
141 140
142 141
143 142
144 143
145 144
146 145
147 146
148 147
149 148
150 149
150 35
151 131
152 151
153 152
154 153
155 154
156 155
157 156
158 157
159 158
160 159
161 160
162 161
163 162
164 163
165 164
166 165
167 166
168 167
169 168
170 169
171 170
172 171
173 172
174 173
175 174
176 175
177 176
178 177
179 178
179 131
180 175
181 175
182 180
183 180
184 181
185 180
186 175
187 181
188 183
189 183
190 181
191 190
192 187
193 181
194 175
195 185
196 180
197 195
198 189
199 180
200 193
201 186
202 175
203 185
204 194
205 182
206 181
207 194
208 188
209 193
210 200
211 187
212 200
213 196
214 184
215 214
216 215
217 196
218 184
219 194
220 198
221 216
222 184
223 211
224 188
225 203
226 187
227 211
228 204
229 175
230 189
231 189
232 198
233 218
234 227
235 229
236 80
237 80
238 236
239 238
240 238
241 80
242 238
243 239
244 239
245 244
246 80
247 240
248 242
249 245
250 245
251 241
252 236
253 241
254 249
255 253
256 240
257 80
258 249
259 241
260 239
261 237
262 239
263 257
264 258
265 247
266 247
267 259
268 262
269 266
270 266
271 246
272 239
273 263
274 242
275 252
276 266
277 268
278 271
279 256
280 269
281 240
282 249
283 257
284 266
285 277
286 252
287 269
288 280
289 251
290 265
291 246
292 285
293 284
294 239
295 293
296 260
297 250
298 297
299 298
300 299
301 300
302 301
303 302
304 303
305 304
306 305
307 306
308 307
309 308
310 309
311 310
312 311
313 312
314 313
315 314
316 315
317 316
318 317
319 318
320 319
321 320
322 321
323 322
324 323
325 324
326 325
327 326
328 327
329 328
330 329
331 330
332 331
333 332
334 333
335 334
336 335
337 336
338 337
339 338
340 339
341 340
342 341
343 342
344 343
345 344
346 345
347 346
348 347
349 348
350 349
351 350
352 351
353 352
354 353
355 354
355 250
356 306
357 356
358 357
359 358
360 359
361 360
362 361
363 362
364 363
365 364
366 365
367 366
368 367
369 368
370 369
371 370
372 371
373 372
374 373
375 374
376 375
377 376
378 377
379 378
380 379
381 380
382 381
383 382
384 383
385 384
386 385
387 386
388 387
389 388
390 389
391 390
392 391
393 392
394 393
395 394
396 395
397 396
398 397
399 398
400 399
401 400
402 401
403 402
404 403
405 404
406 405
407 406
408 407
409 408
410 409
411 410
412 411
413 412
414 413
415 414
416 415
417 416
418 417
419 418
420 419
421 420
422 421
423 422
424 423
425 424
426 425
427 426
428 427
429 428
430 429
431 430
432 431
433 432
434 433
435 434
435 306
436 419
437 419
438 436
439 437
440 436
441 419
442 440
443 441
444 437
445 441
446 438
447 439
448 440
449 448
450 447
451 439
452 439
453 449
454 436
455 447
456 450
457 455
458 456
459 451
460 451
461 443
462 450
463 459
464 450
465 443
466 455
467 440
468 442
469 450
470 463
471 464
472 454
473 441
474 451
475 468
476 457
477 436
478 458
479 449
480 436
481 419
482 453
483 453
484 456
485 467
486 460
487 457
488 478
489 470
490 485
491 470
492 478
493 469
494 464
495 477
496 458
497 480
498 479
499 437
500 470
501 475
502 449
503 473
504 467
505 479
506 504
507 448
508 500
509 478
510 458
511 459
512 438
513 438
514 464
515 466
516 510
517 437
518 516
519 471
520 511
521 493
522 498
523 457
524 452
525 459
526 518
527 494
528 492
529 479
530 486
531 530
532 486
533 530
534 530
535 534
536 532
537 534
538 531
539 536
540 538
541 530
542 533
543 534
544 543
545 533
546 534
547 544
548 532
549 543
550 538
551 538
552 530
553 550
554 541
555 554
556 547
557 533
558 554
559 540
560 547
561 552
562 531
563 542
564 557
565 557
566 563
567 486
568 554
569 558
570 569
571 548
572 556
573 533
574 532
575 570
576 536
577 574
578 553
579 570
580 554
581 549
582 560
583 565
584 549
585 557
586 576
587 551
588 530
589 534
590 565
591 585
592 579
593 560
594 536
595 549
596 570
597 578
598 535
599 542
600 561
601 548
602 539
603 599
604 537
605 569
606 590
607 558
608 534
609 533
610 595
611 598
612 593
613 536
614 569
615 546
616 604
617 602
618 571
619 555
620 538
621 613
622 583
623 548
624 71
625 71
626 624
627 625
628 625
629 625
630 71
631 71
632 630
633 632
634 632
635 631
636 635
637 627
638 624
639 631
640 71
641 638
642 637
643 636
644 625
645 643
646 644
647 645
648 71
649 638
650 637
651 648
652 635
653 635
654 651
655 638
656 646
657 639
658 645
659 655
660 636
661 627
662 654
663 71
664 661
665 630
666 640
667 627
668 633
669 633
670 654
671 660
672 531
673 672
674 673
675 674
676 675
677 676
678 677
679 678
680 679
681 680
682 681
683 682
684 683
685 684
686 685
687 686
688 687
689 688
690 689
691 690
692 691
693 692
694 693
695 694
696 695
697 696
698 697
699 698
700 699
701 700
702 701
703 702
704 703
705 704
706 705
707 706
708 707
709 708
710 709
711 710
712 711
713 712
714 713
715 714
716 715
717 716
718 717
719 718
720 719
721 720
722 721
723 722
724 723
725 724
726 725
727 726
728 727
729 728
730 729
731 730
732 731
733 732
733 531
734 718
735 734
736 734
737 736
738 735
739 737
740 737
741 718
742 741
743 742
744 740
745 743
746 744
747 742
748 735
749 735
750 737
751 735
752 734
753 746
754 734
755 754
756 734
757 756
758 743
759 756
760 751
761 758
762 740
763 744
764 741
765 745
766 751
767 68
768 767
769 768
770 769
771 770
772 771
773 772
774 773
775 774
776 775
777 776
778 777
779 778
779 68
780 247
781 780
782 247
783 781
784 781
785 782
786 247
787 782
788 786
789 787
790 780
791 789
792 791
793 787
794 791
795 791
796 788
797 781
798 784
799 798
800 247
801 800
802 786
803 791
804 794
805 786
806 801
807 788
808 807
809 247
810 791
811 780
812 783
813 797
814 785
815 806
816 789
817 247
818 783
819 785
820 785
821 806
822 804
823 787
824 822
825 802
826 796
827 822
828 810
829 781
830 826
831 822
832 792
833 810
834 785
835 789
836 820
837 788
838 809
839 810
840 795
841 826
842 839
843 781
844 804
845 799
846 829
847 833
848 845
849 801
850 806
851 802
852 850
853 817
854 811
855 783
856 824
857 797
858 839
859 858
860 799
861 824
862 855
863 791
864 785
865 811
866 499
867 499
868 499
869 866
870 499
871 870
872 870
873 868
874 867
875 869
876 870
877 872
878 876
879 872
880 879
881 879
882 872
883 873
884 868
885 873
886 130
887 886
888 887
889 888
890 889
891 890
892 891
893 892
894 893
895 894
896 895
897 896
898 897
899 898
900 899
901 900
902 901
903 902
904 903
905 904
906 905
907 906
908 907
909 908
910 909
911 910
912 911
913 912
914 913
915 914
916 915
917 916
918 917
919 918
920 919
921 920
922 921
923 922
924 923
925 924
926 925
927 926
928 927
929 928
930 929
931 930
932 931
933 932
934 933
935 934
936 935
937 936
938 937
939 938
940 939
941 940
942 941
943 942
944 943
945 944
946 945
947 946
948 947
949 948
950 949
951 950
952 951
953 952
954 953
955 954
956 955
957 956
958 957
959 958
960 959
961 960
962 961
963 962
964 963
965 964
966 965
967 966
968 967
969 968
970 969
971 970
972 971
973 972
974 973
975 974
976 975
976 130
977 607
978 977
979 978
980 979
980 607
981 854
982 854
983 981
984 981
985 984
986 985
987 981
988 986
989 982
990 986
991 987
992 990
993 990
994 991
995 989
996 985
997 996
998 995
999 997
1000 983
1001 996
1002 999
1003 992
1004 992
1005 1003
1006 989
1007 981
1008 991
1009 994
1010 998
1011 988
1012 996
1013 989
1014 1009
1015 995
1016 1007
1017 999
1018 1010
1019 995
1020 1011
1021 1019
1022 1016
1023 854
1024 1019
1025 1006
1026 1000
1027 981
1028 1000
1029 1008
1030 1014
1031 982
1032 997
1033 1016
1034 987
1035 1019
1036 1026
1037 1012
1038 1031
1039 854
1040 1002
1041 1004
1042 986
1043 997
1044 1021
1045 1035
1046 997
1047 1002
1048 1030
1049 1033
1050 1041
1051 1006
1052 989
1053 989
1054 1043
1055 998
1056 1035
1057 996
1058 981
1059 1006
1060 1049
1061 1045
1062 1033
1063 1060
1064 981
1065 1010
1066 921
1067 1066
1068 921
1069 1068
1070 1068
1071 921
1072 1069
1073 1070
1074 1071
1075 921
1076 1067
1077 921
1078 1066
1079 1069
1080 921
1081 1071
1082 1073
1083 1068
1084 1068
1085 1073
1086 1071
1087 1066
1088 1079
1089 1085
1090 1069
1091 1090
1092 1084
1093 1069
1094 1066
1095 1083
1096 1073
1097 1071
1098 1072
1099 1080
1100 1067
1101 1099
1102 1074
1103 1072
1104 1093
1105 1072
1106 1093
1107 1066
1108 1083
1109 1099
1110 1100
1111 1072
1112 1105
1113 1086
1114 1082
1115 1087
1116 1081
1117 1079
1118 1117
1119 1110
1120 1109
1121 1094
1122 1099
1123 1122
1124 1066
1125 1094
1126 1121
1127 1078
1128 1099
1129 1077
1130 1086
1131 1130
1132 1093
1133 1083
1134 1127
1135 1070
1136 1072
1137 1088
1138 666
1139 666
1140 1138
1141 1139
1142 1139
1143 1000
1144 1143
1145 1000
1146 1144
1147 1000
1148 1143
1149 1144
1150 1000
1151 1148
1152 1145
1153 1144
1154 1144
1155 1149
1156 1154
1157 1150
1158 1149
1159 1144
1160 1149
1161 1155
1162 1151
1163 1147
1164 1148
1165 1152
1166 1155
1167 1159
1168 1159
1169 1146
1170 1164
1171 1159
1172 1168
1173 1159
1174 1172
1175 1162
1176 1162
1177 1152
1178 1176
1179 1145
1180 1160
1181 1156
1182 1151
1183 1163
1184 1146
1185 1148
1186 1182
1187 1167
1188 1163
1189 1156
1190 1183
1191 1181
1192 1180
1193 1170
1194 1189
1195 1180
1196 1176
1197 1184
1198 1193
1199 1165
1200 1192
1201 1148
1202 1181
1203 1200
1204 1191
1205 1192
1206 1204
1207 1163
1208 1159
1209 1159
1210 1155
1211 1162
1212 1169
1213 1162
1214 1147
1215 1147
1216 1206
1217 1148
1218 1156
1219 1200
1220 1186
1221 1219
1222 1163
1223 1193
1224 1220
1225 1212
1226 1173
1227 1199
1228 1178
1229 1205
1230 277
1231 1230
1232 1231
1233 1232
1234 1233
1235 1234
1236 1235
1237 1236
1238 1237
1239 1238
1240 1239
1240 277
1241 477
1242 477
1243 1242
1244 477
1245 1241
1246 1243
1247 1242
1248 477
1249 1246
1250 1245
1251 1241
1252 1241
1253 1248
1254 1246
1255 477
1256 1245
1257 1256
1258 1252
1259 1247
1260 1250
1261 1245
1262 1246
1263 1243
1264 1249
1265 1251
1266 1248
1267 1256
1268 1260
1269 1251
1270 1253
1271 1258
1272 1257
1273 1246
1274 1247
1275 1258
1276 1257
1277 1247
1278 1247
1279 1243
1280 1274
1281 1248
1282 1244
1283 393
1284 1283
1285 1284
1286 1285
1287 1286
1288 1287
1289 1288
1290 1289
1291 1290
1292 1291
1293 1292
1294 1293
1295 1294
1296 1295
1297 1296
1298 1297
1299 1298
1300 1299
1301 1300
1302 1301
1303 1302
1304 1303
1305 1304
1306 1305
1307 1306
1308 1307
1309 1308
1310 1309
1311 1310
1312 1311
1313 1312
1314 1313
1315 1314
1316 1315
1317 1316
1318 1317
1319 1318
1320 1319
1321 1320
1322 1321
1323 1322
1324 1323
1325 1324
1326 1325
1327 1326
1328 1327
1329 1328
1330 1329
1331 1330
1331 393
1332 780
1333 780
1334 1332
1335 780
1336 1335
1337 1333
1338 1332
1339 1336
1340 1339
1341 1337
1342 1333
1343 1337
1344 1337
1345 1339
1346 1340
1347 1334
1348 1345
1349 1338
1350 1335
1351 1338
1352 1350
1353 1352
1354 1337
1355 1354
1356 1342
1357 1347
1358 1357
1359 1348
1360 1359
1361 1341
1362 1347
1363 1353
1364 1335
1365 1364
1366 1349
1367 1356
1368 1338
1369 1366
1370 1344
1371 1361
1372 1343
1373 1347
1374 1367
1375 1334
1376 1365
1377 1352
1378 1346
1379 1374
1380 1360
1381 1378
1382 1352
1383 1353
1384 1367
1385 1382
1386 1381
1387 1357
1388 1336
1389 1341
1390 1376
1391 1368
1392 91
1393 1392
1394 1393
1395 1393
1396 1393
1397 1395
1398 1395
1399 1392
1400 91
1401 1400
1402 1396
1403 1394
1404 1396
1405 1395
1406 1394
1407 1393
1408 91
1409 1397
1410 1401
1411 1393
1412 1404
1413 1408
1414 91
1415 1392
1416 1405
1417 1413
1418 1417
1419 1413
1420 1396
1421 1408
1422 1396
1423 1418
1424 1416
1425 1413
1426 1419
1427 1418
1428 1406
1429 1418
1430 1392
1431 1404
1432 1417
1433 1410
1434 1423
1435 1426
1436 1425
1437 1410
1438 1422
1439 1411
1440 1422
1441 1416
1442 1412
1443 1422
1444 1397
1445 1422
1446 248
1447 1446
1448 1447
1449 248
1450 1446
1451 1447
1452 1447
1453 1450
1454 1446
1455 1450
1456 1455
1457 1450
1458 1452
1459 1453
1460 1452
1461 1446
1462 248
1463 1446
1464 1447
1465 1448
1466 1450
1467 1460
1468 1461
1469 1453
1470 1455
1471 1457
1472 1471
1473 1471
1474 1463
1475 1469
1476 1464
1477 1451
1478 1471
1479 1473
1480 1466
1481 1464
1482 1450
1483 1451
1484 1463
1485 1470
1486 1447
1487 1446
1488 1466
1489 1488
1490 1468
1491 1463
1492 1459
1493 1491
1494 1449
1495 1475
1496 1482
1497 1469
1498 1466
1499 1489
1500 1473
1501 1487
1502 1492
1503 1501
1504 1491
1505 1483
1506 1451
1507 1495
1508 1465
1509 1495
1510 1455
1511 1496
1512 1467
1513 1472
1514 1481
1515 1456
1516 1505
1517 1488
1518 1499
1519 1507
1520 1481
1521 1456
1522 1511
1523 1446
1524 1472
1525 1502
1526 1524
1527 1448
1528 1478
1529 1500
1530 1524
1531 311
1532 1531
1533 1532
1534 1533
1535 1534
1536 1535
1537 1536
1538 1537
1539 1538
1540 1539
1541 1540
1542 1541
1543 1542
1544 1543
1545 1544
1546 1545
1547 1546
1548 1547
1549 1548
1550 1549
1551 1550
1552 1551
1553 1552
1554 1553
1555 1554
1556 1555
1557 1556
1558 1557
1559 1558
1560 1559
1561 1560
1562 1561
1563 1562
1564 1563
1565 1564
1566 1565
1567 1566
1568 1567
1569 1568
1570 1569
1571 1570
1572 1571
1573 1572
1574 1573
1574 311
1575 1149
1576 1575
1577 1149
1578 1575
1579 1575
1580 1149
1581 1575
1582 1579
1583 1579
1584 1577
1585 1580
1586 1576
1587 1580
1588 1587
1589 1585
1590 1589
1591 1578
1592 1590
1593 1585
1594 1575
1595 1575
1596 1586
1597 1576
1598 1591
1599 1581
1600 1594
1601 1599
1602 1149
1603 1588
1604 1593
1605 1600
1606 1575
1607 1594
1608 1584
1609 1608
1610 1605
1611 1519
1612 1519
1613 1612
1614 1612
1615 1612
1616 1613
1617 1613
1618 1613
1619 1611
1620 1615
1621 1613
1622 1615
1623 1519
1624 1617
1625 1624
1626 1615
1627 1611
1628 1620
1629 1613
1630 1620
1631 1611
1632 1619
1633 1624
1634 1630
1635 1519
1636 1615
1637 1633
1638 1636
1639 1635
1640 1612
1641 1638
1642 1630
1643 1638
1644 1630
1645 1619
1646 1644
1647 1640
1648 1622
1649 1622
1650 1645
1651 1617
1652 1643
1653 1646
1654 1624
1655 1641
1656 1649
1657 916
1658 1657
1659 1658
1660 1659
1661 1660
1662 1661
1663 1662
1664 1663
1665 1664
1666 1665
1667 1666
1668 1667
1669 1668
1670 1669
1671 1670
1672 1671
1673 1672
1674 1673
1675 1674
1676 1675
1677 1676
1678 1677
1679 1678
1680 1679
1681 1680
1682 1681
1683 1682
1684 1683
1685 1684
1686 1685
1687 1686
1688 1687
1689 1688
1690 1689
1691 1690
1692 1691
1693 1692
1694 1693
1694 916
1695 376
1696 1695
1697 1696
1698 1697
1699 1698
1700 1699
1701 1700
1702 1701
1703 1702
1704 1703
1705 1704
1706 1705
1707 1706
1708 1707
1709 1708
1710 1709
1711 1710
1712 1711
1713 1712
1714 1713
1715 1714
1716 1715
1717 1716
1718 1717
1719 1718
1720 1719
1721 1720
1722 1721
1723 1722
1724 1723
1725 1724
1726 1725
1727 1726
1728 1727
1729 1728
1730 1729
1731 1730
1732 1731
1733 1732
1734 1733
1735 1734
1736 1735
1737 1736
1738 1737
1739 1738
1740 1739
1741 1740
1742 1741
1743 1742
1744 1743
1745 1744
1746 1745
1747 1746
1748 1747
1749 1748
1750 1749
1751 1750
1752 1751
1753 1752
1754 1753
1755 1754
1756 1755
1757 1756
1758 1757
1759 1758
1760 1759
1761 1760
1762 1761
1763 1762
1764 1763
1765 1764
1766 1765
1767 1766
1768 1767
1769 1768
1770 1769
1771 1770
1772 1771
1773 1772
1774 1773
1775 1774
1776 1775
1777 1776
1777 376
1778 1179
1779 1778
1780 1779
1781 1780
1782 1781
1783 1782
1784 1783
1785 1784
1786 1785
1787 1786
1788 1787
1789 1788
1790 1789
1791 1790
1792 1791
1793 1792
1794 1793
1795 1794
1796 1795
1797 1796
1798 1797
1799 1798
1800 1799
1801 1800
1802 1801
1803 1802
1804 1803
1805 1804
1806 1805
1807 1806
1808 1807
1809 1808
1810 1809
1811 1810
1812 1811
1813 1812
1814 1813
1815 1814
1816 1815
1817 1816
1818 1817
1819 1818
1820 1819
1821 1820
1822 1821
1822 1179
1823 672
1824 672
1825 1824
1826 672
1827 1826
1828 1827
1829 1828
1830 1828
1831 1830
1832 1826
1833 1067
1834 1067
1835 1071
1836 1071
1837 1835
1838 1837
1839 1836
1840 1835
1841 1071
1842 1071
1843 1841
1844 1843
1845 1836
1846 1842
1847 1844
1848 1839
1849 1843
1850 1843
1851 1850
1852 1847
1853 1837
1854 1842
1855 1842
1856 1840
1857 1849
1858 1857
1859 1837
1860 1837
1861 1850
1862 1840
1863 1852
1864 1640
1865 1864
1866 1640
1867 1864
1868 1640
1869 1868
1870 1869
1871 1865
1872 1867
1873 1871
1874 1870
1875 1870
1876 1868
1877 1871
1878 1872
1879 1867
1880 1872
1881 1880
1882 1870
1883 1876
1884 1874
1885 1876
1886 1868
1887 1881
1888 1870
1889 1875
1890 1881
1891 1872
1892 1884
1893 1890
1894 1888
1895 1894
1896 1885
1897 1869
1898 1874
1899 1866
1900 1897
1901 1867
1902 1876
1903 1865
1904 1868
1905 1881
1906 1640
1907 1896
1908 1890
1909 1878
1910 1902
1911 1033
1912 1033
1913 1033
1914 1033
1915 1912
1916 1915
1917 1911
1918 1912
1919 1917
1920 1912
1921 1918
1922 1914
1923 1915
1924 1920
1925 1921
1926 1920
1927 1916
1928 1925
1929 1923
1930 1913
1931 1924
1932 1917
1933 1917
1934 1921
1935 1428
1936 1935
1937 1935
1938 1935
1939 1938
1940 1428
1941 1937
1942 1941
1943 1428
1944 1940
1945 1428
1946 1942
1947 1937
1948 1946
1949 1945
1950 1936
1951 1936
1952 1938
1953 1944
1954 1943
1955 1941
1956 1937
1957 1943
1958 1956
1959 1941
1960 1938
1961 1950
1962 1935
1963 1958
1964 1945
1965 1944
1966 1957
1967 1947
1968 1428
1969 1968
1970 1942
1971 1941
1972 1955
1973 1940
1974 1944
1975 1957
1976 1937
1977 1952
1978 1946
1979 1949
1980 1961
1981 1950
1982 1938
1983 1949
1984 1949
1985 1977
1986 1976
1987 1942
1988 1957
1989 1950
1990 1944
1991 1971
1992 1938
1993 1945
1994 1956
1995 1985
1996 1968
1997 1950
1998 1936
1999 1971
2000 1964
2001 1945
2002 1972
2003 2000
2004 1986
2005 1988
2006 1998
2007 1949
2008 1977
2009 2005
2010 1997
2011 1988
2012 981
2013 2012
2014 981
2015 2014
2016 1816
2017 1816
2018 2017
2019 2017
2020 1816
2021 2020
2022 2018
2023 2016
2024 1816
2025 2024
2026 2023
2027 2017
2028 2025
2029 2016
2030 2018
2031 2023
2032 2020
2033 2031
2034 2027
2035 863
2036 2035
2037 2036
2038 2037
2039 2038
2040 2039
2041 2040
2042 2041
2043 2042
2044 2043
2045 2044
2046 2045
2047 2046
2048 2047
2049 2048
2050 2049
2051 2050
2052 2051
2053 2052
2054 2053
2055 2054
2056 2055
2057 2056
2058 2057
2059 2058
2060 2059
2061 2060
2062 2061
2063 2062
2064 2063
2065 2064
2066 2065
2067 2066
2068 2067
2069 2068
2070 2069
2071 2070
2072 2071
2073 2072
2074 2073
2075 2074
2076 2075
2077 2076
2078 2077
2079 2078
2080 2079
2081 2080
2082 2081
2083 2082
2084 2083
2085 2084
2086 2085
2086 863
2087 1696
2088 2087
2089 2088
2090 2089
2091 2090
2092 2091
2093 2092
2094 2093
2095 2094
2096 2095
2097 2096
2098 2097
2099 2098
2100 2099
2101 2100
2102 2101
2103 2102
2104 2103
2105 2104
2106 2105
2107 2106
2108 2107
2109 2108
2110 2109
2111 2110
2112 2111
2113 2112
2114 2113
2115 2114
2116 2115
2117 2116
2118 2117
2119 2118
2120 2119
2121 2120
2122 2121
2123 2122
2124 2123
2125 2124
2126 2125
2127 2126
2128 2127
2129 2128
2130 2129
2131 2130
2132 2131
2133 2132
2134 2133
2135 2134
2136 2135
2137 2136
2138 2137
2139 2138
2140 2139
2141 2140
2142 2141
2143 2142
2144 2143
2145 2144
2146 2145
2147 2146
2148 2147
2149 2148
2150 2149
2151 2150
2152 2151
2153 2152
2154 2153
2155 2154
2156 2155
2157 2156
2158 2157
2159 2158
2160 2159
2160 1696
2161 1235
2162 1235
2163 2161
2164 1235
2165 2163
2166 2163
2167 2164
2168 2163
2169 2161
2170 1235
2171 2170
2172 2166
2173 2161
2174 2162
2175 2164
2176 2166
2177 2170
2178 2172
2179 2165
2180 2176
2181 2168
2182 2170
2183 1235
2184 2167
2185 2169
2186 2171
2187 2178
2188 2175
2189 2185
2190 2176
2191 2189
2192 2179
2193 2188
2194 2163
2195 2191
2196 2184
2197 1426
2198 2197
2199 1426
2200 1426
2201 2200
2202 2199
2203 2198
2204 2201
2205 2197
2206 2198
2207 2199
2208 2197
2209 2202
2210 2202
2211 2208
2212 2211
2213 2198
2214 747
2215 747
2216 747
2217 2214
2218 2214
2219 747
2220 2214
2221 2219
2222 2219
2223 2216
2224 2214
2225 2221
2226 2214
2227 2217
2228 2226
2229 2224
2230 2214
2231 2227
2232 2227
2233 2214
2234 2214
2235 2225
2236 2230
2237 2218
2238 2229
2239 2227
2240 2215
2241 2226
2242 2216
2243 2225
2244 2216
2245 2229
2246 2230
2247 2240
2248 2237
2249 2229
2250 2227
2251 2218
2252 2249
2253 2230
2254 2220
2255 2229
2256 2241
2257 2229
2258 2255
2259 2237
2260 2258
2261 2258
2262 2253
2263 2246
2264 2218
2265 2239
2266 2241
2267 2217
2268 2252
2269 2247
2270 2254
2271 2224
2272 2216
2273 2247
2274 2262
2275 2237
2276 2235
2277 2257
2278 2257
2279 2265
2280 2251
2281 2224
2282 2250
2283 2250
2284 2266
2285 2237
2286 2223
2287 2283
2288 2254
2289 2288
2290 2240
2291 2215
2292 2291
2293 2292
2294 2293
2295 2294
2296 2295
2297 2296
2298 2297
2299 2298
2300 2299
2301 2300
2302 2301
2303 2302
2304 2303
2305 2304
2306 2305
2307 2306
2308 2307
2309 2308
2310 2309
2311 2310
2312 2311
2313 2312
2314 2313
2315 2314
2316 2315
2316 2215
2317 697
2318 2317
2319 2318
2320 2319
2321 2320
2322 2321
2323 2322
2324 2323
2325 2324
2326 2325
2327 2326
2328 2327
2329 2328
2330 2329
2331 2330
2332 2331
2333 2332
2334 2333
2335 2334
2336 2335
2337 2336
2338 2337
2339 2338
2340 2339
2341 2340
2342 2341
2343 2342
2344 2343
2345 2344
2346 2345
2347 2346
2348 2347
2349 2348
2350 2349
2351 2350
2351 697
2352 1221
2353 2352
2354 2352
2355 2353
2356 2355
2357 2355
2358 2357
2359 2353
2360 2359
2361 2358
2362 2360
2363 2362
2364 2361
2365 2362
2366 2365
2367 2362
2368 2361
2369 1221
2370 2361
2371 2363
2372 2361
2373 2371
2374 2358
2375 2352
2376 2362
2377 2355
2378 2368
2379 2357
2380 2359
2381 2376
2382 2379
2383 2362
2384 2378
2385 2361
2386 2366
2387 2364
2388 2385
2389 2369
2390 2368
2391 2388
2392 2376
2393 2365
2394 2392
2395 2355
2396 2393
2397 2355
2398 2387
2399 2396
2400 2387
2401 2386
2402 2390
2403 2392
2404 2399
2405 2393
2406 2375
2407 2381
2408 2352
2409 2379
2410 2368
2411 1693
2412 2411
2413 2412
2414 2413
2415 2414
2416 2415
2417 2416
2418 2417
2419 2418
2420 2419
2421 2420
2422 2421
2423 2422
2424 2423
2425 2424
2426 2425
2427 2426
2428 2427
2429 2428
2430 2429
2431 2430
2432 2431
2433 2432
2434 2433
2435 2434
2436 2435
2437 2436
2438 2437
2439 2438
2440 2439
2441 2440
2442 2441
2443 2442
2444 2443
2445 2444
2446 2445
2447 2446
2448 2447
2449 2448
2450 2449
2451 2450
2452 2451
2453 2452
2454 2453
2455 2454
2456 2455
2457 2456
2458 2457
2459 2458
2460 2459
2461 2460
2462 2461
2463 2462
2464 2463
2465 2464
2466 2465
2467 2466
2468 2467
2469 2468
2470 2469
2471 2470
2472 2471
2473 2472
2474 2473
2475 2474
2476 2475
2477 2476
2478 2477
2479 2478
2480 2479
2481 2480
2482 2481
2483 2482
2484 2483
2485 2484
2486 2485
2487 2486
2488 2487
2489 2488
2490 2489
2491 2490
2492 2491
2493 2492
2494 2493
2495 2494
2496 2495
2497 2496
2498 2497
2499 2498
2500 2499
2501 2500
2502 2501
2503 2502
2504 2503
2504 1693
2505 2158
2506 2505
2507 2506
2508 2507
2509 2508
2509 2158
2510 25
2511 2510
2512 2511
2513 2512
2514 2513
2515 2514
2516 2515
2517 2516
2518 2517
2519 2518
2520 2519
2521 2520
2522 2521
2523 2522
2524 2523
2525 2524
2526 2525
2527 2526
2528 2527
2529 2528
2530 2529
2531 2530
2532 2531
2533 2532
2534 2533
2535 2534
2536 2535
2537 2536
2538 2537
2539 2538
2540 2539
2541 2540
2542 2541
2543 2542
2544 2543
2545 2544
2546 2545
2547 2546
2548 2547
2549 2548
2550 2549
2551 2550
2552 2551
2553 2552
2554 2553
2555 2554
2556 2555
2557 2556
2558 2557
2559 2558
2560 2559
2561 2560
2562 2561
2563 2562
2564 2563
2565 2564
2566 2565
2567 2566
2568 2567
2568 25
2569 1997
2570 2569
2571 2570
2572 2571
2573 2572
2574 2573
2575 2574
2576 2575
2577 2576
2578 2577
2579 2578
2580 2579
2581 2580
2582 2581
2583 2582
2584 2583
2585 2584
2586 2585
2587 2586
2588 2587
2589 2588
2590 2589
2591 2590
2592 2591
2593 2592
2594 2593
2595 2594
2596 2595
2597 2596
2598 2597
2599 2598
2600 2599
2601 2600
2602 2601
2603 2602
2604 2603
2605 2604
2606 2605
2607 2606
2608 2607
2609 2608
2610 2609
2611 2610
2612 2611
2613 2612
2614 2613
2615 2614
2616 2615
2617 2616
2618 2617
2619 2618
2620 2619
2621 2620
2622 2621
2623 2622
2624 2623
2625 2624
2626 2625
2627 2626
2628 2627
2629 2628
2630 2629
2631 2630
2632 2631
2633 2632
2634 2633
2635 2634
2636 2635
2637 2636
2638 2637
2639 2638
2640 2639
2641 2640
2642 2641
2643 2642
2644 2643
2645 2644
2646 2645
2647 2646
2647 1997
2648 1253
2649 2648
2650 2649
2651 2650
2652 2651
2653 2652
2654 2653
2655 2654
2656 2655
2657 2656
2658 2657
2659 2658
2660 2659
2661 2660
2662 2661
2663 2662
2664 2663
2665 2664
2666 2665
2667 2666
2668 2667
2669 2668
2670 2669
2671 2670
2672 2671
2673 2672
2674 2673
2675 2674
2676 2675
2677 2676
2678 2677
2679 2678
2680 2679
2681 2680
2682 2681
2683 2682
2684 2683
2685 2684
2686 2685
2687 2686
2688 2687
2689 2688
2690 2689
2691 2690
2692 2691
2693 2692
2694 2693
2695 2694
2696 2695
2697 2696
2698 2697
2699 2698
2700 2699
2701 2700
2702 2701
2703 2702
2704 2703
2705 2704
2706 2705
2707 2706
2708 2707
2709 2708
2710 2709
2711 2710
2712 2711
2713 2712
2714 2713
2715 2714
2716 2715
2717 2716
2718 2717
2719 2718
2720 2719
2721 2720
2722 2721
2722 1253
2723 348
2724 2723
2725 348
2726 2725
2727 2725
2728 2725
2729 348
2730 2726
2731 2726
2732 2731
2733 2723
2734 2727
2735 2733
2736 2723
2737 2728
2738 2731
2739 2736
2740 2724
2741 2732
2742 2734
2743 2726
2744 2728
2745 2728
2746 2739
2747 2723
2748 2730
2749 2729
2750 2739
2751 2729
2752 2735
2753 2745
2754 2747
2755 2725
2756 2734
2757 2723
2758 2746
2759 2743
2760 2736
2761 2754
2762 2745
2763 2727
2764 2734
2765 2756
2766 2730
2767 2765
2768 2756
2769 2754
2770 2769
2771 2744
2772 2764
2773 2739
2774 2742
2775 2774
2776 2751
2777 2773
2778 2737
2779 2760
2780 2726
2781 2769
2782 2756
2783 2746
2784 539
2785 2784
2786 2785
2787 2786
2788 2787
2789 2788
2790 2789
2791 2790
2792 2791
2793 2792
2794 2793
2795 2794
2796 2795
2797 2796
2798 2797
2799 2798
2800 2799
2801 2800
2802 2801
2803 2802
2804 2803
2805 2804
2806 2805
2807 2806
2808 2807
2809 2808
2810 2809
2811 2810
2812 2811
2813 2812
2814 2813
2815 2814
2816 2815
2817 2816
2818 2817
2819 2818
2820 2819
2821 2820
2822 2821
2823 2822
2824 2823
2825 2824
2826 2825
2827 2826
2828 2827
2829 2828
2830 2829
2831 2830
2832 2831
2833 2832
2834 2833
2835 2834
2836 2835
2837 2836
2838 2837
2839 2838
2840 2839
2841 2840
2842 2841
2843 2842
2844 2843
2845 2844
2846 2845
2846 539
2847 2097
2848 2097
2849 2847
2850 2849
2851 2850
2852 2850
2853 2852
2854 2849
2855 2853
2856 2855
2857 2856
2858 2854
2859 2852
2860 2853
2861 2851
2862 2853
2863 2858
2864 2847
2865 2848
2866 2862
2867 2852
2868 2859
2869 2853
2870 2863
2871 2858
2872 2854
2873 2097
2874 2863
2875 909
2876 2875
2877 2876
2878 2875
2879 2877
2880 2876
2881 2877
2882 2880
2883 2875
2884 2877
2885 2879
2886 2879
2887 909
2888 2883
2889 2880
2890 909
2891 2889
2892 2884
2893 2880
2894 2890
2895 2889
2896 2881
2897 2896
2898 2885
2899 2888
2900 2885
2901 2883
2902 2884
2903 2900
2904 2892
2905 2875
2906 2902
2907 2877
2908 2895
2909 2904
2910 2887
2911 2908
2912 909
2913 2880
2914 2889
2915 2889
2916 2909
2917 2880
2918 2887
2919 2898
2920 2878
2921 2892
2922 2876
2923 2877
2924 2881
2925 2921
2926 2913
2927 2886
2928 2900
2929 2926
2930 2877
2931 2909
2932 2922
2933 2928
2934 2886
2935 2910
2936 2906
2937 2879
2938 2935
2939 2933
2940 2890
2941 2935
2942 2900
2943 2933
2944 909
2945 1699
2946 2945
2947 2946
2948 2947
2949 2948
2950 2949
2951 2950
2952 2951
2953 2952
2954 2953
2955 2954
2956 2955
2957 2956
2958 2957
2959 2958
2960 2959
2961 2960
2962 2961
2963 2962
2964 2963
2965 2964
2966 2965
2967 2966
2968 2967
2969 2968
2970 2969
2971 2970
2972 2971
2973 2972
2974 2973
2975 2974
2976 2975
2977 2976
2978 2977
2979 2978
2980 2979
2981 2980
2982 2981
2983 2982
2984 2983
2985 2984
2986 2985
2987 2986
2988 2987
2989 2988
2990 2989
2991 2990
2992 2991
2993 2992
2994 2993
2995 2994
2996 2995
2997 2996
2998 2997
2999 2998
3000 2999
3001 3000
3002 3001
3003 3002
3004 3003
3005 3004
3006 3005
3007 3006
3008 3007
3009 3008
3010 3009
3011 3010
3012 3011
3013 3012
3014 3013
3015 3014
3016 3015
3017 3016
3018 3017
3019 3018
3020 3019
3021 3020
3022 3021
3023 3022
3024 3023
3025 3024
3026 3025
3027 3026
3028 3027
3029 3028
3030 3029
3031 3030
3032 3031
3033 3032
3034 3033
3034 1699
3035 1982
3036 3035
3037 3035
3038 3035
3039 3037
3040 1982
3041 1982
3042 3036
3043 3041
3044 3043
3045 3040
3046 3036
3047 3044
3048 3043
3049 3047
3050 3049
3051 3043
3052 3048
3053 3039
3054 3049
3055 3052
3056 3036
3057 3052
3058 3037
3059 3039
3060 3043
3061 3039
3062 1982
3063 3054
3064 3052
3065 1982
3066 3051
3067 1982
3068 3040
3069 3061
3070 3064
3071 3039
3072 3057
3073 3047
3074 3041
3075 3050
3076 3042
3077 3056
3078 3053
3079 3063
3080 3055
3081 3062
3082 3067
3083 3053
3084 1982
3085 3064
3086 3037
3087 3075
3088 3059
3089 3063
3090 3048
3091 3035
3092 3045
3093 3044
3094 3046
3095 3062
3096 3062
3097 3080
3098 3091
3099 3096
3100 272
3101 3100
3102 3101
3103 3102
3104 3103
3105 3104
3106 3105
3107 3106
3108 3107
3109 3108
3110 3109
3111 3110
3112 3111
3113 3112
3114 3113
3115 3114
3116 3115
3117 3116
3117 272
3118 1120
3119 3118
3120 3119
3121 3120
3122 3121
3123 3122
3124 3123
3125 3124
3126 3125
3127 3126
3128 3127
3129 3128
3130 3129
3131 3130
3132 3131
3133 3132
3134 3133
3135 3134
3136 3135
3136 1120
3137 26
3138 26
3139 3137
3140 3137
3141 26
3142 26
3143 3141
3144 3141
3145 3142
3146 3144
3147 3146
3148 3137
3149 3141
3150 3145
3151 3149
3152 3137
3153 3139
3154 3138
3155 3148
3156 3155
3157 3138
3158 3144
3159 3148
3160 3144
3161 3140
3162 3146
3163 3149
3164 3155
3165 3143
3166 3161
3167 3159
3168 3161
3169 3163
3170 26
3171 3166
3172 26
3173 3146
3174 3142
3175 3148
3176 3145
3177 3164
3178 3146
3179 3141
3180 3141
3181 3162
3182 3146
3183 3148
3184 3179
3185 3146
3186 3139
3187 3153
3188 3184
3189 3187
3190 3176
3191 3149
3192 3150
3193 3182
3194 3183
3195 3180
3196 3159
3197 3177
3198 3154
3199 3147
3200 3199
3201 3156
3202 3187
3203 3185
3204 3188
3205 3167
3206 3189
3207 3137
3208 3177
3209 3178
3210 3172
3211 3181
3212 3203
3213 3172
3214 3158
3215 3138
3216 3211
3217 3193
3218 3193
3219 3197
3220 3148
3221 3188
3222 3148
3223 3187
3224 3194
3225 3137
3226 3225
3227 3143
3228 3179
3229 3165
3230 3180
3231 333
3232 3231
3233 3231
3234 3231
3235 3234
3236 3231
3237 3232
3238 3233
3239 3236
3240 333
3241 3232
3242 3241
3243 1375
3244 1375
3245 3244
3246 1375
3247 3244
3248 3244
3249 3243
3250 1375
3251 3250
3252 3245
3253 3245
3254 3244
3255 3252
3256 3250
3257 3253
3258 3243
3259 3245
3260 3257
3261 3255
3262 3247
3263 3248
3264 3258
3265 3254
3266 3263
3267 3258
3268 3254
3269 3257
3270 3256
3271 3252
3272 3251
3273 3261
3274 3244
3275 3258
3276 3244
3277 3266
3278 3245
3279 3246
3280 3246
3281 285
3282 3281
3283 3282
3284 3283
3285 3284
3286 3285
3287 3286
3288 3287
3289 3288
3290 3289
3291 3290
3292 3291
3293 3292
3294 3293
3295 3294
3296 3295
3297 3296
3298 3297
3299 3298
3300 3299
3301 3300
3302 3301
3303 3302
3304 3303
3305 3304
3306 3305
3307 3306
3308 3307
3309 3308
3310 3309
3311 3310
3312 3311
3313 3312
3314 3313
3315 3314
3316 3315
3317 3316
3318 3317
3319 3318
3320 3319
3321 3320
3322 3321
3323 3322
3324 3323
3325 3324
3326 3325
3327 3326
3328 3327
3329 3328
3330 3329
3331 3330
3332 3331
3333 3332
3334 3333
3335 3334
3335 285
3336 317
3337 3336
3338 3337
3339 317
3340 3339
3341 3336
3342 3341
3343 3339
3344 3343
3345 3338
3346 3338
3347 3345
3348 3344
3349 3340
3350 3337
3351 3336
3352 3339
3353 3340
3354 3351
3355 3350
3356 3351
3357 3341
3358 3338
3359 3355
3360 3346
3361 3338
3362 3338
3363 2026
3364 3363
3365 3364
3366 3365
3367 3366
3368 3367
3369 3368
3370 3369
3371 3370
3372 3371
3373 3372
3374 3373
3375 3374
3376 3375
3377 3376
3378 3377
3379 3378
3380 3379
3381 3380
3382 3381
3383 3382
3384 3383
3385 3384
3386 3385
3387 3386
3388 3387
3388 2026
3389 681
3390 681
3391 3389
3392 3391
3393 3390
3394 681
3395 3394
3396 3394
3397 681
3398 3392
3399 3394
3400 3396
3401 3389
3402 3393
3403 681
3404 3399
3405 3403
3406 3402
3407 3400
3408 3391
3409 3402
3410 3408
3411 3394
3412 3393
3413 3412
3414 3413
3415 3405
3416 3401
3417 3402
3418 3397
3419 3409
3420 3412
3421 3408
3422 3403
3423 3399
3424 3399
3425 3418
3426 3405
3427 3412
3428 3422
3429 3395
3430 3419
3431 3430
3432 3409
3433 3403
3434 3415
3435 3409
3436 3435
3437 3401
3438 3393
3439 3425
3440 3434
3441 3421
3442 3411
3443 3434
3444 3441
3445 681
3446 3391
3447 3442
3448 3406
3449 3404
3450 3406
3451 3395
3452 3396
3453 3449
3454 3448
3455 3453
3456 3414
3457 3407
3458 3395
3459 3445
3460 3425
3461 3456
3462 3390
3463 3459
3464 3446
3465 3404
3466 3402
3467 3434
3468 3430
3469 3417
3470 3459
3471 3448
3472 3409
3473 3419
3474 3395
3475 3431
3476 3392
3477 3389
3478 1532
3479 3478
3480 3479
3481 3480
3482 3481
3483 3482
3484 3483
3485 3484
3486 3485
3487 3486
3488 3487
3489 3488
3490 3489
3491 3490
3492 3491
3493 3492
3494 3493
3495 3494
3496 3495
3497 3496
3498 3497
3499 3498
3500 3499
3501 3500
3502 3501
3503 3502
3504 3503
3505 3504
3506 3505
3507 3506
3508 3507
3509 3508
3510 3509
3511 3510
3512 3511
3513 3512
3514 3513
3515 3514
3516 3515
3517 3516
3518 3517
3519 3518
3520 3519
3521 3520
3522 3521
3523 3522
3524 3523
3525 3524
3526 3525
3527 3526
3528 3527
3529 3528
3530 3529
3531 3530
3532 3531
3533 3532
3534 3533
3535 3534
3536 3535
3537 3536
3538 3537
3539 3538
3540 3539
3540 1532
3541 1369
3542 3541
3543 3542
3544 3543
3545 3544
3546 3545
3547 3546
3548 3547
3549 3548
3550 3549
3551 3550
3552 3551
3553 3552
3554 3553
3555 3554
3556 3555
3557 3556
3558 3557
3559 3558
3560 3559
3561 3560
3562 3561
3563 3562
3564 3563
3565 3564
3566 3565
3567 3566
3568 3567
3569 3568
3570 3569
3571 3570
3572 3571
3573 3572
3574 3573
3575 3574
3576 3575
3577 3576
3578 3577
3579 3578
3580 3579
3581 3580
3582 3581
3583 3582
3584 3583
3585 3584
3586 3585
3587 3586
3588 3587
3589 3588
3590 3589
3591 3590
3592 3591
3593 3592
3594 3593
3595 3594
3596 3595
3597 3596
3598 3597
3599 3598
3600 3599
3601 3600
3602 3601
3603 3602
3604 3603
3605 3604
3606 3605
3607 3606
3608 3607
3608 1369
3609 1079
3610 3609
3611 3610
3612 3611
3613 3612
3614 3611
3615 3609
3616 1079
3617 3612
3618 3615
3619 3612
3620 1079
3621 3610
3622 3611
3623 3616
3624 3618
3625 3623
3626 3625
3627 3616
3628 3613
3629 3624
3630 3625
3631 3628
3632 3627
3633 3617
3634 3610
3635 1079
3636 1132
3637 3636
3638 3637
3639 3638
3640 3639
3641 3640
3642 3641
3643 3642
3644 3643
3645 3644
3646 3645
3647 3646
3648 3647
3649 3648
3650 3649
3651 3650
3652 3651
3653 3652
3654 3653
3655 3654
3656 3655
3657 3656
3658 3657
3659 3658
3660 3659
3661 3660
3662 3661
3663 3662
3664 3663
3665 3664
3666 3665
3667 3666
3668 3667
3669 3668
3670 3669
3671 3670
3672 3671
3673 3672
3674 3673
3675 3674
3676 3675
3677 3676
3678 3677
3679 3678
3680 3679
3681 3680
3682 3681
3683 3682
3684 3683
3685 3684
3686 3685
3687 3686
3688 3687
3689 3688
3690 3689
3691 3690
3692 3691
3693 3692
3694 3693
3695 3694
3696 3695
3697 3696
3698 3697
3699 3698
3700 3699
3701 3700
3702 3701
3703 3702
3704 3703
3705 3704
3706 3705
3707 3706
3708 3707
3709 3708
3710 3709
3711 3710
3712 3711
3713 3712
3714 3713
3715 3714
3716 3715
3717 3716
3718 3717
3719 3718
3720 3719
3721 3720
3722 3721
3723 3722
3724 3723
3725 3724
3726 3725
3727 3726
3728 3727
3729 3728
3730 3729
3731 3730
3731 1132
3732 2682
3733 3732
3734 3733
3735 3734
3736 3735
3737 3736
3738 3737
3739 3738
3740 3739
3741 3740
3742 3741
3743 3742
3744 3743
3745 3744
3746 3745
3747 3746
3748 3747
3749 3748
3749 2682
3750 1824
3751 3750
3752 3751
3753 3752
3754 3753
3755 3754
3756 3755
3757 3756
3758 3757
3759 3758
3760 3759
3761 3760
3762 3761
3763 3762
3764 3763
3765 3764
3766 3765
3767 3766
3768 3767
3769 3768
3770 3769
3771 3770
3772 3771
3773 3772
3774 3773
3775 3774
3776 3775
3777 3776
3778 3777
3779 3778
3780 3779
3781 3780
3782 3781
3783 3782
3784 3783
3785 3784
3786 3785
3787 3786
3788 3787
3789 3788
3790 3789
3791 3790
3792 3791
3793 3792
3794 3793
3795 3794
3796 3795
3797 3796
3798 3797
3799 3798
3800 3799
3801 3800
3802 3801
3803 3802
3804 3803
3805 3804
3806 3805
3807 3806
3808 3807
3809 3808
3810 3809
3811 3810
3812 3811
3813 3812
3814 3813
3815 3814
3816 3815
3817 3816
3818 3817
3819 3818
3820 3819
3821 3820
3822 3821
3823 3822
3823 1824
3824 568
3825 3824
3826 3825
3827 3825
3828 3826
3829 3826
3830 568
3831 568
3832 3824
3833 3827
3834 3831
3835 3826
3836 3832
3837 3832
3838 3827
3839 3832
3840 3835
3841 3827
3842 3834
3843 3837
3844 3837
3845 3826
3846 3837
3847 3844
3848 3828
3849 3838
3850 3847
3851 3826
3852 3840
3853 3836
3854 3825
3855 3825
3856 3844
3857 3824
3858 3839
3859 2773
3860 3859
3861 3860
3862 3859
3863 3862
3864 3861
3865 2773
3866 3859
3867 3861
3868 3860
3869 3861
3870 3861
3871 3859
3872 3870
3873 3859
3874 3869
3875 3860
3876 3873
3877 3861
3878 3859
3879 3862
3880 3871
3881 3876
3882 3861
3883 3876
3884 3864
3885 3867
3886 3865
3887 3881
3888 3883
3889 3863
3890 3881
3891 3863
3892 3860
3893 3872
3894 3878
3895 3866
3896 3878
3897 3882
3898 3861
3899 3888
3900 3895
3901 3881
3902 3861
3903 3882
3904 3891
3905 3872
3906 3879
3907 3879
3908 3867
3909 3877
3910 3908
3911 3879
3912 3883
3913 3882
3914 3906
3915 3907
3916 3886
3917 3903
3918 3904
3919 3916
3920 3881
3921 3903
3922 553
3923 3922
3924 3923
3925 3924
3926 3925
3927 3926
3928 3927
3929 3928
3930 3929
3931 3930
3932 3931
3933 3932
3934 3933
3935 3934
3936 3935
3937 3936
3938 3937
3939 3938
3940 3939
3941 3940
3942 3941
3943 3942
3944 3943
3945 3944
3946 3945
3947 3946
3948 3947
3949 3948
3950 3949
3951 3950
3952 3951
3953 3952
3954 3953
3955 3954
3956 3955
3957 3956
3958 3957
3959 3958
3960 3959
3961 3960
3962 3961
3963 3962
3964 3963
3965 3964
3966 3965
3967 3966
3968 3967
3969 3968
3970 3969
3971 3970
3972 3971
3973 3972
3974 3973
3975 3974
3976 3975
3977 3976
3978 3977
3979 3978
3980 3979
3981 3980
3982 3981
3983 3982
3984 3983
3985 3984
3986 3985
3987 3986
3988 3987
3989 3988
3990 3989
3991 3990
3992 3991
3993 3992
3994 3993
3995 3994
3996 3995
3997 3996
3997 553
3998 13
3999 3998
4000 13
4001 3998
4002 4001
4003 4000
4004 4003
4005 4000
4006 4000
4007 3999
4008 4005
4009 4008
4010 4002
4011 4007
4012 4003
4013 4012
4014 4000
4015 4004
4016 4009
4017 3859
4018 3859
4019 3859
4020 1748
4021 1748
4022 4020
4023 4020
4024 1748
4025 4022
4026 4021
4027 4024
4028 4025
4029 4028
4030 4023
4031 4030
4032 4028
4033 4024
4034 4027
4035 4021
4036 4023
4037 4022
4038 4030
4039 4026
4040 4030
4041 4034
4042 4034
4043 4025
4044 4043
4045 4040
4046 4040
4047 4031
4048 4030
4049 4033
4050 2929
4051 2929
4052 2929
4053 4051
4054 4051
4055 4053
4056 2929
4057 4053
4058 4053
4059 4050
4060 4052
4061 4059
4062 4058
4063 3731
4064 3731
4065 4063
4066 4065
4067 4065
4068 4067
4069 3731
4070 4064
4071 4067
4072 4070
4073 4068
4074 4070
4075 4073
4076 3731
4077 4069
4078 4075
4079 4074
4080 4063
4081 4072
4082 4066
4083 4078
4084 4076
4085 4071
4086 4068
4087 4068
4088 4078
4089 4072
4090 4079
4091 4070
4092 4090
4093 4087
4094 4072
4095 4094
4096 4084
4097 4066
4098 4078
4099 4067
4100 4098
4101 4086
4102 4076
4103 4083
4104 4096
4105 4066
4106 4083
4107 4086
4108 3731
4109 4096
4110 4085
4111 4083
4112 4069
4113 4072
4114 4067
4115 4098
4116 4073
4117 4114
4118 4104
4119 4107
4120 4078
4121 4100
4122 4076
4123 4110
4124 4110
4125 4066
4126 4107
4127 4092
4128 4097
4129 4110
4130 4087
4131 4094
4132 4106
4133 4074
4134 4081
4135 4129
4136 4121
4137 4118
4138 4121
4139 4115
4140 4088
4141 1175
4142 1175
4143 4141
4144 4141
4145 1175
4146 1175
4147 4144
4148 1175
4149 4145
4150 4146
4151 4148
4152 4150
4153 4141
4154 4146
4155 4143
4156 4150
4157 4147
4158 4149
4159 4148
4160 4142
4161 4160
4162 4147
4163 4159
4164 1175
4165 4156
4166 4158
4167 4145
4168 4157
4169 1175
4170 4158
4171 4169
4172 4141
4173 1175
4174 4143
4175 4171
4176 4156
4177 4171
4178 4155
4179 4169
4180 4141
4181 4151
4182 4177
4183 4163
4184 4177
4185 4151
4186 4161
4187 4142
4188 4144
4189 4156
4190 4187
4191 4167
4192 4149
4193 4146
4194 4188
4195 4177
4196 2783
4197 4196
4198 4197
4199 4198
4200 4199
4201 4200
4202 4201
4203 4202
4204 4203
4205 4204
4206 4205
4207 4206
4208 4207
4209 4208
4210 4209
4211 4210
4212 4211
4213 4212
4214 4213
4215 4214
4216 4215
4217 4216
4218 4217
4219 4218
4220 4219
4221 4220
4222 4221
4223 4222
4224 4223
4225 4224
4226 4225
4227 4226
4228 4227
4229 4228
4230 4229
4231 4230
4232 4231
4233 4232
4234 4233
4235 4234
4236 4235
4237 4236
4238 4237
4239 4238
4240 4239
4241 4240
4242 4241
4243 4242
4244 4243
4245 4244
4246 4245
4247 4246
4248 4247
4249 4248
4250 4249
4251 4250
4252 4251
4253 4252
4254 4253
4255 4254
4256 4255
4257 4256
4258 4257
4259 4258
4260 4259
4261 4260
4262 4261
4263 4262
4264 4263
4265 4264
4266 4265
4267 4266
4268 4267
4268 2783
4269 3935
4270 3935
4271 4270
4272 4270
4273 4272
4274 4270
4275 4269
4276 4274
4277 3935
4278 4273
4279 4275
4280 4272
4281 4274
4282 4277
4283 4282
4284 4276
4285 4278
4286 4280
4287 4269
4288 4282
4289 4280
4290 3935
4291 4282
4292 4282
4293 4288
4294 4276
4295 4285
4296 4290
4297 4286
4298 4295
4299 4269
4300 4295
4301 4298
4302 1155
4303 4302
4304 4303
4305 4304
4306 4305
4307 4306
4308 4307
4309 4308
4310 4309
4311 4310
4312 4311
4313 4312
4314 4313
4315 4314
4316 4315
4317 4316
4318 4317
4319 4318
4320 4319
4321 4320
4322 4321
4323 4322
4324 4323
4325 4324
4326 4325
4327 4326
4328 4327
4329 4328
4330 4329
4331 4330
4332 4331
4333 4332
4334 4333
4335 4334
4336 4335
4337 4336
4338 4337
4339 4338
4340 4339
4341 4340
4342 4341
4343 4342
4344 4343
4345 4344
4346 4345
4347 4346
4348 4347
4349 4348
4350 4349
4351 4350
4352 4351
4353 4352
4354 4353
4355 4354
4356 4355
4357 4356
4358 4357
4359 4358
4360 4359
4361 4360
4362 4361
4363 4362
4364 4363
4365 4364
4366 4365
4367 4366
4368 4367
4369 4368
4370 4369
4371 4370
4372 4371
4373 4372
4374 4373
4375 4374
4375 1155
4376 2363
4377 4376
4378 4377
4379 4378
4380 4379
4381 4380
4382 4381
4383 4382
4384 4383
4385 4384
4386 4385
4387 4386
4388 4387
4389 4388
4390 4389
4391 4390
4392 4391
4393 4392
4394 4393
4395 4394
4396 4395
4397 4396
4398 4397
4399 4398
4400 4399
4401 4400
4402 4401
4403 4402
4404 4403
4405 4404
4406 4405
4407 4406
4408 4407
4409 4408
4410 4409
4411 4410
4412 4411
4413 4412
4414 4413
4415 4414
4416 4415
4417 4416
4418 4417
4419 4418
4420 4419
4421 4420
4422 4421
4423 4422
4424 4423
4425 4424
4426 4425
4427 4426
4428 4427
4429 4428
4430 4429
4431 4430
4432 4431
4433 4432
4434 4433
4435 4434
4436 4435
4437 4436
4438 4437
4439 4438
4440 4439
4441 4440
4441 2363
4442 3895
4443 4442
4444 4442
4445 4442
4446 4442
4447 4446
4448 4443
4449 4443
4450 4449
4451 4444
4452 4442
4453 4451
4454 4449
4455 4449
4456 4442
4457 4454
4458 4457
4459 4446
4460 4458
4461 4459
4462 4454
4463 4447
4464 3895
4465 4462
4466 4448
4467 4447
4468 4467
4469 4442
4470 4465
4471 4456
4472 4444
4473 4448
4474 4443
4475 4474
4476 4468
4477 4455
4478 4460
4479 4472
4480 4469
4481 4466
4482 4465
4483 4470
4484 4467
4485 4478
4486 4480
4487 4473
4488 4446
4489 4457
4490 4483
4491 3895
4492 4453
4493 4480
4494 4451
4495 4456
4496 4476
4497 4442
4498 4455
4499 4467
4500 4478
4501 4498
4502 3895
4503 4459
4504 4479
4505 3895
4506 4457
4507 4470
4508 4445
4509 4485
4510 4445
4511 4456
4512 4465
4513 4475
4514 4469
4515 4496
4516 4474
4517 4490
4518 4484
4519 4464
4520 4475
4521 4518
4522 4444
4523 4493
4524 4498
4525 4514
4526 4453
4527 4486
4528 4513
4529 4463
4530 4478
4531 4523
4532 4460
4533 4515
4534 4510
4535 4458
4536 4471
4537 4522
4538 4502
4539 4502
4540 4483
4541 1220
4542 4541
4543 4542
4544 4543
4545 4544
4546 4545
4547 4546
4548 4547
4549 4548
4550 4549
4551 4550
4552 4551
4553 4552
4554 4553
4555 4554
4556 4555
4557 4556
4558 4557
4559 4558
4560 4559
4561 4560
4561 1220
4562 2621
4563 4562
4564 4563
4565 4564
4566 4565
4567 4566
4568 4567
4569 4568
4570 4569
4571 4570
4572 4571
4573 4572
4574 4573
4575 4574
4576 4575
4577 4576
4577 2621
4578 1777
4579 1777
4580 4579
4581 4578
4582 1777
4583 4580
4584 4581
4585 4584
4586 4581
4587 4586
4588 4579
4589 4583
4590 4579
4591 4586
4592 4589
4593 4588
4594 4588
4595 4587
4596 4590
4597 4585
4598 4594
4599 4591
4600 1777
4601 4589
4602 4601
4603 4589
4604 4581
4605 4596
4606 4605
4607 4589
4608 4589
4609 4593
4610 4590
4611 4588
4612 4600
4613 4600
4614 4589
4615 4598
4616 1777
4617 4603
4618 4593
4619 4584
4620 4589
4621 4597
4622 4589
4623 2133
4624 2133
4625 4624
4626 2133
4627 4624
4628 2133
4629 4624
4630 4625
4631 4625
4632 4628
4633 4623
4634 2133
4635 4630
4636 4626
4637 4635
4638 4635
4639 4625
4640 4625
4641 2133
4642 4633
4643 4637
4644 4637
4645 4625
4646 4627
4647 4629
4648 4641
4649 2133
4650 4645
4651 4649
4652 4646
4653 4635
4654 4623
4655 4635
4656 4646
4657 4627
4658 4651
4659 4654
4660 4644
4661 4634
4662 4642
4663 4626
4664 4647
4665 4658
4666 4639
4667 4636
4668 4643
4669 4666
4670 4658
4671 4648
4672 4658
4673 4650
4674 4639
4675 4648
4676 4635
4677 4625
4678 4677
4679 4676
4680 4641
4681 4655
4682 4643
4683 4640
4684 4667
4685 4632
4686 4638
4687 4657
4688 4673
4689 4627
4690 4633
4691 4667
4692 4658
4693 4652
4694 4668
4695 4677
4696 4654
4697 4638
4698 4642
4699 4697
4700 4647
4701 4624
4702 4682
4703 4676
4704 4682
4705 4645
4706 4658
4707 4680
4708 4690
4709 4697
4710 3119
4711 3119
4712 4711
4713 3119
4714 4713
4715 4713
4716 4712
4717 4710
4718 4711
4719 4718
4720 4715
4721 4712
4722 4718
4723 4719
4724 4719
4725 4710
4726 4712
4727 4721
4728 4716
4729 4720
4730 4719
4731 4723
4732 4729
4733 4731
4734 4723
4735 4726
4736 4720
4737 4713
4738 4736
4739 4719
4740 4723
4741 4722
4742 4710
4743 4730
4744 4713
4745 4710
4746 4713
4747 4734
4748 4737
4749 4728
4750 4734
4751 4724
4752 4741
4753 4736
4754 4724
4755 4724
4756 4720
4757 4714
4758 4719
4759 4736
4760 4740
4761 4753
4762 4715
4763 4751
4764 4726
4765 4742
4766 4749
4767 4732
4768 4767
4769 4730
4770 4726
4771 4741
4772 4728
4773 4711
4774 4716
4775 4765
4776 4716
4777 4759
4778 4763
4779 4729
4780 4755
4781 4771
4782 4728
4783 4775
4784 4775
4785 4722
4786 4749
4787 4760
4788 4716
4789 4752
4790 4770
4791 4738
4792 4729
4793 4736
4794 4782
4795 4722
4796 4759
4797 4761
4798 4764
4799 4710
4800 4739
4801 4717
4802 4741
4803 2798
4804 4803
4805 4804
4806 4805
4807 4806
4808 4807
4809 4808
4810 4809
4811 4810
4812 4811
4813 4812
4814 4813
4815 4814
4816 4815
4817 4816
4818 4817
4819 4818
4820 4819
4821 4820
4822 4821
4823 4822
4824 4823
4825 4824
4826 4825
4827 4826
4828 4827
4829 4828
4830 4829
4831 4830
4832 4831
4833 4832
4834 4833
4835 4834
4836 4835
4837 4836
4838 4837
4839 4838
4840 4839
4841 4840
4842 4841
4843 4842
4844 4843
4845 4844
4846 4845
4847 4846
4848 4847
4849 4848
4850 4849
4851 4850
4852 4851
4853 4852
4854 4853
4855 4854
4856 4855
4857 4856
4858 4857
4859 4858
4860 4859
4861 4860
4862 4861
4863 4862
4864 4863
4865 4864
4866 4865
4867 4866
4868 4867
4869 4868
4870 4869
4871 4870
4872 4871
4873 4872
4874 4873
4875 4874
4876 4875
4876 2798
4877 4258
4878 4877
4879 4878
4880 4879
4881 4880
4882 4881
4883 4882
4884 4883
4885 4884
4886 4885
4887 4886
4888 4887
4889 4888
4890 4889
4891 4890
4892 4891
4893 4892
4894 4893
4895 4894
4896 4895
4897 4896
4898 4897
4899 4898
4900 4899
4901 4900
4902 4901
4903 4902
4904 4903
4905 4904
4905 4258
4906 3191
4907 4906
4908 4907
4909 4906
4910 4906
4911 3191
4912 4910
4913 4908
4914 4910
4915 3191
4916 4912
4917 4914
4918 4911
4919 4911
4920 4916
4921 4907
4922 4912
4923 4920
4924 4910
4925 4915
4926 4907
4927 4907
4928 4912
4929 4907
4930 4906
4931 4925
4932 4927
4933 4917
4934 4931
4935 4908
4936 4914
4937 3191
4938 4937
4939 4913
4940 4907
4941 4934
4942 4939
4943 4916
4944 4930
4945 4938
4946 4921
4947 4929
4948 4930
4949 4926
4950 4930
4951 4936
4952 4941
4953 4915
4954 4917
4955 4939
4956 4916
4957 4920
4958 4928
4959 3655
4960 3655
4961 4959
4962 4960
4963 4959
4964 4959
4965 4959
4966 4964
4967 4963
4968 3655
4969 4961
4970 4961
4971 4964
4972 4967
4973 4970
4974 4964
4975 4974
4976 4968
4977 4973
4978 4971
4979 4973
4980 4979
4981 4961
4982 4959
4983 4979
4984 4981
4985 4966
4986 4978
4987 4971
4988 4963
4989 4977
4990 4969
4991 4979
4992 4974
4993 4977
4994 4975
4995 4978
4996 4959
4997 4989
4998 4977
4999 4976
5000 4986
5001 4960
5002 4992
5003 4996
5004 4984
5005 4980
5006 4962
5007 4980
5008 4982
5009 5008
5010 4977
5011 4985
5012 5002
5013 5011
5014 4994
5015 4968
5016 4996
5017 4975
5018 5015
5019 1684
5020 5019
5021 5020
5022 5021
5023 5022
5024 5023
5025 5024
5026 5025
5027 5026
5028 5027
5029 5028
5030 5029
5031 5030
5032 5031
5033 5032
5034 5033
5035 5034
5036 5035
5037 5036
5038 5037
5039 5038
5040 5039
5041 5040
5042 5041
5043 5042
5044 5043
5045 5044
5046 5045
5047 5046
5048 5047
5049 5048
5050 5049
5051 5050
5052 5051
5053 5052
5054 5053
5055 5054
5056 5055
5057 5056
5058 5057
5059 5058
5060 5059
5061 5060
5062 5061
5063 5062
5064 5063
5065 5064
5066 5065
5067 5066
5068 5067
5069 5068
5070 5069
5071 5070
5072 5071
5073 5072
5074 5073
5075 5074
5076 5075
5077 5076
5078 5077
5079 5078
5080 5079
5081 5080
5082 5081
5083 5082
5084 5083
5085 5084
5086 5085
5087 5086
5088 5087
5089 5088
5090 5089
5091 5090
5091 1684
5092 889
5093 889
5094 889
5095 5092
5096 5094
5097 5093
5098 5096
5099 5094
5100 5097
5101 5093
5102 5092
5103 5093
5104 2427
5105 5104
5106 2427
5107 2427
5108 2427
5109 5108
5110 5104
5111 5106
5112 5110
5113 5109
5114 5111
5115 5110
5116 5106
5117 5110
5118 5116
5119 5117
5120 5104
5121 5115
5122 5111
5123 5111
5124 5112
5125 5115
5126 5111
5127 5122
5128 5120
5129 5127
5130 5104
5131 5107
5132 5112
5133 5110
5134 5104
5135 5108
5136 5105
5137 2427
5138 5136
5139 5137
5140 5137
5141 5104
5142 5120
5143 5122
5144 5141
5145 5135
5146 5134
5147 5120
5148 5122
5149 2427
5150 5112
5151 5112
5152 5112
5153 5125
5154 5146
5155 5142
5156 5155
5157 5139
5158 5147
5159 5139
5160 5144
5161 5115
5162 5156
5163 5151
5164 5112
5165 5151
5166 5114
5167 5136
5168 5140
5169 5125
5170 5167
5171 5118
5172 5111
5173 5155
5174 5161
5175 5109
5176 5121
5177 5159
5178 5130
5179 5138
5180 5149
5181 5176
5182 5105
5183 5173
5184 5123
5185 592
5186 5185
5186 592
5187 4423
5188 5187
5189 5188
5190 5189
5191 5190
5192 5191
5193 5192
5194 5193
5195 5194
5196 5195
5197 5196
5198 5197
5199 5198
5200 5199
5201 5200
5202 5201
5203 5202
5204 5203
5205 5204
5206 5205
5207 5206
5208 5207
5209 5208
5210 5209
5211 5210
5212 5211
5213 5212
5214 5213
5215 5214
5216 5215
5217 5216
5218 5217
5219 5218
5220 5219
5220 4423
5221 5174
5222 5221
5223 5174
5224 5174
5225 5221
5226 5221
5227 5224
5228 5224
5229 5228
5230 5225
5231 5223
5232 5174
5233 5227
5234 5225
5235 5225
5236 5227
5237 5236
5238 5231
5239 5234
5240 5224
5241 5221
5242 5233
5243 5237
5244 5228
5245 5233
5246 5234
5247 5228
5248 5235
5249 5242
5250 5232
5251 5235
5252 5247
5253 5250
5254 5251
5255 5224
5256 5240
5257 5221
5258 3068
5259 5258
5260 5259
5261 5260
5262 5261
5263 5262
5264 5263
5265 5264
5266 5265
5267 5266
5268 5267
5269 5268
5270 5269
5271 5270
5272 5271
5273 5272
5274 5273
5275 5274
5276 5275
5277 5276
5278 5277
5279 5278
5280 5279
5281 5280
5282 5281
5283 5282
5284 5283
5284 3068
5285 954
5286 954
5287 954
5288 5287
5289 5288
5290 954
5291 5285
5292 5290
5293 5289
5294 5286
5295 5285
5296 954
5297 5291
5298 5286
5299 954
5300 5287
5301 5286
5302 5289
5303 5289
5304 5298
5305 5301
5306 5304
5307 5305
5308 5303
5309 5307
5310 5303
5311 5302
5312 5292
5313 5294
5314 5288
5315 5312
5316 5287
5317 5316
5318 5314
5319 5304
5320 5285
5321 5318
5322 5320
5323 5310
5324 5308
5325 5292
5326 752
5327 5326
5328 5327
5329 5328
5330 5329
5331 5330
5332 5331
5333 5332
5334 5333
5335 5334
5336 5335
5337 5336
5338 5337
5338 752
5339 2736
5340 5339
5341 2736
5342 2736
5343 5341
5344 5339
5345 5340
5346 5344
5347 2736
5348 5339
5349 5344
5350 5349
5351 5350
5352 5350
5353 5351
5354 5344
5355 5353
5356 5343
5357 5351
5358 5356
5359 5358
5360 5341
5361 5342
5362 5360
5363 5342
5364 5359
5365 5343
5366 5353
5367 5348
5368 5345
5369 5348
5370 5355
5371 5365
5372 5353
5373 2736
5374 5365
5375 5364
5376 5366
5377 5354
5378 5368
5379 5365
5380 5341
5381 5366
5382 5339
5383 2736
5384 5378
5385 5351
5386 2736
5387 5341
5388 5340
5389 5339
5390 5387
5391 5372
5392 5373
5393 5349
5394 5384
5395 5374
5396 5364
5397 5357
5398 5343
5399 5391
5400 5372
5401 5350
5402 5397
5403 5346
5404 5348
5405 5373
5406 5375
5407 5369
5408 5390
5409 5362
5410 5367
5411 5405
5412 5375
5413 5377
5414 5405
5415 4135
5416 5415
5417 5416
5418 5415
5419 5417
5420 5418
5421 5416
5422 5418
5423 5418
5424 5420
5425 5418
5426 5423
5427 5422
5428 5420
5429 5423
5430 5420
5431 5415
5432 5421
5433 5419
5434 5425
5435 5429
5436 5429
5437 5433
5438 5427
5439 5420
5440 5421
5441 5439
5442 5428
5443 5430
5444 5421
5445 5443
5446 5420
5447 5429
5448 5442
5449 5426
5450 5447
5451 5426
5452 5418
5453 5433
5454 5445
5455 5415
5456 5423
5457 5439
5458 5429
5459 5445
5460 5444
5461 5433
5462 5419
5463 5458
5464 5425
5465 5430
5466 5438
5467 4135
5468 5434
5469 5457
5470 5434
5471 5449
5472 5464
5473 5472
5474 5435
5475 5471
5476 5437
5477 5437
5478 5456
5479 5478
5480 5415
5481 5421
5482 5457
5483 5472
5484 5429
5485 5454
5486 5433
5487 5479
5488 5459
5489 5481
5490 5445
5491 5440
5492 5464
5493 5484
5494 5491
5495 5435
5496 5495
5497 5418
5498 5456
5499 5481
5500 5451
5501 5488
5502 5435
5503 5443
5504 5473
5505 5485
5506 5415
5507 5452
5508 5420
5509 5452
5510 5453
5511 2437
5512 5511
5513 5512
5514 5513
5515 5514
5516 5515
5517 5516
5518 5517
5519 5518
5520 5519
5520 2437
5521 3949
5522 5521
5523 5522
5524 5523
5525 5524
5526 5525
5527 5526
5528 5527
5529 5528
5530 5529
5531 5530
5532 5531
5533 5532
5534 5533
5535 5534
5536 5535
5537 5536
5538 5537
5539 5538
5540 5539
5541 5540
5542 5541
5543 5542
5544 5543
5545 5544
5546 5545
5547 5546
5548 5547
5549 5548
5550 5549
5551 5550
5552 5551
5553 5552
5554 5553
5555 5554
5556 5555
5557 5556
5558 5557
5559 5558
5560 5559
5561 5560
5562 5561
5563 5562
5564 5563
5565 5564
5566 5565
5567 5566
5568 5567
5569 5568
5570 5569
5571 5570
5572 5571
5573 5572
5574 5573
5575 5574
5576 5575
5577 5576
5578 5577
5579 5578
5580 5579
5581 5580
5582 5581
5583 5582
5584 5583
5585 5584
5586 5585
5587 5586
5588 5587
5589 5588
5590 5589
5591 5590
5592 5591
5593 5592
5593 3949
5594 1215
5595 1215
5596 5594
5597 5595
5598 5596
5599 5598
5600 5598
5601 5598
5602 5599
5603 5600
5604 5600
5605 5595
5606 5604
5607 5596
5608 5604
5609 5602
5610 5596
5611 5608
5612 5604
5613 5609
5614 5611
5615 5597
5616 5599
5617 5604
5618 5611
5619 5618
5620 1215
5621 5607
5622 5612
5623 5601
5624 5615
5625 5599
5626 5600
5627 5603
5628 5621
5629 5605
5630 5602
5631 5613
5632 5630
5633 5601
5634 5608
5635 5630
5636 5624
5637 5625
5638 5615
5639 5633
5640 5611
5641 5624
5642 5597
5643 5605
5644 5641
5645 3159
5646 3159
5647 3159
5648 5646
5649 5646
5650 5645
5651 3159
5652 5648
5653 5652
5654 5649
5655 5645
5656 5647
5657 3159
5658 5657
5659 5645
5660 5654
5661 3159
5662 5661
5663 5655
5664 5655
5665 5647
5666 5649
5667 5651
5668 5650
5669 5653
5670 5651
5671 5657
5672 5664
5673 5654
5674 5652
5675 5667
5676 5664
5677 5656
5678 5673
5679 5678
5680 5653
5681 3159
5682 5646
5683 5665
5684 5661
5685 5658
5686 5683
5687 5683
5688 5668
5689 5661
5690 5653
5691 5680
5692 5687
5693 5687
5694 5666
5695 5690
5696 5694
5697 5684
5698 5646
5699 5671
5700 5691
5701 5676
5702 5688
5703 5699
5704 5696
5705 5661
5706 5660
5707 5645
5708 5684
5709 5700
5710 5686
5711 5659
5712 5663
5713 5659
5714 3744
5715 3744
5716 5715
5717 5714
5718 3744
5719 3744
5720 5718
5721 5715
5722 3744
5723 5718
5724 5720
5725 5722
5726 5722
5727 5720
5728 5721
5729 5717
5730 5728
5731 5722
5732 5722
5733 5719
5734 5717
5735 5732
5736 5726
5737 4154
5738 4154
5739 5737
5740 4154
5741 4154
5742 4154
5743 4154
5744 5743
5745 5737
5746 5743
5747 5739
5748 5741
5749 4154
5750 5747
5751 5750
5752 5737
5753 5746
5754 5749
5755 5753
5756 5746
5757 5737
5758 4154
5759 5750
5760 5758
5761 5743
5762 5760
5763 4154
5764 5744
5765 5748
5766 5754
5767 5752
5768 5762
5769 5743
5770 5741
5771 5763
5772 5739
5773 5772
5774 5742
5775 5752
5776 5738
5777 5748
5778 5746
5779 2044
5780 5779
5781 5780
5782 2044
5783 2044
5784 2044
5785 5780
5786 5781
5787 5781
5788 5786
5789 2044
5790 5786
5791 5785
5792 5784
5793 5792
5794 5789
5795 5781
5796 5783
5797 5789
5798 5797
5799 5796
5800 5787
5801 5779
5802 5791
5803 5784
5804 5797
5805 5786
5806 5785
5807 5806
5808 5791
5809 5806
5810 5799
5811 5810
5812 5810
5813 5812
5814 5813
5815 5814
5816 5789
5817 5799
5818 5787
5819 5786
5820 5815
5821 5790
5822 5808
5823 5814
5824 5793
5825 5813
5826 5823
5827 5809
5828 5797
5829 5806
5830 5813
5831 5827
5832 5802
5833 5795
5834 5810
5835 5801
5836 5788
5837 2044
5838 5819
5839 5798
5840 5794
5841 5801
5842 5806
5843 5809
5844 5816
5845 5784
5846 5818
5847 5828
5848 5847
5849 5828
5850 5794
5851 5848
5852 5786
5853 5792
5854 5831
5855 5783
5856 2044
5857 5823
5858 5851
5859 225
5860 5859
5861 5860
5862 5860
5863 5860
5864 5862
5865 5864
5866 225
5867 5861
5868 5865
5869 5859
5870 5860
5871 5867
5872 5870
5873 5867
5874 5859
5875 5873
5876 5863
5877 5863
5878 5870
5879 5878
5880 5859
5881 5860
5882 5867
5883 5876
5884 5864
5885 5877
5886 5878
5887 5882
5888 5865
5889 5866
5890 5888
5891 5885
5892 5859
5893 5116
5894 5116
5895 5116
5896 5893
5897 5116
5898 5895
5899 5896
5900 5898
5901 5899
5902 5896
5903 5899
5904 5894
5905 5894
5906 5895
5907 5898
5908 5905
5909 5899
5910 5896
5911 5909
5912 5911
5913 5901
5914 5897
5915 5910
5916 5895
5917 5909
5918 5911
5919 5897
5920 5900
5921 5914
5922 5903
5923 5906
5924 1657
5925 5924
5926 5925
5927 5926
5928 5927
5929 5928
5930 5929
5931 5930
5931 1657
5932 2271
5933 5932
5934 2271
5935 2271
5936 2271
5937 5935
5938 5937
5939 5933
5940 5935
5941 5940
5942 5938
5943 5933
5944 5933
5945 5938
5946 5944
5947 5944
5948 5947
5949 5937
5950 5949
5951 5939
5952 5935
5953 5949
5954 5946
5955 5934
5956 5955
5957 5939
5958 4981
5959 4981
5960 5958
5961 4981
5962 5960
5963 5961
5964 5963
5965 5964
5966 5962
5967 5965
5968 5965
5969 5964
5970 5962
5971 5966
5972 5962
5973 5962
5974 5967
5975 5959
5976 5966
5977 5976
5978 5974
5979 5976
5980 5967
5981 5959
5982 5965
5983 5964
5984 5960
5985 5974
5986 5960
5987 4981
5988 5976
5989 5961
5990 4934
5991 5990
5992 5991
5993 5992
5994 5993
5995 5994
5996 5995
5997 5996
5998 5997
5999 5998
6000 5999
6001 6000
6002 6001
6003 6002
6004 6003
6005 6004
6006 6005
6007 6006
6008 6007
6009 6008
6010 6009
6011 6010
6012 6011
6013 6012
6014 6013
6015 6014
6016 6015
6017 6016
6018 6017
6019 6018
6020 6019
6021 6020
6022 6021
6023 6022
6024 6023
6025 6024
6026 6025
6026 4934
6027 3830
6028 6027
6029 3830
6030 6028
6031 6028
6032 3830
6033 6029
6034 6033
6035 6029
6036 6030
6037 6030
6038 3830
6039 6032
6040 6036
6041 6036
6042 6036
6043 6032
6044 6028
6045 6030
6046 6042
6047 6027
6048 6040
6049 6043
6050 6049
6051 6034
6052 6037
6053 6037
6054 6046
6055 6042
6056 6046
6057 6053
6058 6043
6059 6027
6060 5388
6061 6060
6062 6060
6063 6061
6064 6063
6065 6064
6066 5388
6067 6065
6068 6062
6069 6061
6070 6066
6071 6068
6072 6066
6073 6067
6074 6061
6075 6065
6076 5388
6077 6067
6078 6067
6079 6066
6080 6064
6081 6077
6082 6068
6083 6080
6084 6068
6085 6070
6086 6071
6087 6060
6088 6069
6089 6072
6090 6063
6091 6074
6092 6065
6093 6073
6094 6062
6095 6093
6096 6084
6097 6084
6098 6064
6099 6068
6100 6086
6101 6089
6102 6092
6103 6087
6104 6089
6105 6086
6106 1069
6107 6106
6108 6107
6109 6108
6110 6109
6111 6110
6112 6111
6113 6112
6114 6113
6115 6114
6116 6115
6116 1069
6117 2273
6118 6117
6119 6118
6120 6119
6121 6118
6122 6118
6123 2273
6124 6117
6125 6122
6126 6123
6127 6119
6128 6126
6129 6121
6130 6125
6131 6130
6132 6125
6133 6117
6134 6122
6135 6128
6136 6122
6137 6120
6138 6134
6139 6121
6140 6121
6141 6121
6142 6135
6143 6134
6144 6141
6145 6124
6146 6117
6147 6137
6148 6142
6149 6129
6150 6145
6151 2304
6152 2304
6153 6152
6154 2304
6155 6152
6156 6154
6157 6153
6158 6154
6159 6156
6160 2304
6161 2304
6162 6152
6163 6153
6164 6153
6165 6161
6166 6158
6167 6161
6168 6158
6169 6164
6170 6162
6171 6156
6172 6162
6173 6159
6174 6161
6175 2304
6176 6161
6177 6152
6178 6151
6179 6169
6180 6178
6181 6157
6182 6168
6183 6170
6184 6182
6185 6160
6186 6154
6187 6167
6188 6166
6189 6156
6190 6185
6191 6176
6192 6156
6193 6171
6194 6174
6195 6161
6196 6184
6197 6185
6198 6184
6199 6167
6200 6179
6201 6175
6202 6186
6203 6197
6204 6156
6205 6175
6206 6154
6207 6151
6208 6202
6209 6173
6210 6180
6211 6159
6212 6159
6213 6204
6214 2304
6215 6208
6216 6214
6217 6194
6218 6193
6219 6218
6220 6194
6221 6166
6222 6190
6223 6209
6224 6158
6225 6221
6226 6202
6227 6183
6228 6151
6229 6182
6230 6169
6231 6216
6232 6194
6233 6184
6234 6213
6235 6153
6236 6229
6237 6198
6238 4226
6239 6238
6240 6239
6241 6240
6242 6241
6243 6242
6244 6243
6245 6244
6246 6245
6247 6246
6248 6247
6249 6248
6250 6249
6251 6250
6252 6251
6253 6252
6254 6253
6255 6254
6256 6255
6257 6256
6258 6257
6259 6258
6260 6259
6261 6260
6262 6261
6263 6262
6264 6263
6265 6264
6266 6265
6267 6266
6268 6267
6269 6268
6270 6269
6271 6270
6272 6271
6273 6272
6274 6273
6275 6274
6276 6275
6277 6276
6278 6277
6278 4226
6279 2479
6280 6279
6281 6280
6282 6281
6283 6282
6284 6283
6285 6284
6286 6285
6287 6286
6288 6287
6289 6288
6290 6289
6291 6290
6292 6291
6293 6292
6294 6293
6295 6294
6296 6295
6297 6296
6298 6297
6299 6298
6300 6299
6301 6300
6302 6301
6303 6302
6304 6303
6305 6304
6306 6305
6307 6306
6308 6307
6309 6308
6310 6309
6311 6310
6312 6311
6313 6312
6314 6313
6315 6314
6316 6315
6317 6316
6318 6317
6319 6318
6320 6319
6321 6320
6322 6321
6323 6322
6324 6323
6324 2479
6325 46
6326 6325
6327 6326
6328 6327
6329 6328
6330 6329
6331 6330
6332 6331
6333 6332
6334 6333
6335 6334
6336 6335
6337 6336
6338 6337
6339 6338
6340 6339
6341 6340
6342 6341
6343 6342
6344 6343
6345 6344
6346 6345
6347 6346
6348 6347
6349 6348
6350 6349
6351 6350
6352 6351
6353 6352
6354 6353
6355 6354
6356 6355
6357 6356
6358 6357
6359 6358
6360 6359
6361 6360
6362 6361
6363 6362
6364 6363
6365 6364
6366 6365
6367 6366
6368 6367
6369 6368
6370 6369
6371 6370
6372 6371
6373 6372
6374 6373
6375 6374
6376 6375
6377 6376
6378 6377
6379 6378
6380 6379
6381 6380
6382 6381
6383 6382
6384 6383
6385 6384
6386 6385
6387 6386
6388 6387
6389 6388
6390 6389
6391 6390
6392 6391
6393 6392
6394 6393
6395 6394
6396 6395
6397 6396
6398 6397
6399 6398
6400 6399
6401 6400
6402 6401
6403 6402
6404 6403
6405 6404
6406 6405
6407 6406
6408 6407
6408 46
6409 2792
6410 6409
6411 6410
6412 6411
6413 6412
6414 6413
6415 6414
6416 6415
6417 6416
6418 6417
6419 6418
6420 6419
6421 6420
6422 6421
6423 6422
6424 6423
6425 6424
6426 6425
6427 6426
6428 6427
6429 6428
6430 6429
6431 6430
6432 6431
6433 6432
6434 6433
6435 6434
6436 6435
6437 6436
6438 6437
6439 6438
6440 6439
6441 6440
6442 6441
6443 6442
6444 6443
6445 6444
6446 6445
6447 6446
6448 6447
6449 6448
6450 6449
6451 6450
6452 6451
6453 6452
6454 6453
6455 6454
6456 6455
6457 6456
6458 6457
6459 6458
6460 6459
6461 6460
6462 6461
6463 6462
6464 6463
6465 6464
6466 6465
6467 6466
6468 6467
6469 6468
6470 6469
6471 6470
6472 6471
6473 6472
6474 6473
6475 6474
6476 6475
6477 6476
6478 6477
6478 2792
6479 3938
6480 6479
6481 6480
6482 6481
6483 6482
6484 6483
6485 6484
6486 6485
6487 6486
6488 6487
6489 6488
6490 6489
6491 6490
6492 6491
6493 6492
6494 6493
6495 6494
6496 6495
6497 6496
6498 6497
6499 6498
6500 6499
6501 6500
6502 6501
6503 6502
6504 6503
6505 6504
6506 6505
6507 6506
6508 6507
6509 6508
6510 6509
6511 6510
6512 6511
6513 6512
6514 6513
6515 6514
6516 6515
6517 6516
6518 6517
6519 6518
6520 6519
6521 6520
6522 6521
6523 6522
6524 6523
6525 6524
6526 6525
6527 6526
6528 6527
6529 6528
6530 6529
6531 6530
6532 6531
6532 3938
6533 827
6534 827
6535 6533
6536 827
6537 6533
6538 6534
6539 6538
6540 6536
6541 6537
6542 6537
6543 6534
6544 6540
6545 6536
6546 6545
6547 6533
6548 6546
6549 6538
6550 6547
6551 4651
6552 6551
6553 6552
6554 6553
6555 6554
6556 6555
6557 6556
6558 6557
6559 6558
6560 6559
6561 6560
6562 6561
6563 6562
6564 6563
6565 6564
6566 6565
6567 6566
6568 6567
6569 6568
6570 6569
6571 6570
6572 6571
6573 6572
6574 6573
6575 6574
6576 6575
6577 6576
6578 6577
6579 6578
6580 6579
6581 6580
6582 6581
6583 6582
6584 6583
6585 6584
6586 6585
6587 6586
6588 6587
6589 6588
6590 6589
6591 6590
6592 6591
6593 6592
6594 6593
6595 6594
6596 6595
6597 6596
6598 6597
6599 6598
6600 6599
6601 6600
6602 6601
6603 6602
6604 6603
6605 6604
6606 6605
6607 6606
6608 6607
6609 6608
6609 4651
6610 1634
6611 1634
6612 6611
6613 6612
6614 6613
6615 6613
6616 6610
6617 6611
6618 6615
6619 6612
6620 6617
6621 6611
6622 6618
6623 6618
6624 6619
6625 6619
6626 6612
6627 6615
6628 1634
6629 6619
6630 6617
6631 6613
6632 6611
6633 6615
6634 6614
6635 6610
6636 6620
6637 6627
6638 6628
6639 6614
6640 6635
6641 6630
6642 6618
6643 6642
6644 6632
6645 6623
6646 6614
6647 6630
6648 6624
6649 6618
6650 6630
6651 6618
6652 6623
6653 6612
6654 6632
6655 6631
6656 6629
6657 6635
6658 6634
6659 6643
6660 1634
6661 6631
6662 6653
6663 1634
6664 6615
6665 6627
6666 6625
6667 6631
6668 6647
6669 6625
6670 6611
6671 6667
6672 6625
6673 6642
6674 6610
6675 6633
6676 6649
6677 6663
6678 6646
6679 6639
6680 6623
6681 6667
6682 298
6683 6682
6684 6683
6685 6684
6686 6685
6687 6686
6688 6687
6689 6688
6690 6689
6691 6690
6692 6691
6693 6692
6694 6693
6695 6694
6696 6695
6697 6696
6698 6697
6699 6698
6700 6699
6701 6700
6702 6701
6703 6702
6704 6703
6705 6704
6706 6705
6707 6706
6707 298
6708 1869
6709 6708
6710 6709
6711 6710
6711 1869
6712 137
6713 6712
6714 6712
6715 6714
6716 6715
6717 6715
6718 6714
6719 6715
6720 6713
6721 6712
6722 6717
6723 6722
6724 6718
6725 6718
6726 6712
6727 6720
6728 6725
6729 6728
6730 6715
6731 6720
6732 6718
6733 6727
6734 6716
6735 6729
6736 6720
6737 6734
6738 6728
6739 6722
6740 6738
6741 6731
6742 6734
6743 6740
6744 6725
6745 6727
6746 6728
6747 6728
6748 6742
6749 6729
6750 6747
6751 6719
6752 6749
6753 6748
6754 6719
6755 6727
6756 6713
6757 6739
6758 6716
6759 6741
6760 6728
6761 6735
6762 6739
6763 6762
6764 478
6765 478
6766 6765
6767 6764
6768 6767
6769 6768
6770 6766
6771 6770
6772 6771
6773 6769
6774 6773
6775 6764
6776 6768
6777 6773
6778 6767
6779 478
6780 6764
6781 6776
6782 6769
6783 6782
6784 6767
6785 6780
6786 6775
6787 6769
6788 6765
6789 6770
6790 6779
6791 6779
6792 6787
6793 6791
6794 6770
6795 6792
6796 6764
6797 6794
6798 6775
6799 6776
6800 6790
6801 6770
6802 478
6803 6790
6804 6793
6805 6777
6806 6779
6807 6790
6808 4787
6809 4787
6810 4787
6811 6810
6812 6809
6813 4787
6814 6811
6815 6812
6816 4787
6817 6811
6818 6814
6819 6808
6820 6817
6821 6819
6822 6819
6823 6816
6824 6822
6825 6818
6826 6817
6827 6820
6828 6816
6829 6814
6830 6820
6831 6824
6832 6828
6833 6826
6834 6814
6835 6826
6836 6835
6837 6823
6838 6817
6839 6826
6840 6820
6841 5387
6842 6841
6843 5387
6844 6841
6845 5387
6846 6845
6847 6846
6848 6841
6849 6841
6850 5387
6851 6842
6852 6845
6853 6845
6854 6850
6855 6850
6856 6843
6857 6856
6858 6846
6859 6854
6860 6858
6861 6852
6862 6843
6863 6853
6864 6860
6865 6852
6866 6857
6867 6866
6868 6856
6869 6854
6870 6849
6871 6864
6872 6857
6873 6846
6874 6866
6875 6872
6876 1080
6877 6876
6878 6877
6879 6878
6880 6879
6881 6880
6882 6881
6883 6882
6884 6883
6885 6884
6886 6885
6887 6886
6888 6887
6889 6888
6890 6889
6891 6890
6892 6891
6893 6892
6894 6893
6895 6894
6896 6895
6897 6896
6898 6897
6899 6898
6900 6899
6901 6900
6902 6901
6903 6902
6904 6903
6905 6904
6906 6905
6907 6906
6908 6907
6909 6908
6910 6909
6911 6910
6912 6911
6913 6912
6914 6913
6915 6914
6916 6915
6917 6916
6918 6917
6919 6918
6920 6919
6921 6920
6922 6921
6923 6922
6924 6923
6925 6924
6926 6925
6927 6926
6928 6927
6929 6928
6930 6929
6931 6930
6932 6931
6933 6932
6934 6933
6935 6934
6936 6935
6937 6936
6938 6937
6939 6938
6940 6939
6941 6940
6942 6941
6943 6942
6944 6943
6945 6944
6946 6945
6947 6946
6948 6947
6949 6948
6950 6949
6951 6950
6952 6951
6953 6952
6954 6953
6955 6954
6956 6955
6957 6956
6958 6957
6959 6958
6960 6959
6961 6960
6962 6961
6963 6962
6964 6963
6965 6964
6966 6965
6967 6966
6967 1080
6968 5635
6969 5635
6970 6969
6971 5635
6972 5635
6973 6968
6974 6972
6975 6970
6976 6971
6977 6973
6978 6968
6979 6971
6980 6972
6981 6974
6982 6976
6983 6978
6984 6972
6985 6973
6986 6982
6987 6982
6988 6971
6989 6979
6990 3424
6991 6990
6992 6991
6993 6992
6994 6993
6995 6994
6996 6995
6997 6996
6998 6997
6999 6998
7000 6999
7001 7000
7002 7001
7003 7002
7004 7003
7005 7004
7006 7005
7007 7006
7008 7007
7009 7008
7010 7009
7011 7010
7012 7011
7013 7012
7014 7013
7015 7014
7016 7015
7017 7016
7018 7017
7019 7018
7020 7019
7021 7020
7022 7021
7023 7022
7024 7023
7025 7024
7026 7025
7027 7026
7028 7027
7029 7028
7030 7029
7031 7030
7032 7031
7033 7032
7034 7033
7035 7034
7036 7035
7037 7036
7038 7037
7039 7038
7040 7039
7041 7040
7042 7041
7043 7042
7044 7043
7045 7044
7046 7045
7047 7046
7048 7047
7049 7048
7050 7049
7051 7050
7052 7051
7053 7052
7054 7053
7055 7054
7056 7055
7057 7056
7058 7057
7059 7058
7060 7059
7061 7060
7062 7061
7063 7062
7064 7063
7065 7064
7066 7065
7067 7066
7068 7067
7069 7068
7070 7069
7071 7070
7072 7071
7073 7072
7073 3424
7074 1514
7075 1514
7076 7074
7077 7075
7078 7077
7079 7076
7080 7074
7081 7076
7082 7076
7083 7082
7084 7083
7085 7074
7086 7074
7087 7082
7088 7078
7089 7086
7090 7077
7091 7081
7092 7086
7093 7078
7094 7092
7095 7079
7096 7074
7097 1514
7098 7075
7099 7086
7100 7091
7101 7085
7102 7080
7103 7077
7104 7076
7105 7104
7106 7104
7107 7081
7108 1514
7109 7104
7110 7094
7111 7076
7112 7097
7113 7098
7114 7105
7115 7078
7116 7082
7117 7112
7118 7076
7119 7103
7120 7107
7121 7082
7122 7103
7123 7113
7124 7084
7125 1514
7126 7106
7127 7117
7128 7093
7129 7095
7130 7098
7131 7121
7132 7080
7133 7128
7134 7121
7135 7081
7136 7103
7137 7108
7138 7075
7139 7093
7140 7103
7141 7091
7142 7077
7143 7129
7144 7079
7145 7112
7146 7122
7147 7081
7148 7123
7149 7131
7150 4572
7151 7150
7152 4572
7153 4572
7154 7153
7155 7150
7156 7153
7157 7151
7158 4572
7159 7158
7160 7154
7161 7152
7162 7150
7163 7152
7164 7160
7165 7162
7166 7156
7167 7156
7168 7161
7169 7167
7170 7161
7171 7170
7172 7164
7173 7172
7174 7157
7175 7173
7176 7168
7177 7169
7178 7175
7179 7171
7180 7165
7181 7155
7182 7168
7183 7179
7184 7181
7185 7154
7186 7172
7187 7161
7188 7181
7189 7163
7190 7172
7191 7185
7192 7155
7193 7175
7194 5949
7195 5949
7196 7194
7197 7196
7198 7197
7199 7198
7200 7198
7201 7197
7202 7199
7203 7195
7204 7200
7205 5949
7206 7203
7207 7199
7208 7204
7209 7203
7210 7203
7211 7201
7212 7209
7213 7212
7214 7196
7215 7200
7216 7194
7217 7210
7218 7208
7219 7201
7220 7197
7221 7194
7222 7195
7223 7210
7224 7204
7225 7214
7226 7223
7227 7223
7228 7208
7229 7203
7230 7221
7231 7216
7232 7201
7233 7196
7234 7218
7235 5949
7236 7206
7237 7218
7238 7195
7239 7213
7240 7236
7241 7218
7242 7209
7243 7234
7244 7203
7245 7214
7246 7226
7247 7245
7248 7197
7249 7228
7250 7230
7251 7238
7252 7197
7253 7245
7254 7219
7255 7225
7256 7194
7257 7239
7258 7254
7259 7253
7260 7201
7261 7252
7262 7243
7263 7218
7264 7233
7265 5949
7266 7240
7267 5949
7268 6428
7269 7268
7270 7269
7271 7270
7272 7271
7273 7272
7274 7273
7275 7274
7276 7275
7277 7276
7278 7277
7279 7278
7280 7279
7281 7280
7282 7281
7283 7282
7284 7283
7285 7284
7286 7285
7287 7286
7288 7287
7289 7288
7290 7289
7291 7290
7292 7291
7293 7292
7294 7293
7295 7294
7296 7295
7297 7296
7298 7297
7299 7298
7300 7299
7301 7300
7302 7301
7303 7302
7304 7303
7305 7304
7306 7305
7307 7306
7308 7307
7309 7308
7310 7309
7311 7310
7312 7311
7313 7312
7314 7313
7315 7314
7316 7315
7317 7316
7318 7317
7319 7318
7320 7319
7321 7320
7322 7321
7323 7322
7324 7323
7325 7324
7326 7325
7327 7326
7328 7327
7329 7328
7330 7329
7331 7330
7332 7331
7333 7332
7334 7333
7334 6428
7335 2746
7336 7335
7337 7336
7338 7337
7339 7338
7340 7339
7341 7340
7342 7341
7343 7342
7344 7343
7345 7344
7346 7345
7347 7346
7348 7347
7349 7348
7350 7349
7351 7350
7352 7351
7353 7352
7354 7353
7355 7354
7356 7355
7357 7356
7358 7357
7359 7358
7360 7359
7361 7360
7362 7361
7363 7362
7364 7363
7365 7364
7366 7365
7367 7366
7368 7367
7369 7368
7370 7369
7371 7370
7372 7371
7373 7372
7374 7373
7375 7374
7376 7375
7377 7376
7378 7377
7379 7378
7380 7379
7381 7380
7382 7381
7383 7382
7384 7383
7385 7384
7386 7385
7387 7386
7388 7387
7389 7388
7390 7389
7391 7390
7392 7391
7393 7392
7394 7393
7395 7394
7396 7395
7397 7396
7398 7397
7399 7398
7400 7399
7401 7400
7402 7401
7403 7402
7404 7403
7405 7404
7406 7405
7407 7406
7408 7407
7409 7408
7410 7409
7411 7410
7412 7411
7413 7412
7414 7413
7415 7414
7416 7415
7417 7416
7418 7417
7419 7418
7420 7419
7420 2746
7421 6908
7422 7421
7423 7422
7424 7423
7425 7424
7426 7425
7427 7426
7428 7427
7429 7428
7430 7429
7431 7430
7432 7431
7433 7432
7434 7433
7435 7434
7436 7435
7437 7436
7438 7437
7439 7438
7440 7439
7441 7440
7442 7441
7443 7442
7444 7443
7445 7444
7446 7445
7447 7446
7448 7447
7449 7448
7449 6908
7450 485
7451 7450
7452 7451
7453 7452
7454 7453
7455 7454
7456 7455
7457 7456
7458 7457
7459 7458
7460 7459
7461 7460
7462 7461
7463 7462
7464 7463
7465 7464
7466 7465
7467 7466
7468 7467
7469 7468
7470 7469
7471 7470
7472 7471
7473 7472
7474 7473
7475 7474
7476 7475
7477 7476
7478 7477
7479 7478
7480 7479
7481 7480
7482 7481
7483 7482
7484 7483
7485 7484
7486 7485
7487 7486
7488 7487
7489 7488
7490 7489
7491 7490
7492 7491
7493 7492
7494 7493
7495 7494
7496 7495
7497 7496
7498 7497
7499 7498
7500 7499
7501 7500
7502 7501
7503 7502
7504 7503
7505 7504
7506 7505
7507 7506
7508 7507
7509 7508
7510 7509
7511 7510
7512 7511
7513 7512
7514 7513
7515 7514
7516 7515
7517 7516
7518 7517
7519 7518
7520 7519
7521 7520
7522 7521
7523 7522
7524 7523
7525 7524
7526 7525
7527 7526
7528 7527
7529 7528
7530 7529
7531 7530
7532 7531
7533 7532
7534 7533
7535 7534
7536 7535
7537 7536
7538 7537
7539 7538
7539 485
7540 4756
7541 7540
7542 7541
7543 7542
7544 7543
7545 7544
7546 7545
7547 7546
7548 7547
7549 7548
7550 7549
7551 7550
7552 7551
7553 7552
7554 7553
7555 7554
7556 7555
7557 7556
7558 7557
7559 7558
7560 7559
7561 7560
7562 7561
7563 7562
7564 7563
7565 7564
7566 7565
7567 7566
7568 7567
7569 7568
7570 7569
7571 7570
7572 7571
7573 7572
7574 7573
7575 7574
7576 7575
7577 7576
7578 7577
7579 7578
7580 7579
7581 7580
7582 7581
7583 7582
7584 7583
7585 7584
7586 7585
7587 7586
7588 7587
7589 7588
7590 7589
7591 7590
7592 7591
7593 7592
7594 7593
7595 7594
7596 7595
7597 7596
7598 7597
7599 7598
7600 7599
7601 7600
7602 7601
7603 7602
7604 7603
7605 7604
7606 7605
7607 7606
7608 7607
7609 7608
7609 4756
7610 6851
7611 7610
7612 7611
7613 7612
7614 7613
7615 7614
7616 7615
7617 7616
7618 7617
7619 7618
7620 7619
7621 7620
7622 7621
7623 7622
7624 7623
7625 7624
7626 7625
7627 7626
7628 7627
7629 7628
7630 7629
7631 7630
7632 7631
7633 7632
7634 7633
7635 7634
7636 7635
7637 7636
7638 7637
7639 7638
7640 7639
7641 7640
7641 6851
7642 4950
7643 7642
7644 7643
7645 7644
7646 7645
7647 7646
7648 7647
7649 7648
7650 7649
7651 7650
7652 7651
7653 7652
7654 7653
7655 7654
7656 7655
7657 7656
7658 7657
7659 7658
7660 7659
7661 7660
7662 7661
7663 7662
7664 7663
7665 7664
7666 7665
7667 7666
7668 7667
7669 7668
7670 7669
7671 7670
7672 7671
7673 7672
7674 7673
7675 7674
7676 7675
7677 7676
7678 7677
7679 7678
7680 7679
7681 7680
7682 7681
7683 7682
7684 7683
7685 7684
7686 7685
7687 7686
7688 7687
7689 7688
7690 7689
7691 7690
7692 7691
7693 7692
7694 7693
7695 7694
7696 7695
7697 7696
7698 7697
7699 7698
7700 7699
7701 7700
7702 7701
7703 7702
7704 7703
7705 7704
7706 7705
7707 7706
7708 7707
7709 7708
7710 7709
7711 7710
7712 7711
7713 7712
7714 7713
7715 7714
7716 7715
7717 7716
7718 7717
7719 7718
7719 4950
7720 2035
7721 7720
7722 7721
7723 7722
7724 7723
7725 7724
7726 7725
7727 7726
7728 7727
7729 7728
7730 7729
7731 7730
7732 7731
7733 7732
7734 7733
7735 7734
7736 7735
7737 7736
7738 7737
7739 7738
7740 7739
7741 7740
7742 7741
7743 7742
7744 7743
7745 7744
7746 7745
7747 7746
7748 7747
7749 7748
7750 7749
7751 7750
7752 7751
7753 7752
7754 7753
7755 7754
7756 7755
7757 7756
7758 7757
7759 7758
7760 7759
7761 7760
7762 7761
7763 7762
7764 7763
7765 7764
7766 7765
7767 7766
7768 7767
7769 7768
7770 7769
7771 7770
7772 7771
7773 7772
7774 7773
7775 7774
7776 7775
7777 7776
7778 7777
7779 7778
7780 7779
7781 7780
7782 7781
7783 7782
7784 7783
7785 7784
7786 7785
7787 7786
7787 2035
7788 596
7789 7788
7790 7789
7791 7790
7792 7791
7793 7792
7794 7793
7795 7794
7796 7795
7797 7796
7798 7797
7799 7798
7800 7799
7801 7800
7802 7801
7803 7802
7804 7803
7805 7804
7806 7805
7807 7806
7808 7807
7809 7808
7810 7809
7811 7810
7812 7811
7813 7812
7814 7813
7815 7814
7816 7815
7817 7816
7818 7817
7819 7818
7820 7819
7821 7820
7822 7821
7823 7822
7823 596
7824 9
7825 9
7826 7825
7827 7826
7828 9
7829 7828
7830 7825
7831 7824
7832 7830
7833 7827
7834 7830
7835 7828
7836 7831
7837 7825
7838 7830
7839 7832
7840 7835
7841 7828
7842 7832
7843 7825
7844 7838
7845 7844
7846 7840
7847 7825
7848 7833
7849 7843
7850 7832
7851 7834
7852 7835
7853 7839
7854 7845
7855 7840
7856 7824
7857 7848
7858 7834
7859 7858
7860 7845
7861 7858
7862 7836
7863 7842
7864 7852
7865 7864
7866 7848
7867 7860
7868 2751
7869 2751
7870 2751
7871 7868
7872 7870
7873 7871
7874 7870
7875 7873
7876 7868
7877 7869
7878 7872
7879 7874
7880 2751
7881 7869
7882 2751
7883 7878
7884 7877
7885 7878
7886 7869
7887 7868
7888 7883
7889 7878
7890 7881
7891 7886
7892 7889
7893 7868
7894 7868
7895 7883
7896 7893
7897 7888
7898 7895
7899 7893
7900 7873
7901 7891
7902 7886
7903 7871
7904 7897
7905 7870
7906 7893
7907 7896
7908 7888
7909 7880
7910 7882
7911 7871
7912 7889
7913 7899
7914 7872
7915 7877
7916 7885
7917 7880
7918 7908
7919 7875
7920 7906
7921 7907
7922 7896
7923 7905
7924 7889
7925 7915
7926 7880
7927 7895
7928 7912
7929 7871
7930 7886
7931 7888
7932 7882
7933 7923
7934 7925
7935 7926
7936 7877
7937 7882
7938 7898
7939 7927
7940 7930
7941 7895
7942 7877
7943 7911
7944 7937
7945 5069
7946 7945
7947 7946
7948 7945
7949 5069
7950 7946
7951 7945
7952 7945
7953 7950
7954 7952
7955 7954
7956 7951
7957 7949
7958 7954
7959 7950
7960 7950
7961 7959
7962 7945
7963 7947
7964 7952
7965 7950
7966 7956
7967 7945
7968 7952
7969 7953
7970 7956
7971 7947
7972 7948
7973 7956
7974 7949
7975 7951
7976 7956
7977 7968
7978 7947
7979 7960
7980 7973
7981 5069
7982 7945
7983 7963
7984 5069
7985 7981
7986 5069
7987 7953
7988 7956
7989 7984
7990 7957
7991 7969
7992 7960
7993 5069
7994 7990
7995 7969
7996 7950
7997 7977
7998 7975
7999 7977
8000 7977
8001 7985
8002 7993
8003 7970
8004 7967
8005 7992
8006 7986
8007 8003
8008 7968
8009 7954
8010 7982
8011 7947
8012 7962
8013 7960
8014 7973
8015 8000
8016 7946
8017 7954
8018 7995
8019 2775
8020 8019
8021 8020
8022 8021
8023 8022
8024 8023
8025 8024
8026 8025
8027 8026
8028 8027
8029 8028
8030 8029
8031 8030
8032 8031
8033 8032
8034 8033
8035 8034
8036 8035
8037 8036
8038 8037
8039 8038
8040 8039
8041 8040
8042 8041
8043 8042
8044 8043
8045 8044
8046 8045
8047 8046
8048 8047
8049 8048
8050 8049
8051 8050
8052 8051
8053 8052
8054 8053
8055 8054
8056 8055
8057 8056
8058 8057
8059 8058
8060 8059
8061 8060
8062 8061
8063 8062
8064 8063
8064 2775
8065 6970
8066 8065
8067 8065
8068 6970
8069 8065
8070 8069
8071 8066
8072 8068
8073 8072
8074 8067
8075 8068
8076 8068
8077 8076
8078 8076
8079 8068
8080 8070
8081 8067
8082 8080
8083 8076
8084 8078
8085 8069
8086 8084
8087 8078
8088 8077
8089 8069
8090 8073
8091 8082
8092 8071
8093 8068
8094 8065
8095 8092
8096 8070
8097 8083
8098 8069
8099 8080
8100 8065
8101 8065
8102 8065
8103 8080
8104 8093
8105 8092
8106 8098
8107 8081
8108 8083
8109 8073
8110 8084
8111 8066
8112 8080
8113 8103
8114 8087
8115 8094
8116 6970
8117 8077
8118 8114
8119 8118
8120 8092
8121 8090
8122 8092
8123 8089
8124 8092
8125 8100
8126 8096
8127 8085
8128 8125
8129 8125
8130 8127
8131 8070
8132 8068
8133 8069
8134 8126
8135 8103
8136 8097
8137 8094
8138 8079
8139 8091
8140 8121
8141 8101
8142 8140
8143 8079
8144 8085
8145 8128
8146 8119
8147 6504
8148 8147
8149 8148
8150 8149
8151 8150
8152 8151
8153 8152
8154 8153
8155 8154
8156 8155
8157 8156
8158 8157
8159 8158
8160 8159
8161 8160
8162 8161
8163 8162
8164 8163
8165 8164
8166 8165
8167 8166
8168 8167
8169 8168
8170 8169
8171 8170
8172 8171
8173 8172
8174 8173
8175 8174
8176 8175
8177 8176
8178 8177
8179 8178
8180 8179
8181 8180
8182 8181
8183 8182
8184 8183
8185 8184
8186 8185
8187 8186
8188 8187
8189 8188
8190 8189
8191 8190
8191 6504
8192 3538
8193 3538
8194 3538
8195 8192
8196 8194
8197 8193
8198 8194
8199 8194
8200 3538
8201 8200
8202 8198
8203 8195
8204 8202
8205 8192
8206 8199
8207 8197
8208 8202
8209 8193
8210 8205
8211 8203
8212 8200
8213 8206
8214 8196
8215 8202
8216 8212
8217 8212
8218 8207
8219 8208
8220 8208
8221 8200
8222 8213
8223 8196
8224 8211
8225 8213
8226 8208
8227 8205
8228 8194
8229 8206
8230 8218
8231 8225
8232 8226
8233 8202
8234 8195
8235 8204
8236 8233
8237 8224
8238 8223
8239 3538
8240 8204
8241 8221
8242 7735
8243 7735
8244 8242
8245 7735
8246 8244
8247 8245
8248 8245
8249 8248
8250 8246
8251 7735
8252 7735
8253 8243
8254 8243
8255 8253
8256 1970
8257 8256
8258 1970
8259 8257
8260 8256
8261 8258
8262 8260
8263 8259
8264 1970
8265 8260
8266 8265
8267 8260
8268 8264
8269 8266
8270 8260
8271 4598
8272 8271
8273 8272
8274 8273
8275 8274
8276 8275
8276 4598
8277 3842
8278 8277
8279 8278
8280 3842
8281 8280
8282 8278
8283 8280
8284 8282
8285 8281
8286 8279
8287 8279
8288 8285
8289 8282
8290 8283
8291 8288
8292 8286
8293 8288
8294 8282
8295 8287
8296 8289
8297 8279
8298 8280
8299 8286
8300 8292
8301 8277
8302 8280
8303 8301
8304 8277
8305 8285
8306 8293
8307 8281
8308 8305
8309 8300
8310 8296
8311 8298
8312 8294
8313 8290
8314 8291
8315 8296
8316 8314
8317 8282
8318 8277
8319 8306
8320 8309
8321 8287
8322 8304
8323 8298
8324 8307
8325 8293
8326 8310
8327 8305
8328 8295
8329 8313
8330 8292
8331 8326
8332 8305
8333 8309
8334 8295
8335 8322
8336 8317
8337 8319
8338 8324
8339 8334
8340 8298
8341 8289
8342 8293
8343 8287
8344 8280
8345 8293
8346 8344
8347 8319
8348 8291
8349 8321
8350 8313
8351 8285
8352 8318
8353 8321
8354 8331
8355 8312
8356 8352
8357 228
8358 228
8359 228
8360 8359
8361 8357
8362 228
8363 8358
8364 8362
8365 8357
8366 8360
8367 8365
8368 8360
8369 8361
8370 8367
8371 8366
8372 8371
8373 8363
8374 8370
8375 8370
8376 8366
8377 8359
8378 8376
8379 8358
8380 8371
8381 8380
8382 8374
8383 8369
8384 8379
8385 7027
8386 8385
8387 8386
8388 8385
8389 8387
8390 8389
8391 8387
8392 8385
8393 8390
8394 8388
8395 8394
8396 8385
8397 7027
8398 8396
8399 8386
8400 8386
8401 8397
8402 8394
8403 8400
8404 8401
8405 8392
8406 8397
8407 8393
8408 8400
8409 8385
8410 8393
8411 8406
8412 8410
8413 8401
8414 8401
8415 8406
8416 8394
8417 8399
8418 8401
8419 8410
8420 8412
8421 8387
8422 3668
8423 8422
8424 8423
8425 8424
8426 8425
8427 8426
8428 8427
8429 8428
8430 8429
8431 8430
8432 8431
8433 8432
8434 8433
8435 8434
8436 8435
8437 8436
8438 8437
8439 8438
8440 8439
8441 8440
8442 8441
8443 8442
8444 8443
8445 8444
8446 8445
8447 8446
8448 8447
8449 8448
8450 8449
8451 8450
8452 8451
8453 8452
8454 8453
8455 8454
8456 8455
8457 8456
8458 8457
8459 8458
8460 8459
8461 8460
8462 8461
8463 8462
8464 8463
8465 8464
8466 8465
8467 8466
8468 8467
8469 8468
8470 8469
8471 8470
8472 8471
8473 8472
8474 8473
8475 8474
8476 8475
8477 8476
8478 8477
8479 8478
8480 8479
8481 8480
8482 8481
8483 8482
8484 8483
8485 8484
8486 8485
8487 8486
8488 8487
8488 3668
8489 8314
8490 8489
8491 8490
8492 8491
8493 8492
8494 8493
8495 8494
8496 8495
8497 8496
8498 8497
8499 8498
8500 8499
8501 8500
8502 8501
8503 8502
8504 8503
8505 8504
8506 8505
8507 8506
8507 8314
8508 7559
8509 8508
8510 8509
8511 8509
8512 7559
8513 8509
8514 8513
8515 8511
8516 8508
8517 8516
8518 8508
8519 8510
8520 8510
8521 2469
8522 8521
8523 8522
8524 8523
8525 8524
8526 8525
8527 8526
8528 8527
8529 8528
8530 8529
8531 8530
8532 8531
8533 8532
8534 8533
8535 8534
8536 8535
8537 8536
8538 8537
8539 8538
8540 8539
8541 8540
8542 8541
8543 8542
8544 8543
8545 8544
8546 8545
8547 8546
8548 8547
8549 8548
8550 8549
8551 8550
8552 8551
8553 8552
8554 8553
8555 8554
8556 8555
8557 8556
8558 8557
8559 8558
8560 8559
8561 8560
8562 8561
8563 8562
8564 8563
8565 8564
8566 8565
8567 8566
8568 8567
8569 8568
8570 8569
8571 8570
8572 8571
8573 8572
8574 8573
8575 8574
8576 8575
8577 8576
8578 8577
8579 8578
8580 8579
8581 8580
8582 8581
8583 8582
8584 8583
8585 8584
8586 8585
8587 8586
8588 8587
8589 8588
8590 8589
8591 8590
8592 8591
8593 8592
8594 8593
8595 8594
8596 8595
8596 2469
8597 1688
8598 8597
8599 8597
8600 8598
8601 8597
8602 8601
8603 8602
8604 8597
8605 8600
8606 8598
8607 8599
8608 8601
8609 8601
8610 8606
8611 8606
8612 8610
8613 8610
8614 8600
8615 8601
8616 8610
8617 8610
8618 8608
8619 8609
8620 8604
8621 8611
8622 8599
8623 8607
8624 8605
8625 8608
8626 8610
8627 8620
8628 8615
8629 8603
8630 8629
8631 8625
8632 8616
8633 8613
8634 8601
8635 8617
8636 8615
8637 8604
8638 8610
8639 8628
8640 8604
8641 8633
8642 8606
8643 8637
8644 8611
8645 8617
8646 8626
8647 8621
8648 8598
8649 8640
8650 8619
8651 8604
8652 8616
8653 1688
8654 8648
8655 8609
8656 8606
8657 8622
8658 8613
8659 8640
8660 8609
8661 2248
8662 8661
8663 8662
8664 8663
8665 8664
8666 8665
8667 8666
8668 8667
8669 8668
8670 8669
8671 8670
8672 8671
8673 8672
8674 8673
8675 8674
8676 8675
8677 8676
8678 8677
8679 8678
8680 8679
8681 8680
8682 8681
8683 8682
8684 8683
8685 8684
8686 8685
8687 8686
8688 8687
8689 8688
8690 8689
8691 8690
8692 8691
8693 8692
8694 8693
8695 8694
8696 8695
8697 8696
8698 8697
8699 8698
8700 8699
8701 8700
8702 8701
8703 8702
8704 8703
8705 8704
8706 8705
8707 8706
8708 8707
8709 8708
8710 8709
8711 8710
8712 8711
8713 8712
8714 8713
8715 8714
8716 8715
8717 8716
8718 8717
8719 8718
8720 8719
8721 8720
8722 8721
8723 8722
8724 8723
8725 8724
8726 8725
8727 8726
8728 8727
8729 8728
8730 8729
8731 8730
8732 8731
8733 8732
8734 8733
8735 8734
8736 8735
8737 8736
8738 8737
8739 8738
8740 8739
8741 8740
8742 8741
8743 8742
8744 8743
8745 8744
8746 8745
8747 8746
8747 2248
8748 2579
8749 2579
8750 8748
8751 2579
8752 8748
8753 8750
8754 8749
8755 8748
8756 8755
8757 8754
8758 8755
8759 459
8760 8759
8761 8760
8762 8761
8763 8762
8764 8763
8765 8764
8766 8765
8767 8766
8768 8767
8769 8768
8770 8769
8771 8770
8772 8771
8773 8772
8774 8773
8775 8774
8776 8775
8777 8776
8778 8777
8779 8778
8780 8779
8781 8780
8782 8781
8783 8782
8784 8783
8785 8784
8786 8785
8787 8786
8788 8787
8789 8788
8790 8789
8791 8790
8792 8791
8793 8792
8794 8793
8795 8794
8796 8795
8797 8796
8798 8797
8799 8798
8800 8799
8801 8800
8802 8801
8803 8802
8804 8803
8805 8804
8806 8805
8807 8806
8808 8807
8809 8808
8810 8809
8811 8810
8812 8811
8813 8812
8813 459
8814 4833
8815 8814
8816 8815
8817 8816
8818 8817
8819 8818
8820 8819
8821 8820
8822 8821
8823 8822
8824 8823
8825 8824
8826 8825
8827 8826
8828 8827
8829 8828
8830 8829
8831 8830
8832 8831
8833 8832
8834 8833
8835 8834
8836 8835
8837 8836
8838 8837
8839 8838
8840 8839
8841 8840
8842 8841
8843 8842
8844 8843
8845 8844
8846 8845
8847 8846
8848 8847
8849 8848
8850 8849
8851 8850
8852 8851
8853 8852
8854 8853
8855 8854
8856 8855
8857 8856
8858 8857
8859 8858
8860 8859
8861 8860
8862 8861
8863 8862
8864 8863
8865 8864
8866 8865
8867 8866
8868 8867
8869 8868
8870 8869
8871 8870
8872 8871
8873 8872
8874 8873
8875 8874
8876 8875
8877 8876
8878 8877
8879 8878
8880 8879
8881 8880
8882 8881
8883 8882
8884 8883
8885 8884
8886 8885
8887 8886
8888 8887
8889 8888
8890 8889
8891 8890
8892 8891
8893 8892
8894 8893
8895 8894
8895 4833
8896 4885
8897 8896
8898 8897
8899 8898
8900 8899
8901 8900
8902 8901
8903 8902
8904 8903
8905 8904
8906 8905
8907 8906
8908 8907
8909 8908
8909 4885
8910 4705
8911 8910
8912 8911
8913 8912
8914 8913
8915 8914
8916 8915
8917 8916
8918 8917
8919 8918
8920 8919
8921 8920
8922 8921
8923 8922
8924 8923
8925 8924
8926 8925
8927 8926
8928 8927
8929 8928
8930 8929
8931 8930
8932 8931
8933 8932
8934 8933
8935 8934
8936 8935
8937 8936
8938 8937
8939 8938
8940 8939
8941 8940
8942 8941
8943 8942
8944 8943
8945 8944
8946 8945
8947 8946
8948 8947
8949 8948
8950 8949
8951 8950
8952 8951
8953 8952
8954 8953
8955 8954
8956 8955
8957 8956
8958 8957
8959 8958
8960 8959
8961 8960
8962 8961
8963 8962
8964 8963
8965 8964
8965 4705
8966 804
8967 8966
8968 8967
8969 8968
8970 8969
8971 8970
8972 8971
8973 8972
8974 8973
8975 8974
8976 8975
8977 8976
8978 8977
8979 8978
8980 8979
8981 8980
8982 8981
8983 8982
8984 8983
8985 8984
8986 8985
8987 8986
8988 8987
8989 8988
8990 8989
8991 8990
8992 8991
8993 8992
8994 8993
8995 8994
8996 8995
8997 8996
8998 8997
8999 8998
9000 8999
9001 9000
9002 9001
9003 9002
9004 9003
9005 9004
9006 9005
9007 9006
9008 9007
9009 9008
9010 9009
9011 9010
9012 9011
9013 9012
9014 9013
9015 9014
9016 9015
9017 9016
9017 804
9018 5868
9019 9018
9020 9019
9021 9020
9022 9021
9023 9022
9024 9023
9025 9024
9026 9025
9027 9026
9028 9027
9029 9028
9030 9029
9031 9030
9032 9031
9033 9032
9034 9033
9035 9034
9036 9035
9037 9036
9038 9037
9039 9038
9040 9039
9041 9040
9042 9041
9043 9042
9044 9043
9045 9044
9046 9045
9047 9046
9048 9047
9049 9048
9050 9049
9051 9050
9052 9051
9053 9052
9054 9053
9055 9054
9056 9055
9057 9056
9058 9057
9059 9058
9060 9059
9061 9060
9062 9061
9063 9062
9064 9063
9065 9064
9066 9065
9067 9066
9068 9067
9069 9068
9069 5868
9070 168
9071 9070
9072 9071
9073 9072
9074 9073
9075 9074
9076 9075
9077 9076
9078 9077
9079 9078
9080 9079
9081 9080
9082 9081
9083 9082
9084 9083
9085 9084
9086 9085
9087 9086
9088 9087
9089 9088
9090 9089
9091 9090
9092 9091
9093 9092
9094 9093
9095 9094
9096 9095
9097 9096
9098 9097
9099 9098
9100 9099
9101 9100
9102 9101
9103 9102
9104 9103
9105 9104
9106 9105
9107 9106
9108 9107
9109 9108
9110 9109
9111 9110
9112 9111
9113 9112
9114 9113
9115 9114
9115 168
9116 5733
9117 5733
9118 5733
9119 5733
9120 9117
9121 9118
9122 9116
9123 5733
9124 9116
9125 9116
9126 9116
9127 9119
9128 9124
9129 9120
9130 9127
9131 9129
9132 9125
9133 9117
9134 9131
9135 9127
9136 9119
9137 9127
9138 9135
9139 9121
9140 9127
9141 9131
9142 9131
9143 9142
9144 9138
9145 9118
9146 9120
9147 9144
9148 9129
9149 9132
9150 9141
9151 9139
9152 9117
9153 9143
9154 9141
9155 9122
9156 9142
9157 9131
9158 9124
9159 9131
9160 9150
9161 9122
9162 9141
9163 9158
9164 9153
9165 9135
9166 9158
9167 9117
9168 9134
9169 9148
9170 9165
9171 9167
9172 9143
9173 9157
9174 9116
9175 9124
9176 9160
9177 9151
9178 9172
9179 9163
9180 9153
9181 9142
9182 9159
9183 9124
9184 9160
9185 9184
9186 9127
9187 9175
9188 9152
9189 9136
9190 9186
9191 9171
9192 9180
9193 9122
9194 9176
9195 9135
9196 9165
9197 9134
9198 9197
9199 9181
9200 9186
9201 9141
9202 9116
9203 1904
9204 1904
9205 1904
9206 1904
9207 9205
9208 9204
9209 9204
9210 1904
9211 9204
9212 9209
9213 9204
9214 9210
9215 9210
9216 9204
9217 9205
9218 9207
9219 9215
9220 9217
9221 9206
9222 9204
9223 9214
9224 9213
9225 9208
9226 9205
9227 9203
9228 9203
9229 9227
9230 9217
9231 9229
9232 9221
9233 9226
9234 9233
9235 9209
9236 9206
9237 9211
9238 1904
9239 9226
9240 9211
9241 9235
9242 9231
9243 9242
9244 9212
9245 9219
9246 9241
9247 9204
9248 9243
9249 9220
9250 180
9251 180
9252 6467
9253 9252
9254 9253
9255 9254
9256 9255
9257 9256
9258 9257
9259 9258
9260 9259
9261 9260
9262 9261
9263 9262
9264 9263
9265 9264
9266 9265
9267 9266
9268 9267
9269 9268
9270 9269
9271 9270
9272 9271
9273 9272
9274 9273
9275 9274
9276 9275
9277 9276
9278 9277
9279 9278
9280 9279
9281 9280
9282 9281
9283 9282
9284 9283
9285 9284
9286 9285
9287 9286
9288 9287
9289 9288
9290 9289
9291 9290
9292 9291
9293 9292
9294 9293
9295 9294
9296 9295
9296 6467
9297 5125
9298 9297
9299 9298
9300 9299
9301 9300
9302 9301
9303 9302
9304 9303
9305 9304
9306 9305
9307 9306
9308 9307
9309 9308
9310 9309
9311 9310
9312 9311
9313 9312
9314 9313
9315 9314
9316 9315
9317 9316
9318 9317
9319 9318
9320 9319
9321 9320
9322 9321
9323 9322
9324 9323
9325 9324
9326 9325
9327 9326
9328 9327
9329 9328
9330 9329
9331 9330
9332 9331
9333 9332
9334 9333
9335 9334
9335 5125
9336 9215
9337 9336
9338 9337
9339 9338
9340 9339
9341 9340
9342 9341
9343 9342
9344 9343
9345 9344
9346 9345
9347 9346
9348 9347
9349 9348
9350 9349
9351 9350
9352 9351
9353 9352
9354 9353
9355 9354
9356 9355
9357 9356
9358 9357
9359 9358
9360 9359
9361 9360
9362 9361
9363 9362
9364 9363
9365 9364
9366 9365
9367 9366
9368 9367
9369 9368
9370 9369
9371 9370
9372 9371
9373 9372
9374 9373
9375 9374
9376 9375
9377 9376
9378 9377
9379 9378
9380 9379
9381 9380
9382 9381
9383 9382
9384 9383
9385 9384
9386 9385
9387 9386
9388 9387
9389 9388
9390 9389
9391 9390
9392 9391
9393 9392
9394 9393
9395 9394
9396 9395
9397 9396
9398 9397
9399 9398
9400 9399
9401 9400
9402 9401
9403 9402
9404 9403
9405 9404
9406 9405
9407 9406
9408 9407
9409 9408
9410 9409
9411 9410
9412 9411
9413 9412
9414 9413
9415 9414
9416 9415
9416 9215
9417 7282
9418 9417
9419 9417
9420 7282
9421 9417
9422 9419
9423 7282
9424 9418
9425 9424
9426 9420
9427 9419
9428 9424
9429 9426
9430 9428
9431 9424
9432 9428
9433 9421
9434 9418
9435 9421
9436 9420
9437 9424
9438 9420
9439 9428
9440 9420
9441 9436
9442 9418
9443 9427
9444 7282
9445 9419
9446 9437
9447 9417
9448 9432
9449 9441
9450 9448
9451 9448
9452 9419
9453 9429
9454 9436
9455 9441
9456 9437
9457 9425
9458 9443
9459 9431
9460 9453
9461 9427
9462 9423
9463 9451
9464 9455
9465 9428
9466 9426
9467 9447
9468 9459
9469 9451
9470 9436
9471 9450
9472 9436
9473 9466
9474 9443
9475 9423
9476 9450
9477 9463
9478 9432
9479 9430
9480 9425
9481 9449
9482 9469
9483 9424
9484 9451
9485 9433
9486 9433
9487 9483
9488 9418
9489 503
9490 9489
9491 9490
9492 9491
9493 9492
9494 9493
9495 9494
9496 9495
9497 9496
9498 9497
9499 9498
9500 9499
9501 9500
9502 9501
9503 9502
9504 9503
9505 9504
9506 9505
9507 9506
9508 9507
9509 9508
9510 9509
9511 9510
9512 9511
9513 9512
9514 9513
9515 9514
9516 9515
9517 9516
9518 9517
9519 9518
9520 9519
9521 9520
9522 9521
9523 9522
9524 9523
9525 9524
9526 9525
9527 9526
9528 9527
9529 9528
9530 9529
9531 9530
9532 9531
9533 9532
9534 9533
9534 503
9535 2544
9536 9535
9537 9536
9538 9535
9539 2544
9540 2544
9541 9539
9542 9539
9543 9538
9544 2544
9545 9541
9546 9543
9547 2544
9548 9535
9549 9538
9550 9549
9551 9536
9552 9539
9553 9546
9554 9551
9555 9552
9556 9546
9557 2544
9558 9553
9559 2544
9560 9554
9561 9544
9562 9537
9563 9535
9564 9547
9565 3535
9566 9565
9567 9566
9568 9567
9569 9568
9570 9569
9571 9570
9572 9571
9573 9572
9574 9573
9575 9574
9576 9575
9577 9576
9578 9577
9579 9578
9580 9579
9581 9580
9582 9581
9583 9582
9584 9583
9585 9584
9586 9585
9587 9586
9588 9587
9589 9588
9590 9589
9591 9590
9592 9591
9593 9592
9594 9593
9595 9594
9596 9595
9597 9596
9598 9597
9599 9598
9600 9599
9601 9600
9602 9601
9603 9602
9604 9603
9605 9604
9606 9605
9607 9606
9608 9607
9609 9608
9610 9609
9611 9610
9612 9611
9613 9612
9614 9613
9615 9614
9615 3535
9616 8815
9617 9616
9618 9617
9619 9617
9620 647
9621 9620
9622 9621
9622 647
9623 2473
9624 2473
9625 9623
9626 9624
9627 9624
9628 9624
9629 9626
9630 2473
9631 9625
9632 9629
9633 2473
9634 9627
9635 9631
9636 9625
9637 9634
9638 9627
9639 9625
9640 9638
9641 9632
9642 9637
9643 9638
9644 9634
9645 9636
9646 9637
9647 9642
9648 9642
9649 9632
9650 9630
9651 9643
9652 9638
9653 9644
9654 9640
9655 9629
9656 9625
9657 9637
9658 9631
9659 9634
9660 9624
9661 9656
9662 9634
9663 9642
9664 9638
9665 4757
9666 9665
9667 9666
9668 9667
9669 9668
9670 9669
9671 9670
9672 9671
9673 9672
9674 9673
9675 9674
9676 9675
9677 9676
9678 9677
9679 9678
9680 9679
9681 9680
9682 9681
9683 9682
9684 9683
9685 9684
9686 9685
9687 9686
9688 9687
9689 9688
9690 9689
9691 9690
9692 9691
9693 9692
9694 9693
9695 9694
9696 9695
9697 9696
9698 9697
9699 9698
9700 9699
9701 9700
9702 9701
9703 9702
9704 9703
9705 9704
9706 9705
9707 9706
9708 9707
9709 9708
9710 9709
9711 9710
9712 9711
9713 9712
9714 9713
9715 9714
9716 9715
9717 9716
9718 9717
9719 9718
9720 9719
9721 9720
9722 9721
9723 9722
9724 9723
9725 9724
9726 9725
9727 9726
9728 9727
9729 9728
9730 9729
9731 9730
9732 9731
9733 9732
9734 9733
9735 9734
9736 9735
9737 9736
9738 9737
9738 4757
9739 2028
9740 9739
9741 9740
9742 9741
9743 9742
9744 9743
9745 9744
9746 9745
9747 9746
9748 9747
9749 9748
9750 9749
9751 9750
9752 9751
9753 9752
9754 9753
9755 9754
9756 9755
9757 9756
9758 9757
9759 9758
9760 9759
9761 9760
9762 9761
9763 9762
9764 9763
9765 9764
9766 9765
9767 9766
9768 9767
9769 9768
9770 9769
9771 9770
9772 9771
9773 9772
9774 9773
9775 9774
9776 9775
9777 9776
9778 9777
9779 9778
9780 9779
9781 9780
9782 9781
9783 9782
9784 9783
9785 9784
9786 9785
9786 2028
9787 7319
9788 9787
9789 9788
9790 9789
9790 7319
9791 6407
9792 9791
9793 6407
9794 9792
9795 9791
9796 9791
9797 9791
9798 9793
9799 6407
9800 9795
9801 9792
9802 9796
9803 9799
9804 9792
9805 9791
9806 6407
9807 9805
9808 9797
9809 9793
9810 9798
9811 9805
9812 9807
9813 9803
9814 9805
9815 9796
9816 9807
9817 9816
9818 9808
9819 9800
9820 9793
9821 9812
9822 9794
9823 9804
9824 9814
9825 6407
9826 9824
9827 9801
9828 9804
9829 9805
9830 9794
9831 9814
9832 9803
9833 9828
9834 9804
9835 9834
9836 9829
9837 9814
9838 9827
9839 9820
9840 9797
9841 9803
9842 9792
9843 9793
9844 9823
9845 9795
9846 9817
9847 9800
9848 9847
9849 9829
9850 9828
9851 9840
9852 9845
9853 9826
9854 9818
9855 9792
9856 9819
9857 9856
9858 9848
9859 9802
9860 6407
9861 9806
9862 9801
9863 9858
9864 9842
9865 9853
9866 9795
9867 9845
9868 9810
9869 9838
9870 9837
9871 9848
9872 9816
9873 9800
9874 9844
9875 9811
9876 9828
9877 9829
9878 9859
9879 9857
9880 9807
9881 9865
9882 9853
9883 9847
9884 9876
9885 9825
9886 9528
9887 9886
9888 9887
9889 9888
9890 9889
9891 9890
9892 9891
9893 9892
9894 9893
9895 9894
9896 9895
9897 9896
9898 9897
9899 9898
9900 9899
9901 9900
9902 9901
9903 9902
9904 9903
9905 9904
9906 9905
9907 9906
9908 9907
9909 9908
9910 9909
9911 9910
9912 9911
9913 9912
9914 9913
9915 9914
9916 9915
9917 9916
9918 9917
9919 9918
9920 9919
9921 9920
9922 9921
9923 9922
9924 9923
9925 9924
9926 9925
9927 9926
9928 9927
9929 9928
9930 9929
9931 9930
9932 9931
9933 9932
9934 9933
9935 9934
9936 9935
9937 9936
9938 9937
9939 9938
9940 9939
9941 9940
9942 9941
9943 9942
9944 9943
9945 9944
9946 9945
9947 9946
9948 9947
9949 9948
9950 9949
9951 9950
9952 9951
9953 9952
9954 9953
9955 9954
9956 9955
9957 9956
9958 9957
9958 9528
9959 3413
9960 9959
9961 9960
9962 9961
9963 9962
9964 9963
9965 9964
9966 9965
9967 9966
9968 9967
9969 9968
9970 9969
9971 9970
9972 9971
9973 9972
9974 9973
9975 9974
9976 9975
9977 9976
9978 9977
9979 9978
9980 9979
9981 9980
9982 9981
9983 9982
9984 9983
9985 9984
9986 9985
9987 9986
9988 9987
9989 9988
9990 9989
9991 9990
9992 9991
9993 9992
9994 9993
9995 9994
9996 9995
9997 9996
9998 9997
9999 9998
10000 9999
10000 3413
