1000 1498
2 1
3 2
3 1
4 3
5 4
5 3
6 4
7 6
7 4
8 6
9 8
9 6
10 1
11 10
11 1
12 2
13 12
13 2
14 8
15 14
15 8
16 12
17 16
17 12
18 1
19 18
19 1
20 9
21 20
21 9
22 19
23 22
23 19
24 14
25 24
25 14
26 15
27 26
27 15
28 3
29 28
29 3
30 5
31 30
31 5
32 10
33 32
33 10
34 24
35 34
35 24
36 8
37 36
37 8
38 19
39 38
39 19
40 2
41 40
41 2
42 24
43 42
43 24
44 3
45 44
45 3
46 8
47 46
47 8
48 17
49 48
49 17
50 13
51 50
51 13
52 18
53 52
53 18
54 21
55 54
55 21
56 10
57 56
57 10
58 23
59 58
59 23
60 23
61 60
61 23
62 57
63 62
63 57
64 29
65 64
65 29
66 24
67 66
67 24
68 65
69 68
69 65
70 34
71 70
71 34
72 19
73 72
73 19
74 70
75 74
75 70
76 43
77 76
77 43
78 56
79 78
79 56
80 69
81 80
81 69
82 55
83 82
83 55
84 1
85 84
85 1
86 23
87 86
87 23
88 27
89 88
89 27
90 84
91 90
91 84
92 82
93 92
93 82
94 51
95 94
95 51
96 21
97 96
97 21
98 47
99 98
99 47
100 27
101 100
101 27
102 52
103 102
103 52
104 94
105 104
105 94
106 87
107 106
107 87
108 18
109 108
109 18
110 78
111 110
111 78
112 77
113 112
113 77
114 91
115 114
115 91
116 12
117 116
117 12
118 11
119 118
119 11
120 37
121 120
121 37
122 87
123 122
123 87
124 45
125 124
125 45
126 38
127 126
127 38
128 61
129 128
129 61
130 33
131 130
131 33
132 86
133 132
133 86
134 62
135 134
135 62
136 119
137 136
137 119
138 47
139 138
139 47
140 72
141 140
141 72
142 112
143 142
143 112
144 130
145 144
145 130
146 62
147 146
147 62
148 3
149 148
149 3
150 70
151 150
151 70
152 4
153 152
153 4
154 84
155 154
155 84
156 61
157 156
157 61
158 43
159 158
159 43
160 76
161 160
161 76
162 50
163 162
163 50
164 105
165 164
165 105
166 96
167 166
167 96
168 62
169 168
169 62
170 8
171 170
171 8
172 141
173 172
173 141
174 51
175 174
175 51
176 115
177 176
177 115
178 132
179 178
179 132
180 151
181 180
181 151
182 14
183 182
183 14
184 66
185 184
185 66
186 30
187 186
187 30
188 75
189 188
189 75
190 101
191 190
191 101
192 108
193 192
193 108
194 167
195 194
195 167
196 25
197 196
197 25
198 181
199 198
199 181
200 104
201 200
201 104
202 78
203 202
203 78
204 117
205 204
205 117
206 177
207 206
207 177
208 167
209 208
209 167
210 120
211 210
211 120
212 122
213 212
213 122
214 16
215 214
215 16
216 21
217 216
217 21
218 166
219 218
219 166
220 131
221 220
221 131
222 73
223 222
223 73
224 157
225 224
225 157
226 19
227 226
227 19
228 206
229 228
229 206
230 187
231 230
231 187
232 80
233 232
233 80
234 58
235 234
235 58
236 163
237 236
237 163
238 77
239 238
239 77
240 62
241 240
241 62
242 37
243 242
243 37
244 207
245 244
245 207
246 215
247 246
247 215
248 33
249 248
249 33
250 127
251 250
251 127
252 114
253 252
253 114
254 113
255 254
255 113
256 218
257 256
257 218
258 169
259 258
259 169
260 113
261 260
261 113
262 90
263 262
263 90
264 49
265 264
265 49
266 22
267 266
267 22
268 223
269 268
269 223
270 208
271 270
271 208
272 47
273 272
273 47
274 28
275 274
275 28
276 110
277 276
277 110
278 58
279 278
279 58
280 268
281 280
281 268
282 54
283 282
283 54
284 234
285 284
285 234
286 268
287 286
287 268
288 64
289 288
289 64
290 258
291 290
291 258
292 225
293 292
293 225
294 182
295 294
295 182
296 274
297 296
297 274
298 278
299 298
299 278
300 86
301 300
301 86
302 298
303 302
303 298
304 205
305 304
305 205
306 124
307 306
307 124
308 135
309 308
309 135
310 50
311 310
311 50
312 264
313 312
313 264
314 33
315 314
315 33
316 196
317 316
317 196
318 123
319 318
319 123
320 68
321 320
321 68
322 8
323 322
323 8
324 65
325 324
325 65
326 188
327 326
327 188
328 121
329 328
329 121
330 25
331 330
331 25
332 267
333 332
333 267
334 172
335 334
335 172
336 247
337 336
337 247
338 101
339 338
339 101
340 103
341 340
341 103
342 334
343 342
343 334
344 46
345 344
345 46
346 263
347 346
347 263
348 324
349 348
349 324
350 69
351 350
351 69
352 4
353 352
353 4
354 206
355 354
355 206
356 89
357 356
357 89
358 339
359 358
359 339
360 307
361 360
361 307
362 182
363 362
363 182
364 219
365 364
365 219
366 212
367 366
367 212
368 76
369 368
369 76
370 295
371 370
371 295
372 211
373 372
373 211
374 354
375 374
375 354
376 27
377 376
377 27
378 178
379 378
379 178
380 305
381 380
381 305
382 15
383 382
383 15
384 302
385 384
385 302
386 384
387 386
387 384
388 121
389 388
389 121
390 313
391 390
391 313
392 386
393 392
393 386
394 9
395 394
395 9
396 41
397 396
397 41
398 313
399 398
399 313
400 190
401 400
401 190
402 85
403 402
403 85
404 311
405 404
405 311
406 120
407 406
407 120
408 319
409 408
409 319
410 254
411 410
411 254
412 394
413 412
413 394
414 109
415 414
415 109
416 243
417 416
417 243
418 244
419 418
419 244
420 43
421 420
421 43
422 22
423 422
423 22
424 38
425 424
425 38
426 322
427 426
427 322
428 215
429 428
429 215
430 246
431 430
431 246
432 200
433 432
433 200
434 424
435 434
435 424
436 156
437 436
437 156
438 32
439 438
439 32
440 172
441 440
441 172
442 132
443 442
443 132
444 80
445 444
445 80
446 412
447 446
447 412
448 34
449 448
449 34
450 238
451 450
451 238
452 307
453 452
453 307
454 383
455 454
455 383
456 82
457 456
457 82
458 66
459 458
459 66
460 107
461 460
461 107
462 293
463 462
463 293
464 195
465 464
465 195
466 448
467 466
467 448
468 116
469 468
469 116
470 56
471 470
471 56
472 344
473 472
473 344
474 309
475 474
475 309
476 83
477 476
477 83
478 183
479 478
479 183
480 22
481 480
481 22
482 242
483 482
483 242
484 483
485 484
485 483
486 222
487 486
487 222
488 51
489 488
489 51
490 390
491 490
491 390
492 340
493 492
493 340
494 14
495 494
495 14
496 80
497 496
497 80
498 482
499 498
499 482
500 473
501 500
501 473
502 360
503 502
503 360
504 442
505 504
505 442
506 387
507 506
507 387
508 383
509 508
509 383
510 386
511 510
511 386
512 19
513 512
513 19
514 300
515 514
515 300
516 77
517 516
517 77
518 258
519 518
519 258
520 275
521 520
521 275
522 160
523 522
523 160
524 55
525 524
525 55
526 173
527 526
527 173
528 179
529 528
529 179
530 404
531 530
531 404
532 115
533 532
533 115
534 201
535 534
535 201
536 406
537 536
537 406
538 319
539 538
539 319
540 148
541 540
541 148
542 43
543 542
543 43
544 457
545 544
545 457
546 216
547 546
547 216
548 11
549 548
549 11
550 69
551 550
551 69
552 215
553 552
553 215
554 126
555 554
555 126
556 192
557 556
557 192
558 349
559 558
559 349
560 69
561 560
561 69
562 182
563 562
563 182
564 40
565 564
565 40
566 7
567 566
567 7
568 279
569 568
569 279
570 332
571 570
571 332
572 428
573 572
573 428
574 558
575 574
575 558
576 248
577 576
577 248
578 323
579 578
579 323
580 370
581 580
581 370
582 97
583 582
583 97
584 33
585 584
585 33
586 404
587 586
587 404
588 477
589 588
589 477
590 368
591 590
591 368
592 173
593 592
593 173
594 461
595 594
595 461
596 543
597 596
597 543
598 43
599 598
599 43
600 494
601 600
601 494
602 373
603 602
603 373
604 281
605 604
605 281
606 81
607 606
607 81
608 178
609 608
609 178
610 419
611 610
611 419
612 489
613 612
613 489
614 61
615 614
615 61
616 357
617 616
617 357
618 553
619 618
619 553
620 35
621 620
621 35
622 532
623 622
623 532
624 352
625 624
625 352
626 265
627 626
627 265
628 278
629 628
629 278
630 562
631 630
631 562
632 249
633 632
633 249
634 501
635 634
635 501
636 226
637 636
637 226
638 143
639 638
639 143
640 165
641 640
641 165
642 76
643 642
643 76
644 378
645 644
645 378
646 204
647 646
647 204
648 505
649 648
649 505
650 247
651 650
651 247
652 124
653 652
653 124
654 321
655 654
655 321
656 85
657 656
657 85
658 370
659 658
659 370
660 553
661 660
661 553
662 650
663 662
663 650
664 658
665 664
665 658
666 255
667 666
667 255
668 372
669 668
669 372
670 465
671 670
671 465
672 541
673 672
673 541
674 84
675 674
675 84
676 397
677 676
677 397
678 124
679 678
679 124
680 97
681 680
681 97
682 281
683 682
683 281
684 279
685 684
685 279
686 194
687 686
687 194
688 598
689 688
689 598
690 170
691 690
691 170
692 12
693 692
693 12
694 88
695 694
695 88
696 259
697 696
697 259
698 318
699 698
699 318
700 280
701 700
701 280
702 88
703 702
703 88
704 388
705 704
705 388
706 165
707 706
707 165
708 230
709 708
709 230
710 581
711 710
711 581
712 407
713 712
713 407
714 21
715 714
715 21
716 509
717 716
717 509
718 2
719 718
719 2
720 13
721 720
721 13
722 155
723 722
723 155
724 127
725 724
725 127
726 220
727 726
727 220
728 33
729 728
729 33
730 434
731 730
731 434
732 705
733 732
733 705
734 611
735 734
735 611
736 442
737 736
737 442
738 660
739 738
739 660
740 547
741 740
741 547
742 477
743 742
743 477
744 483
745 744
745 483
746 346
747 746
747 346
748 186
749 748
749 186
750 206
751 750
751 206
752 420
753 752
753 420
754 519
755 754
755 519
756 730
757 756
757 730
758 672
759 758
759 672
760 306
761 760
761 306
762 77
763 762
763 77
764 147
765 764
765 147
766 89
767 766
767 89
768 454
769 768
769 454
770 612
771 770
771 612
772 182
773 772
773 182
774 399
775 774
775 399
776 112
777 776
777 112
778 236
779 778
779 236
780 263
781 780
781 263
782 238
783 782
783 238
784 440
785 784
785 440
786 464
787 786
787 464
788 695
789 788
789 695
790 516
791 790
791 516
792 588
793 792
793 588
794 775
795 794
795 775
796 400
797 796
797 400
798 412
799 798
799 412
800 233
801 800
801 233
802 735
803 802
803 735
804 661
805 804
805 661
806 407
807 806
807 407
808 115
809 808
809 115
810 372
811 810
811 372
812 142
813 812
813 142
814 616
815 814
815 616
816 245
817 816
817 245
818 84
819 818
819 84
820 802
821 820
821 802
822 376
823 822
823 376
824 159
825 824
825 159
826 757
827 826
827 757
828 389
829 828
829 389
830 402
831 830
831 402
832 410
833 832
833 410
834 475
835 834
835 475
836 653
837 836
837 653
838 285
839 838
839 285
840 421
841 840
841 421
842 839
843 842
843 839
844 101
845 844
845 101
846 251
847 846
847 251
848 157
849 848
849 157
850 309
851 850
851 309
852 702
853 852
853 702
854 834
855 854
855 834
856 505
857 856
857 505
858 39
859 858
859 39
860 229
861 860
861 229
862 1
863 862
863 1
864 633
865 864
865 633
866 83
867 866
867 83
868 107
869 868
869 107
870 777
871 870
871 777
872 513
873 872
873 513
874 569
875 874
875 569
876 838
877 876
877 838
878 718
879 878
879 718
880 362
881 880
881 362
882 208
883 882
883 208
884 449
885 884
885 449
886 285
887 886
887 285
888 189
889 888
889 189
890 25
891 890
891 25
892 799
893 892
893 799
894 636
895 894
895 636
896 5
897 896
897 5
898 573
899 898
899 573
900 861
901 900
901 861
902 727
903 902
903 727
904 584
905 904
905 584
906 633
907 906
907 633
908 627
909 908
909 627
910 563
911 910
911 563
912 908
913 912
913 908
914 713
915 914
915 713
916 719
917 916
917 719
918 103
919 918
919 103
920 651
921 920
921 651
922 311
923 922
923 311
924 17
925 924
925 17
926 395
927 926
927 395
928 77
929 928
929 77
930 246
931 930
931 246
932 440
933 932
933 440
934 662
935 934
935 662
936 353
937 936
937 353
938 331
939 938
939 331
940 658
941 940
941 658
942 544
943 942
943 544
944 503
945 944
945 503
946 255
947 946
947 255
948 141
949 948
949 141
950 797
951 950
951 797
952 371
953 952
953 371
954 809
955 954
955 809
956 589
957 956
957 589
958 115
959 958
959 115
960 193
961 960
961 193
962 83
963 962
963 83
964 150
965 964
965 150
966 742
967 966
967 742
968 954
969 968
969 954
970 140
971 970
971 140
972 413
973 972
973 413
974 261
975 974
975 261
976 632
977 976
977 632
978 790
979 978
979 790
980 571
981 980
981 571
982 685
983 982
983 685
984 478
985 984
985 478
986 886
987 986
987 886
988 965
989 988
989 965
990 699
991 990
991 699
992 509
993 992
993 509
994 37
995 994
995 37
996 668
997 996
997 668
998 552
999 998
1000 999
1000 552
