10000 10009
2 1
3 2
4 2
5 3
6 4
7 2
8 2
9 3
10 4
11 1
12 9
13 11
14 6
15 3
16 12
17 10
18 1
19 2
20 4
21 17
22 8
23 3
24 2
25 2
26 18
27 9
28 21
29 6
30 6
31 26
32 16
33 24
34 14
35 5
36 18
37 24
38 32
39 15
40 38
41 10
42 41
43 22
44 27
45 8
46 4
47 3
48 4
49 3
50 30
51 15
52 40
53 26
54 3
55 6
56 3
57 42
58 4
59 20
60 4
61 32
62 46
63 42
64 8
65 2
66 34
67 53
68 7
69 31
70 49
71 14
72 70
73 42
74 48
75 67
76 44
77 39
78 59
79 43
80 75
81 29
82 16
83 3
84 64
85 77
86 40
87 74
88 75
89 10
90 64
91 18
92 42
93 28
94 49
95 26
96 91
97 61
98 89
99 51
100 58
101 6
102 78
103 23
104 3
105 91
106 64
107 38
108 27
109 35
110 4
111 28
112 60
113 73
114 76
115 95
116 51
117 78
118 17
119 38
120 19
121 52
122 96
123 26
124 87
125 68
126 116
127 115
128 7
129 41
130 83
131 10
132 16
133 71
134 76
135 85
136 28
137 38
138 98
139 95
140 28
141 140
142 100
143 93
144 75
145 22
146 128
147 130
148 56
149 35
150 97
151 104
152 94
153 31
154 123
155 13
156 64
157 134
158 100
159 9
160 16
161 7
162 82
163 108
164 120
165 89
166 17
167 67
168 9
169 121
170 109
171 26
172 25
173 114
174 95
175 154
176 104
177 84
178 83
179 83
180 31
181 106
182 98
183 18
184 55
185 4
186 100
187 63
188 3
189 129
190 117
191 184
192 8
193 150
194 124
195 142
196 45
197 169
198 179
199 107
200 58
201 6
202 169
203 127
204 75
205 14
206 156
207 78
208 63
209 131
210 112
211 69
212 210
213 10
214 131
215 84
216 128
217 9
218 26
219 136
220 175
221 197
222 193
223 207
224 90
225 118
226 89
227 88
228 168
229 206
230 174
231 103
232 48
233 13
234 138
235 173
236 181
237 71
238 201
239 205
240 207
241 100
242 188
243 105
244 130
245 139
246 228
247 108
248 222
249 160
250 16
251 219
252 209
253 107
254 95
255 170
256 162
257 199
258 144
259 172
260 57
261 255
262 9
263 258
264 109
265 228
266 159
267 66
268 237
269 185
270 175
271 153
272 143
273 150
274 178
275 243
276 51
277 10
278 71
279 38
280 86
281 225
282 32
283 133
284 48
285 138
286 66
287 167
288 49
289 137
290 168
291 95
292 122
293 75
294 237
295 251
296 46
297 253
298 248
299 27
300 63
301 25
302 128
303 261
304 268
305 73
306 27
307 81
308 208
309 10
310 115
311 287
312 277
313 202
314 83
315 108
316 37
317 314
318 111
319 178
320 314
321 125
322 260
323 272
324 85
325 87
326 102
327 160
328 32
329 239
330 251
331 178
332 325
333 102
334 175
335 10
336 33
337 29
338 283
339 124
340 216
341 331
342 264
343 199
344 247
345 157
346 324
347 12
348 53
349 3
350 255
351 287
352 207
353 258
354 200
355 208
356 343
357 17
358 317
359 271
360 181
361 219
362 303
363 27
364 134
365 243
366 300
367 24
368 57
369 211
370 318
371 186
372 262
373 65
374 13
375 141
376 100
377 376
378 377
379 376
380 379
381 377
382 378
383 100
384 381
385 376
386 383
387 100
388 376
389 384
390 386
391 381
392 385
393 380
394 384
395 384
396 378
397 385
398 393
399 379
400 395
401 100
402 399
403 376
404 381
405 387
406 397
407 100
408 385
409 404
410 388
411 378
412 385
413 398
414 388
415 382
416 397
417 408
418 408
419 388
420 411
421 419
422 383
423 382
424 389
425 384
426 404
427 377
428 395
429 391
430 403
431 426
432 410
433 419
434 392
435 430
436 398
437 433
438 390
439 408
440 401
441 401
442 396
443 383
444 416
445 436
446 409
447 397
448 447
449 381
450 376
451 389
452 415
453 391
454 435
455 398
456 438
457 446
458 398
459 422
460 421
461 100
462 448
463 376
464 442
465 413
466 444
467 446
468 464
469 465
470 437
471 455
472 393
473 450
474 431
475 447
476 393
477 412
478 394
479 402
480 451
481 453
482 397
483 461
484 398
485 440
486 423
487 397
488 427
489 445
490 428
491 442
492 413
493 447
494 464
495 461
496 472
497 487
498 421
499 382
500 452
501 379
502 385
503 423
504 466
505 445
506 452
507 446
508 503
509 487
510 484
511 439
512 419
513 426
514 437
515 420
516 436
517 494
518 515
519 492
520 412
521 511
522 437
523 421
524 507
525 512
526 508
527 441
528 378
529 410
530 492
531 389
532 436
533 527
534 479
535 469
536 395
537 532
538 485
539 473
540 464
541 502
542 503
543 491
544 522
545 505
546 484
547 439
548 488
549 488
550 505
551 538
552 490
553 509
554 423
555 383
556 530
557 545
558 434
559 485
560 554
561 423
562 488
563 411
564 461
565 100
566 461
567 498
568 550
569 412
570 477
571 503
572 523
573 572
574 427
575 391
576 533
577 415
578 568
579 416
580 488
581 502
582 382
583 439
584 387
585 545
586 391
587 581
588 395
589 422
590 425
591 496
592 569
593 444
594 379
595 480
596 594
597 423
598 502
599 383
600 512
601 426
602 434
603 524
604 408
605 491
606 377
607 401
608 595
609 442
610 560
611 533
612 597
613 433
614 568
615 563
616 433
617 429
618 531
619 437
620 530
621 561
622 463
623 378
624 525
625 623
626 593
627 577
628 611
629 533
630 543
631 507
632 391
633 398
634 559
635 497
636 509
637 464
638 484
639 499
640 631
641 537
642 614
643 430
644 481
645 440
646 574
647 623
648 430
649 585
650 556
651 469
652 514
653 453
654 540
655 468
656 603
657 531
658 404
659 521
660 583
661 630
662 571
663 391
664 497
665 516
666 547
667 552
668 401
669 592
670 607
671 596
672 426
673 384
674 492
675 465
676 479
677 612
678 587
679 394
680 497
681 571
682 493
683 597
684 604
685 555
686 481
687 669
688 676
689 536
690 451
691 660
692 481
693 518
694 601
695 513
696 581
697 439
698 485
699 475
700 378
701 613
702 271
703 702
704 703
705 704
706 705
707 706
708 707
709 708
710 709
711 710
712 711
713 712
714 713
715 714
716 715
717 716
718 717
719 718
720 719
721 720
722 721
723 722
724 723
725 724
726 725
727 726
728 727
729 728
730 729
731 730
732 731
733 732
734 733
735 734
736 735
737 736
738 737
739 738
740 739
741 740
742 741
743 742
744 743
745 744
746 745
747 746
748 747
749 748
750 749
751 750
752 751
753 752
754 753
755 754
756 755
757 756
758 757
759 758
760 759
761 760
762 761
763 762
764 763
765 764
766 765
767 766
768 767
769 768
770 769
771 770
772 771
773 772
774 773
775 774
776 775
777 776
778 777
779 778
780 779
781 780
782 781
783 782
784 783
785 784
786 785
787 786
788 787
789 788
790 789
791 790
792 791
793 792
794 793
795 794
796 795
797 796
798 797
799 798
800 799
801 800
802 801
803 802
804 803
805 804
806 805
807 806
808 807
809 808
810 809
811 810
812 811
813 812
814 813
815 814
816 815
817 816
818 817
819 818
820 819
821 820
822 821
823 822
824 823
825 824
826 825
827 826
828 827
829 828
830 829
831 830
832 831
833 832
834 833
835 834
836 835
837 836
838 837
839 838
840 839
841 840
842 841
843 842
844 843
845 844
846 845
847 846
848 847
849 848
850 849
851 850
852 851
853 852
854 853
855 854
856 855
857 856
858 857
859 858
860 859
861 860
862 861
863 862
864 863
865 864
866 865
867 866
868 867
869 868
870 869
871 870
872 871
873 872
874 873
875 874
876 875
877 876
878 877
879 878
880 879
881 880
882 881
883 882
884 883
885 884
886 885
887 886
888 887
889 888
890 889
891 890
892 891
893 892
894 893
895 894
896 895
897 896
898 897
899 898
900 899
901 900
902 901
903 902
904 903
905 904
906 905
907 906
908 907
909 908
910 909
911 910
912 911
913 912
914 913
915 914
916 915
917 916
918 917
919 918
920 919
921 920
922 921
923 922
924 923
925 924
926 925
927 926
928 927
929 928
930 929
931 930
932 931
933 932
934 933
935 934
936 935
937 936
938 937
939 938
940 939
941 940
942 941
943 942
944 943
945 944
946 945
947 946
948 947
949 948
950 949
951 950
952 951
953 952
954 953
955 954
956 955
957 956
958 957
959 958
960 959
961 960
962 961
963 962
964 963
965 964
966 965
967 966
968 967
969 968
970 969
971 970
972 971
973 972
974 973
975 974
976 975
977 976
978 977
979 978
980 979
981 980
982 981
983 982
984 983
985 984
986 985
987 986
988 987
989 988
990 989
991 990
992 991
993 992
994 993
995 994
996 995
997 996
998 997
999 998
1000 999
1001 1000
1002 1001
1003 1002
1004 1003
1005 1004
1006 1005
1007 1006
1008 1007
1009 1008
1010 1009
1011 1010
1012 1011
1013 1012
1014 1013
1015 1014
1016 1015
1017 1016
1018 1017
1019 1018
1020 1019
1021 1020
1022 1021
1023 1022
1024 1023
1025 1024
1026 1025
1027 1026
1028 1027
1029 1028
1030 1029
1031 1030
1032 1031
1033 1032
1034 1033
1035 1034
1036 1035
1037 1036
1038 1037
1039 1038
1040 1039
1041 1040
1042 1041
1043 1042
1044 1043
1045 1044
1046 1045
1047 1046
1048 1047
1049 1048
1050 1049
1051 1050
1052 1051
1053 1052
1054 1053
1055 1054
1056 1055
1057 1056
1058 1057
1059 1058
1060 1059
1061 1060
1062 1061
1063 1062
1064 1063
1065 1064
1066 1065
1067 1066
1068 1067
1069 1068
1070 1069
1071 1070
1072 1071
1073 1072
1074 1073
1075 1074
1076 1075
1077 1076
1078 1077
1079 1078
1080 1079
1081 1080
1082 1081
1083 1082
1084 1083
1085 1084
1086 1085
1087 1086
1088 1087
1089 1088
1090 1089
1091 1090
1092 1091
1093 1092
1094 1093
1095 1094
1096 1095
1097 1096
1098 1097
1099 1098
1100 1099
1101 1100
1102 1101
1103 1102
1104 1103
1105 1104
1106 1105
1107 1106
1108 1107
1109 1108
1110 1109
1111 1110
1112 1111
1113 1112
1114 1113
1115 1114
1116 1115
1117 1116
1118 1117
1119 1118
1120 1119
1121 1120
1122 1121
1123 1122
1124 1123
1125 1124
1126 1125
1127 1126
1128 1127
1129 1128
1130 1129
1131 1130
1132 1131
1133 1132
1134 1133
1135 1134
1136 1135
1137 1136
1138 1137
1139 1138
1140 1139
1141 1140
1142 1141
1143 1142
1144 1143
1145 1144
1146 1145
1147 1146
1148 1147
1149 1148
1150 1149
1151 1150
1152 1151
1153 1152
1154 1153
1155 1154
1156 1155
1157 1156
1158 1157
1159 1158
1160 1159
1161 1160
1162 1161
1163 1162
1164 1163
1165 1164
1166 1165
1167 1166
1168 1167
1169 1168
1170 1169
1171 1170
1172 1171
1173 1172
1174 1173
1175 1174
1176 1175
1177 1176
1178 1177
1179 1178
1180 1179
1181 1180
1182 1181
1183 1182
1184 1183
1185 1184
1186 1185
1187 1186
1188 1187
1189 1188
1190 1189
1191 1190
1192 1191
1193 1192
1194 1193
1195 1194
1196 1195
1197 1196
1198 1197
1199 1198
1200 1199
1201 1200
1202 1201
1203 1202
1204 1203
1205 1204
1206 1205
1207 1206
1208 1207
1209 1208
1210 1209
1211 1210
1212 1211
1213 1212
1214 1213
1215 1214
1216 1215
1217 1216
1218 1217
1219 1218
1220 1219
1221 1220
1222 1221
1223 1222
1224 1223
1225 1224
1226 1225
1227 1226
1228 1227
1229 1228
1230 1229
1231 1230
1232 1231
1233 1232
1234 1233
1235 1234
1236 1235
1237 1236
1238 1237
1239 1238
1240 1239
1241 1240
1242 1241
1243 1242
1244 1243
1245 1244
1246 1245
1247 1246
1248 1247
1249 1248
1250 1249
1251 1250
1252 1251
1253 1252
1254 1253
1255 1254
1256 1255
1257 1256
1258 1257
1259 1258
1260 1259
1261 1260
1262 1261
1263 1262
1264 1263
1265 1264
1266 1265
1267 1266
1268 1267
1269 1268
1270 1269
1271 1270
1272 1271
1273 1272
1274 1273
1275 1274
1276 1275
1277 1276
1278 1277
1279 1278
1280 1279
1281 1280
1282 1281
1283 1282
1284 1283
1285 1284
1286 1285
1287 1286
1288 1287
1289 1288
1290 1289
1291 1290
1292 1291
1293 1292
1294 1293
1295 1294
1296 1295
1297 1296
1298 1297
1299 1298
1300 1299
1301 1300
1302 1301
1303 1302
1304 1303
1305 1304
1306 1305
1307 1306
1308 1307
1309 1308
1310 1309
1311 1310
1312 1311
1313 1312
1314 1313
1315 1314
1316 1315
1317 1316
1318 1317
1319 1318
1320 1319
1321 1320
1322 1321
1323 1322
1324 1323
1325 1324
1326 1325
1327 1326
1328 1327
1329 1328
1330 1329
1331 1330
1332 1331
1333 1332
1334 1333
1335 1334
1336 1335
1337 1336
1338 1337
1339 1338
1340 1339
1341 1340
1342 1341
1343 1342
1344 1343
1345 1344
1346 1345
1347 1346
1348 1347
1349 1348
1350 1349
1351 1350
1352 1351
1353 1352
1354 1353
1355 1354
1356 1355
1357 1356
1358 1357
1359 1358
1360 1359
1361 1360
1362 1361
1363 1362
1364 1363
1365 1364
1366 1365
1367 1366
1368 1367
1369 1368
1370 1369
1371 1370
1372 1371
1373 1372
1374 1373
1375 1374
1376 1375
1377 1376
1378 1377
1379 1378
1380 1379
1381 1380
1382 1381
1383 1382
1384 1383
1385 1384
1386 1385
1387 1386
1388 1387
1389 1388
1390 1389
1391 1390
1392 1391
1393 1392
1394 1393
1395 1394
1396 1395
1397 1396
1398 1397
1399 1398
1400 1399
1401 1400
1402 1401
1403 1402
1404 1403
1405 1404
1406 1405
1407 1406
1408 1407
1409 1408
1410 1409
1411 1410
1412 1411
1413 1412
1414 1413
1415 1414
1416 1415
1417 1416
1418 1417
1419 1418
1420 1419
1421 1420
1422 1421
1423 1422
1424 1423
1425 1424
1426 1425
1427 1426
1428 1427
1429 1428
1430 1429
1431 1430
1432 1431
1433 1432
1434 1433
1435 1434
1436 1435
1437 1436
1438 1437
1439 1438
1440 1439
1441 1440
1442 1441
1443 1442
1444 1443
1445 1444
1446 1445
1447 1446
1448 1447
1449 1448
1450 1449
1451 1450
1452 1451
1453 1452
1454 1453
1455 1454
1456 1455
1457 1456
1458 1457
1459 1458
1460 1459
1461 1460
1462 1461
1463 1462
1464 1463
1465 1464
1466 1465
1467 1466
1468 1467
1469 1468
1470 1469
1471 1470
1472 1471
1473 1472
1474 1473
1475 1474
1476 1475
1477 1476
1478 1477
1479 1478
1480 1479
1481 1480
1482 1481
1483 1482
1484 1483
1485 1484
1486 1485
1487 1486
1488 1487
1489 1488
1490 1489
1491 1490
1492 1491
1493 1492
1494 1493
1495 1494
1496 1495
1497 1496
1498 1497
1499 1498
1500 1499
1501 1500
1502 1501
1503 1502
1504 1503
1505 1504
1506 1505
1507 1506
1508 1507
1509 1508
1510 1509
1511 1510
1512 1511
1513 1512
1514 1513
1515 1514
1516 1515
1517 1516
1518 1517
1519 1518
1520 1519
1521 1520
1522 1521
1523 1522
1524 1523
1525 1524
1526 1525
1527 1526
1528 1527
1529 1528
1530 1529
1531 1530
1532 1531
1533 1532
1534 1533
1535 1534
1536 1535
1537 1536
1538 1537
1539 1538
1540 1539
1541 1540
1542 1541
1543 1542
1544 1543
1545 1544
1546 1545
1547 1546
1548 1547
1549 1548
1550 1549
1551 1550
1552 1551
1553 1552
1554 1553
1555 1554
1556 1555
1557 1556
1558 1557
1559 1558
1560 1559
1561 1560
1562 1561
1563 1562
1564 1563
1565 1564
1566 1565
1567 1566
1568 1567
1569 1568
1570 1569
1571 1570
1572 1571
1573 1572
1574 1573
1575 1574
1576 1575
1577 1576
1578 1577
1579 1578
1579 271
1580 1117
1581 1580
1582 1581
1583 1582
1584 1583
1585 1584
1586 1585
1587 1586
1588 1587
1589 1588
1590 1589
1591 1590
1592 1591
1593 1592
1594 1593
1595 1594
1596 1595
1597 1596
1598 1597
1599 1598
1600 1599
1601 1600
1602 1601
1603 1602
1604 1603
1605 1604
1606 1605
1607 1606
1608 1607
1609 1608
1610 1609
1611 1610
1612 1611
1613 1612
1614 1613
1615 1614
1616 1615
1617 1616
1618 1617
1619 1618
1620 1619
1621 1620
1622 1621
1623 1622
1624 1623
1625 1624
1626 1625
1627 1626
1628 1627
1629 1628
1630 1629
1631 1630
1632 1631
1633 1632
1634 1633
1635 1634
1636 1635
1637 1636
1638 1637
1639 1638
1640 1639
1641 1640
1642 1641
1643 1642
1644 1643
1645 1644
1646 1645
1647 1646
1648 1647
1649 1648
1650 1649
1651 1650
1652 1651
1653 1652
1654 1653
1655 1654
1656 1655
1657 1656
1658 1657
1659 1658
1660 1659
1661 1660
1662 1661
1663 1662
1664 1663
1665 1664
1666 1665
1667 1666
1668 1667
1669 1668
1670 1669
1671 1670
1672 1671
1673 1672
1674 1673
1675 1674
1676 1675
1677 1676
1678 1677
1679 1678
1680 1679
1681 1680
1682 1681
1683 1682
1684 1683
1685 1684
1686 1685
1687 1686
1688 1687
1689 1688
1690 1689
1691 1690
1692 1691
1693 1692
1694 1693
1695 1694
1696 1695
1697 1696
1698 1697
1699 1698
1700 1699
1701 1700
1702 1701
1703 1702
1704 1703
1705 1704
1706 1705
1707 1706
1708 1707
1709 1708
1710 1709
1711 1710
1712 1711
1713 1712
1714 1713
1715 1714
1716 1715
1717 1716
1718 1717
1719 1718
1720 1719
1721 1720
1722 1721
1723 1722
1724 1723
1725 1724
1726 1725
1727 1726
1728 1727
1729 1728
1730 1729
1731 1730
1732 1731
1733 1732
1734 1733
1735 1734
1736 1735
1737 1736
1738 1737
1739 1738
1740 1739
1741 1740
1742 1741
1743 1742
1744 1743
1745 1744
1746 1745
1747 1746
1748 1747
1749 1748
1750 1749
1751 1750
1752 1751
1753 1752
1754 1753
1755 1754
1756 1755
1757 1756
1758 1757
1759 1758
1760 1759
1761 1760
1762 1761
1763 1762
1764 1763
1765 1764
1766 1765
1767 1766
1768 1767
1769 1768
1770 1769
1771 1770
1772 1771
1773 1772
1774 1773
1775 1774
1776 1775
1777 1776
1778 1777
1779 1778
1780 1779
1781 1780
1782 1781
1783 1782
1784 1783
1785 1784
1786 1785
1787 1786
1788 1787
1789 1788
1790 1789
1791 1790
1792 1791
1793 1792
1794 1793
1795 1794
1796 1795
1797 1796
1798 1797
1799 1798
1800 1799
1801 1800
1802 1801
1803 1802
1804 1803
1805 1804
1806 1805
1807 1806
1808 1807
1809 1808
1810 1809
1811 1810
1812 1811
1813 1812
1814 1813
1815 1814
1816 1815
1817 1816
1818 1817
1819 1818
1820 1819
1821 1820
1822 1821
1823 1822
1824 1823
1825 1824
1826 1825
1827 1826
1828 1827
1829 1828
1830 1829
1831 1830
1832 1831
1833 1832
1834 1833
1835 1834
1836 1835
1837 1836
1838 1837
1839 1838
1840 1839
1841 1840
1842 1841
1843 1842
1844 1843
1845 1844
1846 1845
1847 1846
1848 1847
1849 1848
1850 1849
1851 1850
1852 1851
1853 1852
1854 1853
1855 1854
1856 1855
1857 1856
1858 1857
1859 1858
1860 1859
1861 1860
1862 1861
1863 1862
1864 1863
1865 1864
1866 1865
1867 1866
1868 1867
1869 1868
1870 1869
1870 1117
1871 1538
1872 1538
1873 1538
1874 1538
1875 1874
1876 1874
1877 1875
1878 1538
1879 1871
1880 1876
1881 1877
1882 1877
1883 1875
1884 1881
1885 1879
1886 1872
1887 1880
1888 1538
1889 1538
1890 1881
1891 1878
1892 1882
1893 1890
1894 1891
1895 1894
1896 1879
1897 1880
1898 1894
1899 1878
1900 1892
1901 1881
1902 1901
1903 1900
1904 1903
1905 1902
1906 1891
1907 1882
1908 1900
1909 1890
1910 1881
1911 1893
1912 1896
1913 1880
1914 1878
1915 1538
1916 1902
1917 1916
1918 1893
1919 1891
1920 1885
1921 1913
1922 1879
1923 1891
1924 1873
1925 1895
1926 1538
1927 1882
1928 1904
1929 1881
1930 1920
1931 1884
1932 1888
1933 1914
1934 1874
1935 1928
1936 1922
1937 1936
1938 1897
1939 1908
1940 1883
1941 1884
1942 1924
1943 1871
1944 1909
1945 1897
1946 1900
1947 1894
1948 1875
1949 1918
1950 1915
1951 1887
1952 1933
1953 1882
1954 1873
1955 1917
1956 1895
1957 1884
1958 1947
1959 1923
1960 1876
1961 1936
1962 1914
1963 1934
1964 1887
1965 1907
1966 1928
1967 1909
1968 1538
1969 1963
1970 1896
1971 1954
1972 1873
1973 1944
1974 1889
1975 1900
1976 1944
1977 1923
1978 1931
1979 1952
1980 1957
1981 1874
1982 1970
1983 1924
1984 1889
1985 1940
1986 1881
1987 1877
1988 1982
1989 1895
1990 1944
1991 1949
1992 1971
1993 1986
1994 1874
1995 1975
1996 1925
1997 1931
1998 1904
1999 1890
2000 1902
2001 1991
2002 1988
2003 1932
2004 1933
2005 1958
2006 1991
2007 1945
2008 1994
2009 1891
2010 1972
2011 1984
2012 1887
2013 2004
2014 1914
2015 1886
2016 1908
2017 1964
2018 1998
2019 1922
2020 2006
2021 1922
2022 1871
2023 1903
2024 1985
2025 1886
2026 1872
2027 1887
2028 1917
2029 1940
2030 1897
2031 1893
2032 1920
2033 1897
2034 1902
2035 1915
2036 1980
2037 1902
2038 1999
2039 1998
2040 1981
2041 1995
2042 1902
2043 1890
2044 1940
2045 2036
2046 1972
2047 2020
2048 2017
2049 1916
2050 1960
2051 1953
2052 2033
2053 1917
2054 1887
2055 1970
2056 1935
2057 2054
2058 1930
2059 2041
2060 1934
2061 1887
2062 1875
2063 2036
2064 2045
2065 2038
2066 1917
2067 1964
2068 2008
2069 2067
2070 2047
2071 1927
2072 1965
2073 2058
2074 2017
2075 1972
2076 1973
2077 1961
2078 1967
2079 1965
2080 1958
2081 1888
2082 2028
2083 1964
2084 1938
2085 1986
2086 2040
2087 2082
2088 1940
2089 2071
2090 2062
2091 1963
2092 1904
2093 1903
2094 2063
2095 1899
2096 1971
2097 2049
2098 2013
2099 1995
2100 1877
2101 1972
2102 2017
2103 1976
2104 2030
2105 1941
2106 1538
2107 1987
2108 1878
2109 2088
2110 2011
2111 1927
2112 1939
2113 1900
2114 2057
2115 1884
2116 2056
2117 1892
2118 1986
2119 2009
2120 2074
2121 1967
2122 2115
2123 1913
2124 2059
2125 1942
2126 1916
2127 1947
2128 1996
2129 1874
2130 1875
2131 2011
2132 2082
2133 2104
2134 1948
2135 2119
2136 2041
2137 1899
2138 2087
2139 1886
2140 2054
2141 2105
2142 2120
2143 2108
2144 2079
2145 1962
2146 1995
2147 1967
2148 1945
2149 1873
2150 2126
2151 1936
2152 1943
2153 2036
2154 2006
2155 2116
2156 2080
2157 2129
2158 2074
2159 1871
2160 2069
2161 477
2162 477
2163 2162
2164 2163
2165 2164
2166 477
2167 2163
2168 2166
2169 477
2170 2161
2171 2162
2172 2168
2173 2161
2174 2173
2175 2166
2176 2175
2177 2166
2178 477
2179 2163
2180 2174
2181 2166
2182 2164
2183 2181
2184 2181
2185 2173
2186 2177
2187 2184
2188 2168
2189 2168
2190 2170
2191 2172
2192 2164
2193 2173
2194 2189
2195 477
2196 2174
2197 2182
2198 2176
2199 2175
2200 2169
2201 2163
2202 2164
2203 2165
2204 2176
2205 2164
2206 2190
2207 2196
2208 2178
2209 2194
2210 2174
2211 2162
2212 2169
2213 2206
2214 2178
2215 2198
2216 2211
2217 2178
2218 2188
2219 2177
2220 2216
2221 2178
2222 2199
2223 2212
2224 2194
2225 2199
2226 2210
2227 2173
2228 2180
2229 477
2230 2210
2231 2180
2232 2179
2233 2184
2234 2232
2235 2198
2236 2176
2237 2233
2238 2173
2239 2232
2240 2172
2241 2194
2242 2185
2243 2241
2244 2182
2245 2162
2246 2211
2247 2187
2248 2225
2249 2218
2250 2180
2251 2209
2252 2191
2253 2182
2254 2207
2255 2234
2256 2168
2257 2240
2258 2243
2259 2186
2260 2189
2261 2176
2262 477
2263 2209
2264 2173
2265 2179
2266 2208
2267 2249
2268 2207
2269 2243
2270 2224
2271 2266
2272 2205
2273 2220
2274 2264
2275 2240
2276 2267
2277 2261
2278 2217
2279 2194
2280 2278
2281 2246
2282 2237
2283 2225
2284 2278
2285 2251
2286 2242
2287 2229
2288 2181
2289 2168
2290 2251
2291 2170
2292 2273
2293 2258
2294 2238
2295 2272
2296 2262
2297 2222
2298 2183
2299 2253
2300 2285
2301 2216
2302 2235
2303 2223
2304 2214
2305 2185
2306 2165
2307 2294
2308 2223
2309 2209
2310 2265
2311 2181
2312 2227
2313 2279
2314 2284
2315 2257
2316 2284
2317 2288
2318 2285
2319 2236
2320 2297
2321 2280
2322 2200
2323 2319
2324 2241
2325 2228
2326 2192
2327 2176
2328 2318
2329 2199
2330 2235
2331 2258
2332 2275
2333 2219
2334 2291
2335 2293
2336 2230
2337 2250
2338 2244
2339 2238
2340 2278
2341 2207
2342 2216
2343 2223
2344 2175
2345 2302
2346 2299
2347 2219
2348 2253
2349 2329
2350 2284
2351 2181
2352 2261
2353 2198
2354 2335
2355 2250
2356 2220
2357 2194
2358 2194
2359 2202
2360 2197
2361 2325
2362 2290
2363 2275
2364 2319
2365 2294
2366 2174
2367 2284
2368 2365
2369 2330
2370 2321
2371 2236
2372 2221
2373 2321
2374 2232
2375 2317
2376 2226
2377 2281
2378 2254
2379 2167
2380 2245
2381 477
2382 2231
2383 2354
2384 2231
2385 2381
2386 2167
2387 2330
2388 2354
2389 2172
2390 2332
2391 2210
2392 2292
2393 2387
2394 2239
2395 2268
2396 2235
2397 2309
2398 2311
2399 2289
2400 2299
2401 2242
2402 2248
2403 2324
2404 2315
2405 2285
2406 2365
2407 2364
2408 2268
2409 2263
2410 2191
2411 2386
2412 2269
2413 2376
2414 2269
2415 2268
2416 2369
2417 2372
2418 2386
2419 2229
2420 2323
2421 2391
2422 2191
2423 2399
2424 2250
2425 2212
2426 2321
2427 2162
2428 2411
2429 2398
2430 2187
2431 2395
2432 2177
2433 2211
2434 2363
2435 2369
2436 2216
2437 2220
2438 2272
2439 2282
2440 2413
2441 2433
2442 2232
2443 2187
2444 2400
2445 2203
2446 2259
2447 2397
2448 2291
2449 2344
2450 2418
2451 2183
2452 2440
2453 2199
2454 2383
2455 2377
2456 2191
2457 2397
2458 2206
2459 2295
2460 2217
2461 2259
2462 2396
2463 2310
2464 2414
2465 2444
2466 2353
2467 2292
2468 2448
2469 2459
2470 2462
2471 2338
2472 2174
2473 2233
2474 2239
2475 2280
2476 2442
2477 2233
2478 2230
2479 2385
2480 2251
2481 2295
2482 2280
2483 2335
2484 2284
2485 2404
2486 2483
2487 2416
2488 2339
2489 2296
2490 2211
2491 2354
2492 2239
2493 2425
2494 2164
2495 2170
2496 2354
2497 2274
2498 2388
2499 2244
2500 2268
2501 2301
2502 2425
2503 2487
2504 2430
2505 2171
2506 2249
2507 2286
2508 2231
2509 2268
2510 2391
2511 2313
2512 2187
2513 2217
2514 2257
2515 2329
2516 2475
2517 2365
2518 2419
2519 2450
2520 2359
2521 2161
2522 2426
2523 2470
2524 2252
2525 2462
2526 2472
2527 2266
2528 2494
2529 2372
2530 2238
2531 2207
2532 2178
2533 2257
2534 2353
2535 2467
2536 2397
2537 2246
2538 2474
2539 2296
2540 2456
2541 2324
2542 2195
2543 2489
2544 2418
2545 2268
2546 2275
2547 2273
2548 2522
2549 2209
2550 2335
2551 2258
2552 2361
2553 2223
2554 2419
2555 2474
2556 2176
2557 2468
2558 2375
2559 2268
2560 2240
2561 2547
2562 2516
2563 2493
2564 2232
2565 2275
2566 2321
2567 2340
2568 2316
2569 2360
2570 2313
2571 2343
2572 2236
2573 2569
2574 2363
2575 2174
2576 2176
2577 2315
2578 2188
2579 2384
2580 2431
2581 2172
2582 2347
2583 2329
2584 2299
2585 2172
2586 2375
2587 2536
2588 2512
2589 2168
2590 2183
2591 2429
2592 2234
2593 2423
2594 2505
2595 2489
2596 2294
2597 2519
2598 2538
2599 2476
2600 2249
2601 2501
2602 2289
2603 2507
2604 2575
2605 2536
2606 2569
2607 2424
2608 2166
2609 2340
2610 2203
2611 2412
2612 2288
2613 477
2614 2489
2615 2436
2616 2221
2617 2165
2618 2231
2619 2408
2620 2394
2621 2235
2622 2600
2623 2594
2624 2219
2625 2437
2626 2257
2627 2469
2628 2398
2629 2567
2630 2432
2631 2494
2632 2350
2633 2552
2634 2570
2635 2423
2636 2173
2637 2227
2638 2628
2639 2382
2640 2483
2641 2546
2642 2253
2643 2291
2644 2372
2645 2177
2646 2407
2647 2329
2648 2197
2649 2285
2650 2303
2651 2602
2652 2348
2653 2220
2654 2218
2655 2562
2656 2340
2657 2630
2658 2303
2659 2379
2660 2418
2661 2655
2662 2287
2663 2234
2664 2578
2665 2492
2666 2230
2667 2403
2668 2363
2669 2393
2670 2668
2671 2559
2672 2327
2673 2542
2674 2462
2675 2624
2676 2464
2677 2357
2678 2498
2679 2583
2680 2245
2681 2333
2682 2597
2683 2466
2684 2238
2685 2623
2686 2532
2687 2298
2688 2451
2689 2660
2690 2178
2691 2635
2692 2505
2693 2314
2694 2236
2695 2325
2696 2478
2697 2545
2698 2345
2699 2563
2700 2400
2701 2621
2702 2645
2703 2404
2704 2274
2705 2312
2706 2272
2707 2607
2708 2410
2709 2337
2710 2632
2711 2677
2712 2332
2713 2408
2714 2438
2715 2498
2716 2594
2717 2473
2718 2365
2719 2402
2720 2698
2721 2196
2722 2692
2723 2382
2724 2428
2725 2171
2726 2700
2727 2236
2728 2329
2729 2499
2730 2336
2731 2505
2732 2312
2733 2628
2734 2234
2735 2653
2736 2708
2737 2255
2738 2708
2739 2269
2740 2560
2741 2655
2742 2706
2743 2366
2744 2283
2745 2669
2746 2733
2747 2416
2748 2290
2749 2522
2750 2726
2751 2455
2752 2248
2753 2473
2754 2617
2755 2173
2756 2705
2757 2499
2758 2605
2759 2332
2760 2523
2761 2612
2762 2524
2763 2217
2764 2255
2765 2430
2766 2602
2767 2703
2768 2478
2769 2478
2770 2587
2771 2580
2772 2446
2773 2216
2774 2663
2775 2374
2776 2344
2777 2363
2778 2365
2779 2634
2780 2357
2781 2271
2782 2635
2783 2779
2784 2670
2785 2712
2786 2759
2787 2462
2788 2230
2789 2782
2790 2735
2791 2615
2792 2756
2793 2298
2794 2416
2795 2729
2796 2454
2797 2484
2798 2231
2799 2420
2800 2223
2801 2344
2802 2169
2803 2484
2804 2718
2805 2571
2806 2543
2807 2730
2808 2621
2809 2248
2810 2549
2811 2737
2812 2787
2813 2756
2814 2612
2815 2730
2816 2538
2817 2406
2818 2665
2819 2340
2820 2622
2821 2501
2822 2625
2823 2437
2824 2516
2825 2317
2826 2622
2827 2478
2828 2672
2829 2360
2830 2512
2831 2490
2832 2583
2833 2540
2834 2626
2835 2224
2836 2802
2837 2417
2838 2574
2839 2442
2840 2521
2841 2353
2842 2838
2843 2732
2844 2292
2845 2413
2846 2594
2847 2734
2848 2286
2849 2213
2850 2326
2851 2253
2852 2337
2853 2311
2854 2356
2855 2701
2856 2748
2857 2330
2858 2758
2859 2575
2860 2841
2861 2822
2862 2167
2863 2262
2864 2663
2865 2381
2866 2763
2867 2294
2868 2465
2869 2463
2870 2482
2871 2456
2872 2780
2873 2559
2874 2349
2875 2819
2876 2577
2877 2300
2878 2449
2879 2230
2880 2729
2881 2696
2882 2774
2883 2288
2884 2292
2885 2526
2886 2176
2887 2414
2888 2643
2889 2557
2890 2613
2891 2310
2892 2481
2893 2625
2894 2462
2895 2785
2896 2174
2897 2202
2898 2628
2899 2788
2900 2483
2901 2467
2902 2402
2903 2893
2904 2839
2905 2382
2906 2176
2907 2661
2908 2865
2909 2612
2910 2846
2911 2288
2912 2348
2913 2351
2914 2326
2915 2654
2916 2766
2917 2714
2918 2771
2919 2266
2920 2169
2921 2465
2922 2669
2923 2713
2924 2633
2925 2878
2926 2502
2927 2406
2928 2236
2929 2778
2930 2486
2931 2296
2932 2360
2933 2213
2934 2913
2935 2460
2936 2705
2937 2323
2938 2564
2939 2720
2940 2756
2941 2288
2942 2738
2943 2929
2944 2565
2945 2355
2946 2558
2947 2257
2948 2279
2949 2234
2950 2312
2951 2457
2952 2367
2953 2590
2954 2543
2955 2938
2956 2240
2957 2762
2958 2684
2959 2641
2960 2401
2961 2808
2962 2682
2963 2259
2964 2337
2965 2432
2966 2217
2967 2966
2968 2967
2969 2968
2970 2969
2971 2970
2972 2971
2973 2972
2974 2973
2975 2974
2976 2975
2977 2976
2978 2977
2979 2978
2980 2979
2981 2980
2982 2981
2983 2982
2984 2983
2985 2984
2986 2985
2987 2986
2988 2987
2989 2988
2990 2989
2991 2990
2992 2991
2993 2992
2994 2993
2995 2994
2996 2995
2997 2996
2998 2997
2999 2998
3000 2999
3001 3000
3002 3001
3003 3002
3004 3003
3005 3004
3006 3005
3007 3006
3008 3007
3009 3008
3010 3009
3011 3010
3012 3011
3013 3012
3014 3013
3015 3014
3016 3015
3017 3016
3018 3017
3019 3018
3020 3019
3021 3020
3022 3021
3023 3022
3024 3023
3025 3024
3026 3025
3027 3026
3028 3027
3029 3028
3030 3029
3031 3030
3032 3031
3033 3032
3034 3033
3035 3034
3036 3035
3037 3036
3038 3037
3039 3038
3040 3039
3041 3040
3042 3041
3043 3042
3044 3043
3045 3044
3046 3045
3047 3046
3048 3047
3049 3048
3050 3049
3051 3050
3052 3051
3053 3052
3054 3053
3055 3054
3056 3055
3057 3056
3058 3057
3059 3058
3060 3059
3061 3060
3062 3061
3063 3062
3064 3063
3065 3064
3066 3065
3067 3066
3068 3067
3069 3068
3070 3069
3071 3070
3072 3071
3073 3072
3074 3073
3075 3074
3076 3075
3077 3076
3078 3077
3079 3078
3080 3079
3081 3080
3082 3081
3083 3082
3084 3083
3085 3084
3086 3085
3087 3086
3088 3087
3089 3088
3090 3089
3091 3090
3092 3091
3093 3092
3094 3093
3095 3094
3096 3095
3097 3096
3098 3097
3099 3098
3100 3099
3101 3100
3102 3101
3103 3102
3104 3103
3105 3104
3106 3105
3107 3106
3108 3107
3109 3108
3110 3109
3111 3110
3112 3111
3113 3112
3114 3113
3115 3114
3116 3115
3117 3116
3118 3117
3119 3118
3120 3119
3121 3120
3122 3121
3123 3122
3124 3123
3125 3124
3126 3125
3127 3126
3128 3127
3129 3128
3130 3129
3131 3130
3132 3131
3133 3132
3134 3133
3135 3134
3136 3135
3137 3136
3138 3137
3139 3138
3140 3139
3141 3140
3142 3141
3143 3142
3144 3143
3145 3144
3146 3145
3147 3146
3148 3147
3149 3148
3150 3149
3151 3150
3152 3151
3153 3152
3154 3153
3155 3154
3156 3155
3157 3156
3158 3157
3159 3158
3160 3159
3161 3160
3162 3161
3163 3162
3164 3163
3165 3164
3166 3165
3167 3166
3168 3167
3169 3168
3170 3169
3171 3170
3172 3171
3173 3172
3174 3173
3175 3174
3176 3175
3177 3176
3178 3177
3179 3178
3180 3179
3181 3180
3182 3181
3183 3182
3184 3183
3185 3184
3186 3185
3187 3186
3188 3187
3189 3188
3190 3189
3191 3190
3192 3191
3193 3192
3194 3193
3195 3194
3196 3195
3197 3196
3198 3197
3199 3198
3200 3199
3201 3200
3202 3201
3203 3202
3204 3203
3205 3204
3206 3205
3207 3206
3208 3207
3209 3208
3210 3209
3211 3210
3212 3211
3213 3212
3214 3213
3215 3214
3216 3215
3217 3216
3218 3217
3219 3218
3220 3219
3221 3220
3222 3221
3223 3222
3224 3223
3225 3224
3226 3225
3227 3226
3228 3227
3229 3228
3230 3229
3231 3230
3232 3231
3233 3232
3234 3233
3235 3234
3236 3235
3237 3236
3238 3237
3239 3238
3240 3239
3241 3240
3242 3241
3243 3242
3244 3243
3245 3244
3246 3245
3247 3246
3248 3247
3249 3248
3250 3249
3251 3250
3252 3251
3253 3252
3254 3253
3255 3254
3256 3255
3257 3256
3258 3257
3259 3258
3260 3259
3261 3260
3262 3261
3263 3262
3264 3263
3265 3264
3266 3265
3267 3266
3268 3267
3269 3268
3270 3269
3271 3270
3272 3271
3273 3272
3274 3273
3275 3274
3276 3275
3277 3276
3278 3277
3279 3278
3280 3279
3281 3280
3282 3281
3283 3282
3284 3283
3285 3284
3286 3285
3287 3286
3288 3287
3289 3288
3290 3289
3291 3290
3292 3291
3293 3292
3294 3293
3295 3294
3296 3295
3297 3296
3298 3297
3299 3298
3300 3299
3301 3300
3302 3301
3303 3302
3304 3303
3305 3304
3306 3305
3307 3306
3308 3307
3309 3308
3310 3309
3311 3310
3312 3311
3313 3312
3314 3313
3315 3314
3316 3315
3317 3316
3318 3317
3319 3318
3320 3319
3321 3320
3322 3321
3323 3322
3324 3323
3325 3324
3326 3325
3327 3326
3328 3327
3329 3328
3330 3329
3331 3330
3332 3331
3333 3332
3334 3333
3335 3334
3336 3335
3337 3336
3338 3337
3339 3338
3340 3339
3341 3340
3342 3341
3343 3342
3344 3343
3345 3344
3346 3345
3347 3346
3348 3347
3349 3348
3350 3349
3351 3350
3352 3351
3353 3352
3354 3353
3355 3354
3356 3355
3357 3356
3358 3357
3359 3358
3360 3359
3361 3360
3362 3361
3363 3362
3364 3363
3365 3364
3366 3365
3367 3366
3368 3367
3369 3368
3370 3369
3371 3370
3372 3371
3373 3372
3374 3373
3375 3374
3376 3375
3377 3376
3378 3377
3379 3378
3380 3379
3381 3380
3382 3381
3383 3382
3384 3383
3385 3384
3386 3385
3387 3386
3388 3387
3389 3388
3390 3389
3391 3390
3392 3391
3393 3392
3394 3393
3395 3394
3396 3395
3397 3396
3398 3397
3399 3398
3400 3399
3401 3400
3402 3401
3403 3402
3404 3403
3405 3404
3406 3405
3407 3406
3408 3407
3409 3408
3410 3409
3411 3410
3412 3411
3413 3412
3414 3413
3415 3414
3416 3415
3417 3416
3418 3417
3419 3418
3420 3419
3421 3420
3422 3421
3423 3422
3424 3423
3425 3424
3426 3425
3427 3426
3428 3427
3429 3428
3430 3429
3431 3430
3432 3431
3433 3432
3434 3433
3435 3434
3436 3435
3437 3436
3438 3437
3439 3438
3440 3439
3441 3440
3442 3441
3443 3442
3444 3443
3445 3444
3446 3445
3447 3446
3448 3447
3449 3448
3450 3449
3451 3450
3452 3451
3453 3452
3454 3453
3455 3454
3456 3455
3457 3456
3458 3457
3459 3458
3460 3459
3461 3460
3462 3461
3463 3462
3464 3463
3465 3464
3466 3465
3467 3466
3468 3467
3469 3468
3470 3469
3471 3470
3472 3471
3473 3472
3474 3473
3475 3474
3476 3475
3477 3476
3478 3477
3479 3478
3480 3479
3481 3480
3482 3481
3483 3482
3484 3483
3485 3484
3486 3485
3487 3486
3488 3487
3489 3488
3490 3489
3491 3490
3492 3491
3493 3492
3494 3493
3495 3494
3496 3495
3497 3496
3498 3497
3499 3498
3500 3499
3501 3500
3502 3501
3503 3502
3504 3503
3505 3504
3506 3505
3507 3506
3508 3507
3509 3508
3510 3509
3511 3510
3512 3511
3513 3512
3514 3513
3515 3514
3516 3515
3517 3516
3518 3517
3519 3518
3520 3519
3521 3520
3522 3521
3523 3522
3524 3523
3525 3524
3526 3525
3527 3526
3528 3527
3529 3528
3530 3529
3531 3530
3532 3531
3533 3532
3534 3533
3535 3534
3536 3535
3537 3536
3538 3537
3539 3538
3540 3539
3541 3540
3542 3541
3543 3542
3544 3543
3545 3544
3546 3545
3547 3546
3548 3547
3549 3548
3550 3549
3551 3550
3552 3551
3553 3552
3554 3553
3555 3554
3556 3555
3557 3556
3558 3557
3559 3558
3560 3559
3561 3560
3562 3561
3563 3562
3564 3563
3565 3564
3566 3565
3567 3566
3568 3567
3569 3568
3570 3569
3571 3570
3572 3571
3573 3572
3574 3573
3575 3574
3576 3575
3577 3576
3578 3577
3579 3578
3580 3579
3581 3580
3582 3581
3583 3582
3584 3583
3585 3584
3586 3585
3587 3586
3588 3587
3589 3588
3590 3589
3591 3590
3592 3591
3593 3592
3594 3593
3595 3594
3596 3595
3597 3596
3598 3597
3599 3598
3600 3599
3601 3600
3602 3601
3603 3602
3604 3603
3605 3604
3606 3605
3607 3606
3608 3607
3609 3608
3610 3609
3611 3610
3612 3611
3613 3612
3614 3613
3615 3614
3616 3615
3617 3616
3618 3617
3619 3618
3620 3619
3621 3620
3622 3621
3623 3622
3624 3623
3625 3624
3626 3625
3627 3626
3628 3627
3629 3628
3630 3629
3631 3630
3632 3631
3633 3632
3634 3633
3635 3634
3636 3635
3637 3636
3638 3637
3639 3638
3640 3639
3641 3640
3642 3641
3643 3642
3644 3643
3645 3644
3646 3645
3647 3646
3648 3647
3649 3648
3650 3649
3651 3650
3652 3651
3653 3652
3654 3653
3655 3654
3656 3655
3657 3656
3658 3657
3659 3658
3660 3659
3661 3660
3662 3661
3663 3662
3664 3663
3665 3664
3666 3665
3667 3666
3668 3667
3669 3668
3670 3669
3671 3670
3672 3671
3673 3672
3674 3673
3675 3674
3676 3675
3677 3676
3678 3677
3679 3678
3680 3679
3681 3680
3682 3681
3683 3682
3684 3683
3685 3684
3686 3685
3687 3686
3688 3687
3689 3688
3690 3689
3691 3690
3692 3691
3693 3692
3694 3693
3695 3694
3696 3695
3697 3696
3698 3697
3699 3698
3700 3699
3701 3700
3702 3701
3703 3702
3704 3703
3705 3704
3706 3705
3707 3706
3708 3707
3709 3708
3710 3709
3711 3710
3712 3711
3713 3712
3714 3713
3715 3714
3716 3715
3717 3716
3718 3717
3719 3718
3720 3719
3721 3720
3722 3721
3723 3722
3724 3723
3725 3724
3726 3725
3727 3726
3728 3727
3729 3728
3730 3729
3731 3730
3732 3731
3733 3732
3734 3733
3735 3734
3736 3735
3737 3736
3738 3737
3739 3738
3740 3739
3741 3740
3742 3741
3743 3742
3744 3743
3745 3744
3746 3745
3747 3746
3748 3747
3749 3748
3750 3749
3751 3750
3752 3751
3753 3752
3754 3753
3755 3754
3756 3755
3757 3756
3758 3757
3759 3758
3760 3759
3761 3760
3762 3761
3763 3762
3764 3763
3765 3764
3766 3765
3767 3766
3768 3767
3769 3768
3770 3769
3771 3770
3772 3771
3773 3772
3774 3773
3775 3774
3776 3775
3777 3776
3778 3777
3779 3778
3780 3779
3781 3780
3782 3781
3783 3782
3784 3783
3785 3784
3786 3785
3787 3786
3788 3787
3789 3788
3790 3789
3791 3790
3792 3791
3793 3792
3794 3793
3795 3794
3796 3795
3797 3796
3798 3797
3799 3798
3800 3799
3801 3800
3802 3801
3803 3802
3804 3803
3805 3804
3806 3805
3807 3806
3808 3807
3809 3808
3810 3809
3811 3810
3812 3811
3813 3812
3814 3813
3815 3814
3816 3815
3817 3816
3818 3817
3819 3818
3820 3819
3821 3820
3822 3821
3823 3822
3824 3823
3824 2217
3825 3465
3826 3825
3827 3826
3828 3827
3829 3828
3830 3829
3831 3830
3832 3831
3833 3832
3834 3833
3835 3834
3836 3835
3837 3836
3838 3837
3839 3838
3840 3839
3841 3840
3842 3841
3843 3842
3844 3843
3845 3844
3846 3845
3847 3846
3848 3847
3849 3848
3850 3849
3851 3850
3852 3851
3853 3852
3854 3853
3855 3854
3856 3855
3857 3856
3858 3857
3859 3858
3860 3859
3861 3860
3862 3861
3863 3862
3864 3863
3865 3864
3866 3865
3867 3866
3868 3867
3869 3868
3870 3869
3871 3870
3872 3871
3873 3872
3874 3873
3875 3874
3876 3875
3877 3876
3878 3877
3879 3878
3880 3879
3881 3880
3882 3881
3883 3882
3884 3883
3885 3884
3886 3885
3887 3886
3888 3887
3889 3888
3890 3889
3891 3890
3892 3891
3893 3892
3894 3893
3895 3894
3896 3895
3897 3896
3898 3897
3899 3898
3900 3899
3901 3900
3902 3901
3903 3902
3904 3903
3905 3904
3906 3905
3907 3906
3908 3907
3909 3908
3910 3909
3911 3910
3912 3911
3913 3912
3914 3913
3915 3914
3916 3915
3917 3916
3918 3917
3919 3918
3920 3919
3921 3920
3922 3921
3923 3922
3924 3923
3925 3924
3926 3925
3927 3926
3928 3927
3929 3928
3930 3929
3931 3930
3932 3931
3933 3932
3934 3933
3935 3934
3936 3935
3937 3936
3938 3937
3939 3938
3940 3939
3941 3940
3942 3941
3943 3942
3944 3943
3945 3944
3946 3945
3947 3946
3948 3947
3949 3948
3950 3949
3951 3950
3952 3951
3953 3952
3954 3953
3955 3954
3956 3955
3957 3956
3958 3957
3959 3958
3960 3959
3961 3960
3962 3961
3963 3962
3964 3963
3965 3964
3966 3965
3967 3966
3968 3967
3969 3968
3970 3969
3971 3970
3972 3971
3973 3972
3974 3973
3975 3974
3976 3975
3977 3976
3978 3977
3979 3978
3980 3979
3981 3980
3982 3981
3983 3982
3984 3983
3985 3984
3986 3985
3987 3986
3988 3987
3989 3988
3990 3989
3991 3990
3992 3991
3993 3992
3994 3993
3995 3994
3996 3995
3997 3996
3998 3997
3999 3998
4000 3999
4001 4000
4002 4001
4003 4002
4004 4003
4005 4004
4006 4005
4007 4006
4008 4007
4009 4008
4010 4009
4011 4010
4012 4011
4013 4012
4014 4013
4015 4014
4016 4015
4017 4016
4018 4017
4019 4018
4020 4019
4021 4020
4022 4021
4023 4022
4024 4023
4025 4024
4026 4025
4027 4026
4028 4027
4029 4028
4030 4029
4031 4030
4032 4031
4033 4032
4034 4033
4035 4034
4036 4035
4037 4036
4038 4037
4039 4038
4040 4039
4041 4040
4042 4041
4043 4042
4044 4043
4045 4044
4046 4045
4047 4046
4048 4047
4049 4048
4050 4049
4051 4050
4052 4051
4053 4052
4054 4053
4055 4054
4056 4055
4057 4056
4058 4057
4059 4058
4060 4059
4061 4060
4062 4061
4063 4062
4064 4063
4065 4064
4066 4065
4067 4066
4068 4067
4069 4068
4070 4069
4071 4070
4072 4071
4073 4072
4074 4073
4075 4074
4076 4075
4077 4076
4078 4077
4079 4078
4080 4079
4081 4080
4082 4081
4083 4082
4084 4083
4085 4084
4086 4085
4087 4086
4088 4087
4089 4088
4090 4089
4091 4090
4092 4091
4093 4092
4094 4093
4095 4094
4096 4095
4097 4096
4098 4097
4099 4098
4100 4099
4101 4100
4102 4101
4103 4102
4104 4103
4105 4104
4106 4105
4107 4106
4108 4107
4109 4108
4110 4109
4111 4110
4112 4111
4113 4112
4114 4113
4115 4114
4116 4115
4117 4116
4118 4117
4119 4118
4120 4119
4121 4120
4122 4121
4123 4122
4124 4123
4125 4124
4126 4125
4127 4126
4128 4127
4129 4128
4130 4129
4131 4130
4132 4131
4133 4132
4134 4133
4135 4134
4136 4135
4137 4136
4138 4137
4139 4138
4140 4139
4141 4140
4142 4141
4143 4142
4144 4143
4145 4144
4146 4145
4147 4146
4148 4147
4149 4148
4150 4149
4151 4150
4152 4151
4153 4152
4154 4153
4155 4154
4156 4155
4157 4156
4158 4157
4159 4158
4160 4159
4161 4160
4162 4161
4163 4162
4164 4163
4165 4164
4166 4165
4167 4166
4168 4167
4169 4168
4170 4169
4171 4170
4172 4171
4173 4172
4174 4173
4175 4174
4176 4175
4177 4176
4178 4177
4179 4178
4180 4179
4181 4180
4182 4181
4183 4182
4184 4183
4185 4184
4186 4185
4187 4186
4188 4187
4189 4188
4190 4189
4191 4190
4192 4191
4193 4192
4194 4193
4195 4194
4196 4195
4197 4196
4198 4197
4199 4198
4200 4199
4201 4200
4202 4201
4203 4202
4204 4203
4205 4204
4206 4205
4207 4206
4208 4207
4209 4208
4210 4209
4211 4210
4212 4211
4213 4212
4214 4213
4215 4214
4216 4215
4217 4216
4218 4217
4219 4218
4220 4219
4221 4220
4222 4221
4223 4222
4224 4223
4225 4224
4226 4225
4227 4226
4228 4227
4229 4228
4230 4229
4231 4230
4232 4231
4233 4232
4234 4233
4235 4234
4236 4235
4237 4236
4238 4237
4239 4238
4240 4239
4241 4240
4242 4241
4243 4242
4244 4243
4245 4244
4246 4245
4247 4246
4248 4247
4249 4248
4250 4249
4251 4250
4252 4251
4253 4252
4254 4253
4255 4254
4256 4255
4257 4256
4258 4257
4259 4258
4260 4259
4261 4260
4262 4261
4263 4262
4264 4263
4265 4264
4266 4265
4267 4266
4268 4267
4269 4268
4270 4269
4271 4270
4272 4271
4273 4272
4274 4273
4275 4274
4276 4275
4277 4276
4278 4277
4279 4278
4280 4279
4281 4280
4282 4281
4283 4282
4284 4283
4285 4284
4286 4285
4287 4286
4288 4287
4289 4288
4290 4289
4291 4290
4292 4291
4293 4292
4294 4293
4295 4294
4296 4295
4297 4296
4298 4297
4299 4298
4300 4299
4301 4300
4302 4301
4303 4302
4304 4303
4305 4304
4306 4305
4307 4306
4308 4307
4309 4308
4310 4309
4311 4310
4312 4311
4313 4312
4314 4313
4315 4314
4316 4315
4317 4316
4318 4317
4319 4318
4320 4319
4321 4320
4322 4321
4323 4322
4324 4323
4325 4324
4326 4325
4327 4326
4328 4327
4329 4328
4330 4329
4331 4330
4332 4331
4333 4332
4334 4333
4335 4334
4336 4335
4337 4336
4338 4337
4339 4338
4340 4339
4341 4340
4342 4341
4343 4342
4344 4343
4345 4344
4346 4345
4347 4346
4348 4347
4349 4348
4350 4349
4351 4350
4352 4351
4353 4352
4354 4353
4355 4354
4356 4355
4357 4356
4358 4357
4359 4358
4360 4359
4361 4360
4362 4361
4363 4362
4364 4363
4365 4364
4366 4365
4367 4366
4368 4367
4369 4368
4370 4369
4371 4370
4372 4371
4373 4372
4374 4373
4375 4374
4376 4375
4377 4376
4378 4377
4379 4378
4380 4379
4381 4380
4382 4381
4383 4382
4384 4383
4385 4384
4386 4385
4387 4386
4388 4387
4389 4388
4390 4389
4391 4390
4392 4391
4393 4392
4394 4393
4395 4394
4396 4395
4397 4396
4398 4397
4399 4398
4400 4399
4401 4400
4402 4401
4403 4402
4404 4403
4405 4404
4406 4405
4407 4406
4408 4407
4409 4408
4410 4409
4411 4410
4412 4411
4413 4412
4414 4413
4415 4414
4416 4415
4417 4416
4418 4417
4419 4418
4420 4419
4421 4420
4422 4421
4423 4422
4424 4423
4425 4424
4426 4425
4427 4426
4428 4427
4429 4428
4430 4429
4431 4430
4432 4431
4433 4432
4434 4433
4435 4434
4436 4435
4437 4436
4438 4437
4439 4438
4440 4439
4441 4440
4442 4441
4443 4442
4444 4443
4444 3465
4445 3135
4446 4445
4447 4446
4448 4447
4449 4448
4450 4449
4451 4450
4452 4451
4453 4452
4454 4453
4455 4454
4456 4455
4457 4456
4458 4457
4459 4458
4460 4459
4461 4460
4462 4461
4463 4462
4464 4463
4465 4464
4466 4465
4467 4466
4468 4467
4469 4468
4470 4469
4471 4470
4472 4471
4473 4472
4474 4473
4475 4474
4476 4475
4477 4476
4478 4477
4479 4478
4480 4479
4481 4480
4482 4481
4483 4482
4484 4483
4485 4484
4486 4485
4487 4486
4488 4487
4489 4488
4490 4489
4491 4490
4492 4491
4493 4492
4494 4493
4495 4494
4496 4495
4497 4496
4498 4497
4499 4498
4500 4499
4501 4500
4502 4501
4503 4502
4504 4503
4505 4504
4506 4505
4507 4506
4508 4507
4509 4508
4510 4509
4511 4510
4512 4511
4513 4512
4514 4513
4515 4514
4516 4515
4517 4516
4518 4517
4519 4518
4520 4519
4521 4520
4522 4521
4523 4522
4524 4523
4525 4524
4526 4525
4527 4526
4528 4527
4529 4528
4530 4529
4531 4530
4532 4531
4533 4532
4534 4533
4535 4534
4536 4535
4537 4536
4538 4537
4539 4538
4540 4539
4541 4540
4542 4541
4543 4542
4544 4543
4545 4544
4546 4545
4547 4546
4548 4547
4549 4548
4550 4549
4551 4550
4552 4551
4553 4552
4554 4553
4555 4554
4556 4555
4557 4556
4558 4557
4559 4558
4560 4559
4561 4560
4562 4561
4563 4562
4564 4563
4565 4564
4566 4565
4567 4566
4568 4567
4569 4568
4570 4569
4571 4570
4572 4571
4573 4572
4574 4573
4575 4574
4576 4575
4577 4576
4578 4577
4579 4578
4580 4579
4581 4580
4582 4581
4583 4582
4584 4583
4585 4584
4586 4585
4587 4586
4588 4587
4589 4588
4590 4589
4591 4590
4592 4591
4593 4592
4594 4593
4595 4594
4596 4595
4597 4596
4598 4597
4599 4598
4600 4599
4601 4600
4602 4601
4603 4602
4604 4603
4605 4604
4606 4605
4607 4606
4608 4607
4609 4608
4610 4609
4611 4610
4612 4611
4613 4612
4614 4613
4615 4614
4616 4615
4617 4616
4618 4617
4619 4618
4620 4619
4621 4620
4622 4621
4623 4622
4624 4623
4625 4624
4626 4625
4627 4626
4628 4627
4629 4628
4630 4629
4631 4630
4632 4631
4633 4632
4634 4633
4635 4634
4636 4635
4637 4636
4638 4637
4639 4638
4640 4639
4641 4640
4642 4641
4643 4642
4644 4643
4645 4644
4646 4645
4647 4646
4648 4647
4649 4648
4650 4649
4651 4650
4652 4651
4653 4652
4654 4653
4655 4654
4656 4655
4657 4656
4658 4657
4659 4658
4660 4659
4661 4660
4662 4661
4663 4662
4664 4663
4665 4664
4666 4665
4667 4666
4668 4667
4669 4668
4670 4669
4671 4670
4672 4671
4673 4672
4674 4673
4675 4674
4676 4675
4677 4676
4678 4677
4679 4678
4680 4679
4681 4680
4682 4681
4683 4682
4684 4683
4685 4684
4686 4685
4687 4686
4688 4687
4689 4688
4690 4689
4691 4690
4692 4691
4693 4692
4694 4693
4695 4694
4696 4695
4697 4696
4698 4697
4699 4698
4700 4699
4701 4700
4702 4701
4703 4702
4704 4703
4705 4704
4706 4705
4707 4706
4708 4707
4709 4708
4710 4709
4711 4710
4712 4711
4713 4712
4714 4713
4715 4714
4716 4715
4717 4716
4718 4717
4719 4718
4720 4719
4721 4720
4722 4721
4723 4722
4724 4723
4725 4724
4726 4725
4727 4726
4728 4727
4729 4728
4730 4729
4731 4730
4732 4731
4733 4732
4734 4733
4735 4734
4736 4735
4737 4736
4738 4737
4739 4738
4740 4739
4741 4740
4742 4741
4743 4742
4744 4743
4745 4744
4746 4745
4747 4746
4748 4747
4749 4748
4750 4749
4751 4750
4752 4751
4753 4752
4754 4753
4755 4754
4756 4755
4757 4756
4758 4757
4759 4758
4760 4759
4761 4760
4762 4761
4763 4762
4764 4763
4765 4764
4766 4765
4767 4766
4768 4767
4769 4768
4770 4769
4771 4770
4772 4771
4773 4772
4774 4773
4775 4774
4776 4775
4777 4776
4778 4777
4779 4778
4780 4779
4781 4780
4782 4781
4783 4782
4784 4783
4785 4784
4786 4785
4787 4786
4788 4787
4789 4788
4790 4789
4791 4790
4792 4791
4793 4792
4794 4793
4795 4794
4796 4795
4797 4796
4798 4797
4799 4798
4800 4799
4801 4800
4802 4801
4803 4802
4804 4803
4805 4804
4806 4805
4807 4806
4808 4807
4809 4808
4810 4809
4811 4810
4812 4811
4813 4812
4814 4813
4815 4814
4816 4815
4817 4816
4818 4817
4819 4818
4820 4819
4820 3135
4821 4310
4822 4310
4823 4310
4824 4821
4825 4822
4826 4822
4827 4310
4828 4310
4829 4821
4830 4826
4831 4310
4832 4830
4833 4824
4834 4832
4835 4825
4836 4835
4837 4825
4838 4836
4839 4838
4840 4834
4841 4826
4842 4826
4843 4827
4844 4823
4845 4832
4846 4845
4847 4842
4848 4821
4849 4845
4850 4824
4851 4833
4852 4836
4853 4850
4854 4836
4855 4826
4856 4836
4857 4834
4858 4854
4859 4844
4860 4824
4861 4858
4862 4851
4863 4858
4864 4832
4865 4850
4866 4855
4867 4844
4868 4831
4869 4829
4870 4863
4871 4841
4872 4822
4873 4835
4874 4835
4875 4868
4876 4871
4877 4839
4878 4842
4879 4822
4880 4847
4881 4846
4882 4876
4883 4822
4884 4861
4885 4829
4886 4873
4887 4883
4888 4876
4889 4855
4890 4827
4891 4882
4892 4837
4893 4867
4894 4893
4895 4877
4896 4847
4897 4879
4898 4878
4899 4822
4900 4869
4901 4827
4902 4870
4903 4824
4904 4827
4905 4866
4906 4858
4907 4310
4908 4857
4909 4861
4910 4869
4911 4901
4912 4838
4913 4839
4914 4839
4915 4824
4916 4831
4917 4854
4918 4867
4919 4860
4920 4918
4921 4882
4922 4909
4923 4878
4924 4899
4925 4865
4926 4853
4927 4851
4928 4847
4929 4832
4930 4833
4931 4903
4932 4899
4933 4829
4934 4859
4935 4922
4936 4861
4937 4929
4938 4879
4939 4896
4940 4916
4941 4940
4942 4863
4943 4926
4944 4939
4945 4888
4946 4937
4947 4182
4948 4947
4949 4948
4950 4949
4951 4950
4952 4951
4953 4952
4954 4953
4955 4954
4956 4955
4957 4956
4958 4957
4959 4958
4960 4959
4961 4960
4962 4961
4963 4962
4964 4963
4965 4964
4966 4965
4967 4966
4968 4967
4969 4968
4970 4969
4971 4970
4972 4971
4973 4972
4974 4973
4975 4974
4976 4975
4977 4976
4978 4977
4979 4978
4980 4979
4981 4980
4982 4981
4983 4982
4984 4983
4985 4984
4986 4985
4987 4986
4988 4987
4989 4988
4990 4989
4991 4990
4992 4991
4993 4992
4994 4993
4995 4994
4996 4995
4997 4996
4998 4997
4999 4998
5000 4999
5001 5000
5002 5001
5003 5002
5004 5003
5005 5004
5006 5005
5007 5006
5008 5007
5009 5008
5010 5009
5011 5010
5012 5011
5013 5012
5014 5013
5015 5014
5016 5015
5017 5016
5018 5017
5019 5018
5020 5019
5021 5020
5022 5021
5023 5022
5024 5023
5025 5024
5026 5025
5027 5026
5028 5027
5029 5028
5030 5029
5031 5030
5032 5031
5033 5032
5034 5033
5035 5034
5036 5035
5037 5036
5038 5037
5039 5038
5040 5039
5041 5040
5042 5041
5043 5042
5044 5043
5045 5044
5046 5045
5047 5046
5048 5047
5049 5048
5050 5049
5051 5050
5052 5051
5053 5052
5054 5053
5055 5054
5056 5055
5057 5056
5058 5057
5059 5058
5060 5059
5061 5060
5062 5061
5063 5062
5064 5063
5065 5064
5066 5065
5067 5066
5068 5067
5069 5068
5070 5069
5071 5070
5072 5071
5073 5072
5074 5073
5075 5074
5076 5075
5077 5076
5078 5077
5079 5078
5080 5079
5081 5080
5082 5081
5083 5082
5084 5083
5085 5084
5086 5085
5087 5086
5088 5087
5089 5088
5090 5089
5091 5090
5092 5091
5093 5092
5094 5093
5095 5094
5096 5095
5097 5096
5098 5097
5099 5098
5100 5099
5101 5100
5102 5101
5103 5102
5104 5103
5105 5104
5106 5105
5107 5106
5108 5107
5109 5108
5110 5109
5111 5110
5112 5111
5113 5112
5114 5113
5115 5114
5116 5115
5117 5116
5118 5117
5119 5118
5120 5119
5121 5120
5122 5121
5123 5122
5124 5123
5125 5124
5126 5125
5127 5126
5128 5127
5129 5128
5130 5129
5131 5130
5132 5131
5133 5132
5134 5133
5135 5134
5136 5135
5137 5136
5138 5137
5139 5138
5140 5139
5141 5140
5142 5141
5143 5142
5144 5143
5145 5144
5146 5145
5147 5146
5148 5147
5149 5148
5150 5149
5151 5150
5152 5151
5153 5152
5154 5153
5155 5154
5156 5155
5157 5156
5158 5157
5159 5158
5160 5159
5161 5160
5162 5161
5163 5162
5164 5163
5165 5164
5166 5165
5167 5166
5168 5167
5169 5168
5170 5169
5171 5170
5172 5171
5173 5172
5174 5173
5175 5174
5176 5175
5177 5176
5178 5177
5179 5178
5180 5179
5181 5180
5182 5181
5183 5182
5184 5183
5185 5184
5186 5185
5187 5186
5188 5187
5189 5188
5190 5189
5191 5190
5192 5191
5193 5192
5194 5193
5195 5194
5196 5195
5197 5196
5198 5197
5199 5198
5200 5199
5201 5200
5202 5201
5203 5202
5204 5203
5205 5204
5206 5205
5207 5206
5208 5207
5209 5208
5210 5209
5211 5210
5212 5211
5213 5212
5214 5213
5215 5214
5216 5215
5217 5216
5218 5217
5219 5218
5220 5219
5221 5220
5222 5221
5223 5222
5224 5223
5225 5224
5226 5225
5227 5226
5228 5227
5229 5228
5230 5229
5231 5230
5232 5231
5233 5232
5234 5233
5235 5234
5236 5235
5237 5236
5238 5237
5239 5238
5240 5239
5241 5240
5242 5241
5243 5242
5244 5243
5245 5244
5246 5245
5247 5246
5248 5247
5249 5248
5250 5249
5251 5250
5252 5251
5253 5252
5254 5253
5255 5254
5256 5255
5257 5256
5258 5257
5259 5258
5260 5259
5261 5260
5262 5261
5263 5262
5264 5263
5265 5264
5266 5265
5267 5266
5268 5267
5269 5268
5270 5269
5271 5270
5272 5271
5273 5272
5274 5273
5275 5274
5276 5275
5277 5276
5278 5277
5279 5278
5280 5279
5281 5280
5282 5281
5283 5282
5284 5283
5285 5284
5286 5285
5287 5286
5288 5287
5289 5288
5290 5289
5291 5290
5292 5291
5293 5292
5294 5293
5295 5294
5296 5295
5297 5296
5298 5297
5299 5298
5300 5299
5301 5300
5302 5301
5303 5302
5304 5303
5305 5304
5306 5305
5307 5306
5308 5307
5309 5308
5310 5309
5311 5310
5312 5311
5313 5312
5314 5313
5315 5314
5316 5315
5317 5316
5318 5317
5319 5318
5320 5319
5321 5320
5322 5321
5323 5322
5324 5323
5325 5324
5326 5325
5327 5326
5328 5327
5329 5328
5330 5329
5331 5330
5332 5331
5333 5332
5334 5333
5335 5334
5336 5335
5337 5336
5338 5337
5339 5338
5340 5339
5341 5340
5342 5341
5343 5342
5344 5343
5345 5344
5346 5345
5347 5346
5348 5347
5349 5348
5350 5349
5351 5350
5352 5351
5353 5352
5354 5353
5355 5354
5356 5355
5357 5356
5358 5357
5359 5358
5360 5359
5361 5360
5362 5361
5363 5362
5364 5363
5365 5364
5366 5365
5367 5366
5368 5367
5369 5368
5370 5369
5371 5370
5372 5371
5373 5372
5374 5373
5375 5374
5376 5375
5377 5376
5378 5377
5379 5378
5380 5379
5381 5380
5382 5381
5383 5382
5384 5383
5385 5384
5386 5385
5387 5386
5388 5387
5389 5388
5390 5389
5391 5390
5392 5391
5393 5392
5394 5393
5395 5394
5396 5395
5397 5396
5398 5397
5399 5398
5400 5399
5401 5400
5402 5401
5403 5402
5404 5403
5405 5404
5406 5405
5407 5406
5408 5407
5409 5408
5410 5409
5411 5410
5412 5411
5413 5412
5414 5413
5415 5414
5416 5415
5417 5416
5418 5417
5419 5418
5420 5419
5421 5420
5422 5421
5423 5422
5424 5423
5425 5424
5426 5425
5427 5426
5428 5427
5429 5428
5430 5429
5431 5430
5432 5431
5433 5432
5434 5433
5435 5434
5436 5435
5437 5436
5438 5437
5439 5438
5440 5439
5441 5440
5442 5441
5443 5442
5444 5443
5445 5444
5446 5445
5447 5446
5448 5447
5449 5448
5450 5449
5451 5450
5452 5451
5453 5452
5454 5453
5455 5454
5456 5455
5457 5456
5458 5457
5459 5458
5460 5459
5461 5460
5462 5461
5463 5462
5464 5463
5465 5464
5466 5465
5467 5466
5468 5467
5469 5468
5470 5469
5471 5470
5472 5471
5473 5472
5474 5473
5475 5474
5476 5475
5477 5476
5478 5477
5479 5478
5480 5479
5481 5480
5482 5481
5483 5482
5484 5483
5485 5484
5486 5485
5487 5486
5488 5487
5489 5488
5490 5489
5491 5490
5492 5491
5493 5492
5494 5493
5495 5494
5496 5495
5497 5496
5498 5497
5499 5498
5500 5499
5501 5500
5502 5501
5503 5502
5504 5503
5505 5504
5506 5505
5507 5506
5508 5507
5509 5508
5510 5509
5511 5510
5512 5511
5513 5512
5514 5513
5515 5514
5516 5515
5517 5516
5518 5517
5519 5518
5520 5519
5521 5520
5522 5521
5523 5522
5524 5523
5525 5524
5526 5525
5527 5526
5528 5527
5529 5528
5530 5529
5531 5530
5532 5531
5533 5532
5534 5533
5535 5534
5536 5535
5537 5536
5538 5537
5539 5538
5540 5539
5541 5540
5542 5541
5543 5542
5544 5543
5545 5544
5546 5545
5547 5546
5548 5547
5549 5548
5550 5549
5551 5550
5552 5551
5553 5552
5554 5553
5555 5554
5556 5555
5557 5556
5558 5557
5559 5558
5560 5559
5561 5560
5562 5561
5563 5562
5564 5563
5565 5564
5566 5565
5567 5566
5568 5567
5569 5568
5570 5569
5571 5570
5572 5571
5573 5572
5574 5573
5575 5574
5576 5575
5577 5576
5578 5577
5579 5578
5580 5579
5581 5580
5582 5581
5583 5582
5584 5583
5585 5584
5586 5585
5587 5586
5588 5587
5589 5588
5590 5589
5591 5590
5592 5591
5593 5592
5594 5593
5595 5594
5596 5595
5597 5596
5598 5597
5599 5598
5600 5599
5601 5600
5602 5601
5603 5602
5604 5603
5605 5604
5606 5605
5607 5606
5608 5607
5609 5608
5610 5609
5611 5610
5612 5611
5613 5612
5614 5613
5615 5614
5616 5615
5617 5616
5618 5617
5619 5618
5620 5619
5621 5620
5622 5621
5623 5622
5624 5623
5625 5624
5626 5625
5627 5626
5628 5627
5629 5628
5630 5629
5630 4182
5631 247
5632 5631
5633 5632
5634 5633
5635 5634
5636 5635
5637 5636
5638 5637
5639 5638
5640 5639
5641 5640
5642 5641
5643 5642
5644 5643
5645 5644
5646 5645
5647 5646
5648 5647
5649 5648
5650 5649
5651 5650
5652 5651
5653 5652
5654 5653
5655 5654
5656 5655
5657 5656
5658 5657
5659 5658
5660 5659
5661 5660
5662 5661
5663 5662
5664 5663
5665 5664
5666 5665
5667 5666
5668 5667
5669 5668
5670 5669
5671 5670
5672 5671
5673 5672
5674 5673
5675 5674
5676 5675
5677 5676
5678 5677
5679 5678
5680 5679
5681 5680
5682 5681
5683 5682
5684 5683
5685 5684
5686 5685
5687 5686
5688 5687
5689 5688
5690 5689
5691 5690
5692 5691
5693 5692
5694 5693
5695 5694
5696 5695
5697 5696
5698 5697
5699 5698
5700 5699
5701 5700
5702 5701
5703 5702
5704 5703
5705 5704
5706 5705
5707 5706
5708 5707
5709 5708
5710 5709
5711 5710
5712 5711
5713 5712
5714 5713
5715 5714
5716 5715
5717 5716
5718 5717
5719 5718
5720 5719
5721 5720
5722 5721
5723 5722
5724 5723
5725 5724
5726 5725
5727 5726
5728 5727
5729 5728
5730 5729
5731 5730
5732 5731
5733 5732
5734 5733
5735 5734
5736 5735
5737 5736
5738 5737
5739 5738
5740 5739
5741 5740
5742 5741
5743 5742
5744 5743
5745 5744
5746 5745
5747 5746
5748 5747
5749 5748
5750 5749
5751 5750
5752 5751
5753 5752
5754 5753
5755 5754
5756 5755
5757 5756
5758 5757
5759 5758
5760 5759
5761 5760
5762 5761
5763 5762
5764 5763
5765 5764
5766 5765
5767 5766
5768 5767
5769 5768
5770 5769
5771 5770
5772 5771
5773 5772
5774 5773
5775 5774
5776 5775
5777 5776
5778 5777
5779 5778
5780 5779
5781 5780
5782 5781
5783 5782
5784 5783
5785 5784
5786 5785
5787 5786
5788 5787
5789 5788
5790 5789
5791 5790
5792 5791
5793 5792
5794 5793
5795 5794
5796 5795
5797 5796
5798 5797
5799 5798
5800 5799
5801 5800
5802 5801
5803 5802
5804 5803
5805 5804
5806 5805
5807 5806
5808 5807
5809 5808
5810 5809
5811 5810
5812 5811
5813 5812
5814 5813
5815 5814
5816 5815
5817 5816
5818 5817
5819 5818
5820 5819
5821 5820
5822 5821
5823 5822
5824 5823
5825 5824
5826 5825
5827 5826
5828 5827
5829 5828
5830 5829
5831 5830
5832 5831
5833 5832
5834 5833
5835 5834
5836 5835
5837 5836
5838 5837
5839 5838
5840 5839
5841 5840
5842 5841
5843 5842
5844 5843
5845 5844
5846 5845
5847 5846
5848 5847
5849 5848
5850 5849
5851 5850
5852 5851
5853 5852
5854 5853
5855 5854
5856 5855
5857 5856
5858 5857
5859 5858
5860 5859
5861 5860
5862 5861
5863 5862
5864 5863
5865 5864
5866 5865
5867 5866
5868 5867
5869 5868
5870 5869
5871 5870
5872 5871
5873 5872
5874 5873
5875 5874
5876 5875
5877 5876
5878 5877
5879 5878
5880 5879
5881 5880
5882 5881
5883 5882
5884 5883
5885 5884
5886 5885
5887 5886
5888 5887
5889 5888
5890 5889
5891 5890
5892 5891
5893 5892
5894 5893
5895 5894
5896 5895
5897 5896
5898 5897
5899 5898
5900 5899
5901 5900
5902 5901
5903 5902
5904 5903
5905 5904
5906 5905
5907 5906
5908 5907
5909 5908
5910 5909
5911 5910
5912 5911
5913 5912
5914 5913
5915 5914
5916 5915
5917 5916
5918 5917
5919 5918
5920 5919
5921 5920
5922 5921
5923 5922
5924 5923
5925 5924
5926 5925
5927 5926
5928 5927
5929 5928
5930 5929
5931 5930
5932 5931
5933 5932
5934 5933
5935 5934
5936 5935
5937 5936
5938 5937
5939 5938
5940 5939
5941 5940
5942 5941
5943 5942
5944 5943
5945 5944
5946 5945
5947 5946
5948 5947
5949 5948
5950 5949
5951 5950
5952 5951
5953 5952
5954 5953
5955 5954
5956 5955
5957 5956
5958 5957
5959 5958
5960 5959
5961 5960
5962 5961
5963 5962
5964 5963
5965 5964
5966 5965
5967 5966
5968 5967
5969 5968
5970 5969
5971 5970
5972 5971
5973 5972
5974 5973
5975 5974
5976 5975
5977 5976
5978 5977
5979 5978
5980 5979
5981 5980
5982 5981
5983 5982
5984 5983
5985 5984
5986 5985
5987 5986
5988 5987
5989 5988
5990 5989
5991 5990
5992 5991
5993 5992
5994 5993
5995 5994
5996 5995
5997 5996
5998 5997
5999 5998
6000 5999
6001 6000
6002 6001
6003 6002
6004 6003
6005 6004
6006 6005
6007 6006
6008 6007
6009 6008
6010 6009
6011 6010
6012 6011
6013 6012
6014 6013
6015 6014
6016 6015
6017 6016
6018 6017
6019 6018
6020 6019
6021 6020
6022 6021
6023 6022
6024 6023
6025 6024
6026 6025
6027 6026
6028 6027
6029 6028
6030 6029
6031 6030
6032 6031
6033 6032
6034 6033
6035 6034
6036 6035
6037 6036
6038 6037
6039 6038
6040 6039
6041 6040
6042 6041
6043 6042
6044 6043
6045 6044
6046 6045
6047 6046
6048 6047
6049 6048
6050 6049
6051 6050
6052 6051
6053 6052
6054 6053
6055 6054
6056 6055
6057 6056
6058 6057
6059 6058
6060 6059
6061 6060
6062 6061
6063 6062
6064 6063
6065 6064
6066 6065
6067 6066
6068 6067
6069 6068
6070 6069
6071 6070
6072 6071
6073 6072
6074 6073
6075 6074
6076 6075
6077 6076
6078 6077
6079 6078
6080 6079
6081 6080
6082 6081
6083 6082
6084 6083
6085 6084
6086 6085
6087 6086
6088 6087
6089 6088
6090 6089
6091 6090
6092 6091
6093 6092
6094 6093
6095 6094
6096 6095
6097 6096
6098 6097
6099 6098
6100 6099
6101 6100
6102 6101
6103 6102
6104 6103
6105 6104
6106 6105
6107 6106
6108 6107
6109 6108
6110 6109
6111 6110
6112 6111
6113 6112
6114 6113
6115 6114
6116 6115
6117 6116
6118 6117
6119 6118
6120 6119
6121 6120
6122 6121
6123 6122
6124 6123
6125 6124
6126 6125
6127 6126
6128 6127
6129 6128
6130 6129
6131 6130
6132 6131
6133 6132
6134 6133
6135 6134
6136 6135
6137 6136
6138 6137
6139 6138
6140 6139
6141 6140
6142 6141
6143 6142
6144 6143
6145 6144
6146 6145
6147 6146
6148 6147
6149 6148
6150 6149
6151 6150
6152 6151
6153 6152
6154 6153
6155 6154
6156 6155
6157 6156
6158 6157
6159 6158
6160 6159
6161 6160
6162 6161
6163 6162
6164 6163
6165 6164
6166 6165
6167 6166
6168 6167
6169 6168
6170 6169
6171 6170
6172 6171
6173 6172
6174 6173
6175 6174
6176 6175
6177 6176
6178 6177
6179 6178
6180 6179
6181 6180
6182 6181
6183 6182
6184 6183
6185 6184
6186 6185
6187 6186
6188 6187
6189 6188
6190 6189
6191 6190
6192 6191
6193 6192
6194 6193
6195 6194
6196 6195
6197 6196
6198 6197
6199 6198
6200 6199
6201 6200
6202 6201
6203 6202
6204 6203
6205 6204
6206 6205
6207 6206
6208 6207
6209 6208
6210 6209
6211 6210
6212 6211
6213 6212
6214 6213
6215 6214
6216 6215
6217 6216
6218 6217
6219 6218
6220 6219
6221 6220
6222 6221
6223 6222
6224 6223
6225 6224
6226 6225
6227 6226
6228 6227
6229 6228
6230 6229
6231 6230
6232 6231
6233 6232
6234 6233
6235 6234
6236 6235
6237 6236
6238 6237
6239 6238
6240 6239
6241 6240
6242 6241
6243 6242
6244 6243
6245 6244
6246 6245
6247 6246
6248 6247
6249 6248
6250 6249
6251 6250
6252 6251
6253 6252
6254 6253
6255 6254
6256 6255
6257 6256
6258 6257
6259 6258
6260 6259
6261 6260
6262 6261
6263 6262
6264 6263
6265 6264
6266 6265
6267 6266
6268 6267
6269 6268
6270 6269
6271 6270
6272 6271
6273 6272
6274 6273
6275 6274
6276 6275
6277 6276
6278 6277
6279 6278
6280 6279
6281 6280
6282 6281
6283 6282
6284 6283
6285 6284
6286 6285
6287 6286
6288 6287
6289 6288
6290 6289
6291 6290
6292 6291
6293 6292
6294 6293
6295 6294
6296 6295
6297 6296
6298 6297
6299 6298
6300 6299
6301 6300
6302 6301
6303 6302
6304 6303
6305 6304
6306 6305
6307 6306
6308 6307
6309 6308
6310 6309
6311 6310
6312 6311
6313 6312
6314 6313
6315 6314
6316 6315
6317 6316
6318 6317
6319 6318
6320 6319
6321 6320
6322 6321
6323 6322
6324 6323
6325 6324
6326 6325
6327 6326
6328 6327
6329 6328
6330 6329
6331 6330
6332 6331
6333 6332
6334 6333
6335 6334
6336 6335
6337 6336
6338 6337
6339 6338
6340 6339
6341 6340
6342 6341
6343 6342
6344 6343
6345 6344
6346 6345
6347 6346
6348 6347
6349 6348
6350 6349
6351 6350
6352 6351
6353 6352
6354 6353
6355 6354
6356 6355
6357 6356
6358 6357
6359 6358
6360 6359
6361 6360
6362 6361
6363 6362
6364 6363
6365 6364
6366 6365
6367 6366
6368 6367
6369 6368
6370 6369
6371 6370
6372 6371
6373 6372
6374 6373
6375 6374
6376 6375
6377 6376
6378 6377
6379 6378
6380 6379
6381 6380
6382 6381
6383 6382
6384 6383
6385 6384
6386 6385
6387 6386
6388 6387
6389 6388
6390 6389
6391 6390
6392 6391
6393 6392
6394 6393
6395 6394
6396 6395
6397 6396
6398 6397
6399 6398
6400 6399
6401 6400
6402 6401
6403 6402
6404 6403
6405 6404
6406 6405
6407 6406
6408 6407
6409 6408
6410 6409
6411 6410
6412 6411
6413 6412
6414 6413
6415 6414
6416 6415
6417 6416
6418 6417
6419 6418
6420 6419
6421 6420
6422 6421
6423 6422
6424 6423
6425 6424
6426 6425
6427 6426
6428 6427
6429 6428
6430 6429
6431 6430
6432 6431
6433 6432
6434 6433
6435 6434
6436 6435
6436 247
6437 1381
6438 6437
6439 6438
6440 6439
6441 6440
6442 6441
6443 6442
6444 6443
6445 6444
6446 6445
6447 6446
6448 6447
6449 6448
6450 6449
6451 6450
6452 6451
6453 6452
6454 6453
6455 6454
6456 6455
6457 6456
6458 6457
6459 6458
6460 6459
6461 6460
6462 6461
6463 6462
6464 6463
6465 6464
6466 6465
6467 6466
6468 6467
6469 6468
6470 6469
6471 6470
6472 6471
6473 6472
6474 6473
6475 6474
6476 6475
6477 6476
6478 6477
6479 6478
6480 6479
6481 6480
6482 6481
6483 6482
6484 6483
6485 6484
6486 6485
6487 6486
6488 6487
6489 6488
6490 6489
6491 6490
6492 6491
6493 6492
6494 6493
6495 6494
6496 6495
6497 6496
6498 6497
6499 6498
6500 6499
6501 6500
6502 6501
6503 6502
6504 6503
6505 6504
6506 6505
6507 6506
6508 6507
6509 6508
6510 6509
6511 6510
6512 6511
6513 6512
6514 6513
6515 6514
6516 6515
6517 6516
6518 6517
6519 6518
6520 6519
6521 6520
6522 6521
6523 6522
6524 6523
6525 6524
6526 6525
6527 6526
6528 6527
6529 6528
6530 6529
6531 6530
6532 6531
6533 6532
6534 6533
6535 6534
6536 6535
6537 6536
6538 6537
6539 6538
6540 6539
6541 6540
6542 6541
6543 6542
6544 6543
6545 6544
6546 6545
6547 6546
6548 6547
6549 6548
6550 6549
6551 6550
6552 6551
6553 6552
6554 6553
6555 6554
6556 6555
6557 6556
6558 6557
6559 6558
6560 6559
6561 6560
6562 6561
6563 6562
6564 6563
6565 6564
6566 6565
6567 6566
6568 6567
6569 6568
6570 6569
6571 6570
6572 6571
6573 6572
6574 6573
6575 6574
6576 6575
6577 6576
6578 6577
6579 6578
6580 6579
6581 6580
6582 6581
6583 6582
6584 6583
6585 6584
6586 6585
6587 6586
6588 6587
6589 6588
6590 6589
6591 6590
6592 6591
6593 6592
6594 6593
6595 6594
6596 6595
6597 6596
6598 6597
6599 6598
6600 6599
6601 6600
6602 6601
6603 6602
6604 6603
6605 6604
6606 6605
6607 6606
6608 6607
6609 6608
6610 6609
6611 6610
6612 6611
6613 6612
6614 6613
6615 6614
6616 6615
6617 6616
6618 6617
6619 6618
6620 6619
6621 6620
6622 6621
6623 6622
6624 6623
6625 6624
6626 6625
6627 6626
6628 6627
6629 6628
6630 6629
6631 6630
6632 6631
6633 6632
6634 6633
6635 6634
6636 6635
6637 6636
6638 6637
6639 6638
6640 6639
6641 6640
6642 6641
6643 6642
6644 6643
6645 6644
6646 6645
6647 6646
6648 6647
6649 6648
6650 6649
6651 6650
6652 6651
6653 6652
6654 6653
6655 6654
6656 6655
6657 6656
6658 6657
6659 6658
6660 6659
6661 6660
6662 6661
6663 6662
6664 6663
6665 6664
6666 6665
6667 6666
6668 6667
6669 6668
6670 6669
6671 6670
6672 6671
6673 6672
6674 6673
6675 6674
6676 6675
6677 6676
6678 6677
6679 6678
6680 6679
6681 6680
6682 6681
6683 6682
6684 6683
6685 6684
6686 6685
6687 6686
6688 6687
6689 6688
6690 6689
6691 6690
6692 6691
6693 6692
6694 6693
6695 6694
6696 6695
6697 6696
6698 6697
6699 6698
6700 6699
6701 6700
6702 6701
6703 6702
6704 6703
6705 6704
6706 6705
6707 6706
6708 6707
6709 6708
6710 6709
6711 6710
6712 6711
6713 6712
6714 6713
6715 6714
6716 6715
6717 6716
6718 6717
6719 6718
6720 6719
6721 6720
6722 6721
6723 6722
6724 6723
6725 6724
6726 6725
6727 6726
6728 6727
6729 6728
6730 6729
6731 6730
6732 6731
6733 6732
6734 6733
6735 6734
6736 6735
6737 6736
6738 6737
6739 6738
6740 6739
6741 6740
6742 6741
6743 6742
6744 6743
6745 6744
6746 6745
6747 6746
6748 6747
6749 6748
6750 6749
6751 6750
6752 6751
6753 6752
6754 6753
6755 6754
6756 6755
6757 6756
6758 6757
6759 6758
6760 6759
6761 6760
6762 6761
6763 6762
6764 6763
6765 6764
6766 6765
6767 6766
6768 6767
6769 6768
6770 6769
6771 6770
6772 6771
6773 6772
6774 6773
6775 6774
6776 6775
6777 6776
6778 6777
6779 6778
6780 6779
6781 6780
6782 6781
6783 6782
6784 6783
6785 6784
6786 6785
6787 6786
6788 6787
6789 6788
6790 6789
6791 6790
6792 6791
6793 6792
6794 6793
6795 6794
6796 6795
6797 6796
6798 6797
6799 6798
6800 6799
6801 6800
6802 6801
6803 6802
6804 6803
6805 6804
6806 6805
6807 6806
6808 6807
6809 6808
6810 6809
6811 6810
6812 6811
6813 6812
6814 6813
6815 6814
6816 6815
6817 6816
6818 6817
6819 6818
6820 6819
6821 6820
6822 6821
6823 6822
6824 6823
6825 6824
6826 6825
6827 6826
6828 6827
6829 6828
6830 6829
6831 6830
6832 6831
6833 6832
6834 6833
6835 6834
6836 6835
6837 6836
6838 6837
6839 6838
6840 6839
6841 6840
6842 6841
6843 6842
6844 6843
6845 6844
6846 6845
6847 6846
6848 6847
6849 6848
6850 6849
6851 6850
6852 6851
6853 6852
6854 6853
6855 6854
6856 6855
6857 6856
6858 6857
6859 6858
6860 6859
6861 6860
6862 6861
6863 6862
6864 6863
6865 6864
6866 6865
6867 6866
6868 6867
6869 6868
6870 6869
6871 6870
6872 6871
6873 6872
6874 6873
6875 6874
6876 6875
6877 6876
6878 6877
6879 6878
6880 6879
6881 6880
6882 6881
6883 6882
6884 6883
6885 6884
6886 6885
6887 6886
6888 6887
6889 6888
6890 6889
6891 6890
6892 6891
6893 6892
6894 6893
6895 6894
6896 6895
6897 6896
6898 6897
6899 6898
6900 6899
6901 6900
6902 6901
6903 6902
6904 6903
6905 6904
6906 6905
6907 6906
6908 6907
6909 6908
6910 6909
6911 6910
6912 6911
6913 6912
6914 6913
6915 6914
6916 6915
6917 6916
6918 6917
6919 6918
6920 6919
6921 6920
6922 6921
6923 6922
6924 6923
6925 6924
6926 6925
6927 6926
6928 6927
6929 6928
6930 6929
6931 6930
6932 6931
6933 6932
6934 6933
6935 6934
6936 6935
6937 6936
6938 6937
6939 6938
6940 6939
6941 6940
6942 6941
6943 6942
6944 6943
6945 6944
6946 6945
6947 6946
6948 6947
6949 6948
6950 6949
6951 6950
6952 6951
6953 6952
6954 6953
6955 6954
6956 6955
6957 6956
6958 6957
6959 6958
6960 6959
6961 6960
6962 6961
6963 6962
6964 6963
6965 6964
6966 6965
6967 6966
6968 6967
6969 6968
6970 6969
6971 6970
6972 6971
6973 6972
6974 6973
6975 6974
6976 6975
6977 6976
6978 6977
6979 6978
6980 6979
6981 6980
6982 6981
6983 6982
6984 6983
6985 6984
6986 6985
6987 6986
6988 6987
6989 6988
6990 6989
6991 6990
6992 6991
6993 6992
6994 6993
6995 6994
6996 6995
6997 6996
6998 6997
6999 6998
7000 6999
7001 7000
7002 7001
7003 7002
7004 7003
7005 7004
7006 7005
7007 7006
7008 7007
7009 7008
7010 7009
7011 7010
7012 7011
7013 7012
7014 7013
7015 7014
7016 7015
7017 7016
7018 7017
7019 7018
7020 7019
7021 7020
7022 7021
7023 7022
7024 7023
7025 7024
7026 7025
7027 7026
7028 7027
7029 7028
7030 7029
7031 7030
7032 7031
7033 7032
7034 7033
7035 7034
7036 7035
7037 7036
7038 7037
7039 7038
7040 7039
7041 7040
7042 7041
7043 7042
7044 7043
7045 7044
7046 7045
7047 7046
7048 7047
7049 7048
7050 7049
7051 7050
7052 7051
7053 7052
7054 7053
7055 7054
7056 7055
7057 7056
7058 7057
7059 7058
7060 7059
7061 7060
7062 7061
7063 7062
7064 7063
7065 7064
7066 7065
7067 7066
7068 7067
7069 7068
7070 7069
7071 7070
7072 7071
7073 7072
7074 7073
7075 7074
7076 7075
7077 7076
7078 7077
7079 7078
7080 7079
7081 7080
7082 7081
7083 7082
7084 7083
7085 7084
7086 7085
7087 7086
7088 7087
7089 7088
7090 7089
7091 7090
7092 7091
7093 7092
7094 7093
7095 7094
7096 7095
7097 7096
7098 7097
7099 7098
7100 7099
7101 7100
7102 7101
7103 7102
7104 7103
7105 7104
7106 7105
7107 7106
7108 7107
7109 7108
7110 7109
7111 7110
7112 7111
7113 7112
7113 1381
7114 5384
7115 7114
7116 7114
7117 7114
7118 7114
7119 7118
7120 7116
7121 7116
7122 7119
7123 7117
7124 7118
7125 7115
7126 7117
7127 7126
7128 7122
7129 7116
7130 7115
7131 7120
7132 7121
7133 7128
7134 7122
7135 7127
7136 7119
7137 7118
7138 7126
7139 7124
7140 7139
7141 7138
7142 7130
7143 7114
7144 7141
7145 7118
7146 7135
7147 7134
7148 7120
7149 7148
7150 7123
7151 7115
7152 7127
7153 7130
7154 7134
7155 7115
7156 7144
7157 7125
7158 7130
7159 7141
7160 7130
7161 7135
7162 7145
7163 7150
7164 7138
7165 7158
7166 7138
7167 7166
7168 7167
7169 7146
7170 7128
7171 7157
7172 7144
7173 7123
7174 7132
7175 7165
7176 7173
7177 7176
7178 7174
7179 7137
7180 7176
7181 7169
7182 7179
7183 7169
7184 7132
7185 7158
7186 7114
7187 7181
7188 7183
7189 7117
7190 7133
7191 7134
7192 7157
7193 7168
7194 7134
7195 7168
7196 7122
7197 7117
7198 7139
7199 7191
7200 7127
7201 7124
7202 7119
7203 7117
7204 7157
7205 7177
7206 7165
7207 7196
7208 7158
7209 7199
7210 7131
7211 7158
7212 7185
7213 7158
7214 7122
7215 7132
7216 7174
7217 7174
7218 7115
7219 7144
7220 7172
7221 7206
7222 7168
7223 7219
7224 7156
7225 7118
7226 7126
7227 7168
7228 7179
7229 7172
7230 7143
7231 7215
7232 7137
7233 7171
7234 7165
7235 7213
7236 7136
7237 7144
7238 7120
7239 7126
7240 7140
7241 7220
7242 7172
7243 7198
7244 7124
7245 7212
7246 7150
7247 7234
7248 7214
7249 7180
7250 7142
7251 7192
7252 7114
7253 7143
7254 7187
7255 7166
7256 7122
7257 7225
7258 7200
7259 7238
7260 7156
7261 7126
7262 7169
7263 7182
7264 7228
7265 7144
7266 7145
7267 7182
7268 7152
7269 7124
7270 7193
7271 7152
7272 7162
7273 7269
7274 7137
7275 7165
7276 7176
7277 7232
7278 7146
7279 7248
7280 7229
7281 7119
7282 7170
7283 7245
7284 7129
7285 7191
7286 7245
7287 7148
7288 7199
7289 7265
7290 7150
7291 7170
7292 7189
7293 7168
7294 7247
7295 7163
7296 7115
7297 7161
7298 7255
7299 7282
7300 7139
7301 7146
7302 7235
7303 7183
7304 7214
7305 7188
7306 7287
7307 7157
7308 7280
7309 7293
7310 7219
7311 7157
7312 7282
7313 7151
7314 7162
7315 7276
7316 7226
7317 7131
7318 7306
7319 7249
7320 7132
7321 7255
7322 7285
7323 7233
7324 7147
7325 7184
7326 7208
7327 7216
7328 7323
7329 7256
7330 7326
7331 7309
7332 7148
7333 7117
7334 7253
7335 7241
7336 7251
7337 7232
7338 7147
7339 7315
7340 7320
7341 7284
7342 7135
7343 7270
7344 7301
7345 7277
7346 7125
7347 7310
7348 5384
7349 7277
7350 7196
7351 7306
7352 7136
7353 7257
7354 7329
7355 7183
7356 7296
7357 7201
7358 7286
7359 7153
7360 7167
7361 7340
7362 7231
7363 7163
7364 7233
7365 7245
7366 7340
7367 7354
7368 7353
7369 7274
7370 7172
7371 7266
7372 7192
7373 7355
7374 7233
7375 7327
7376 7369
7377 7119
7378 7137
7379 7245
7380 7192
7381 7359
7382 7232
7383 7300
7384 7127
7385 7209
7386 7333
7387 7207
7388 7282
7389 7243
7390 7339
7391 7337
7392 7151
7393 7230
7394 7127
7395 7251
7396 7200
7397 7391
7398 7124
7399 7212
7400 7276
7401 7152
7402 7169
7403 7392
7404 7223
7405 7120
7406 7169
7407 7258
7408 7402
7409 7127
7410 7247
7411 7360
7412 7323
7413 7312
7414 7132
7415 7365
7416 7284
7417 7335
7418 7168
7419 7413
7420 7237
7421 7254
7422 7354
7423 7401
7424 7231
7425 7308
7426 7402
7427 7364
7428 7418
7429 7174
7430 7353
7431 7370
7432 7120
7433 7348
7434 7429
7435 7385
7436 7299
7437 7266
7438 7288
7439 7144
7440 7432
7441 7204
7442 7197
7443 7165
7444 7127
7445 7277
7446 7384
7447 7395
7448 7124
7449 7137
7450 7365
7451 7137
7452 7152
7453 7323
7454 7351
7455 7133
7456 7410
7457 7216
7458 7208
7459 7425
7460 7223
7461 7194
7462 7133
7463 7441
7464 7446
7465 7254
7466 7187
7467 7164
7468 7228
7469 7385
7470 7284
7471 7337
7472 7163
7473 7351
7474 7219
7475 7366
7476 7117
7477 7228
7478 7193
7479 7259
7480 7414
7481 7385
7482 7465
7483 7255
7484 7144
7485 7333
7486 7347
7487 7173
7488 7135
7489 7377
7490 7435
7491 7430
7492 7346
7493 7175
7494 7262
7495 7247
7496 7487
7497 7156
7498 7250
7499 7248
7500 7232
7501 7250
7502 7205
7503 7132
7504 7221
7505 7375
7506 7169
7507 7134
7508 7128
7509 7296
7510 7499
7511 7404
7512 7271
7513 7486
7514 7241
7515 7267
7516 7467
7517 7304
7518 7344
7519 7414
7520 7276
7521 7232
7522 7192
7523 7383
7524 7230
7525 7329
7526 7355
7527 7261
7528 7375
7529 7472
7530 7205
7531 7511
7532 7446
7533 7420
7534 7476
7535 7197
7536 7471
7537 7340
7538 7354
7539 7114
7540 7466
7541 7121
7542 7383
7543 7482
7544 7287
7545 7440
7546 7229
7547 7301
7548 7259
7549 7457
7550 7127
7551 7163
7552 7211
7553 7147
7554 7390
7555 7467
7556 7404
7557 7249
7558 7199
7559 7303
7560 7453
7561 7273
7562 7517
7563 7531
7564 7181
7565 7211
7566 7461
7567 7324
7568 7143
7569 7150
7570 7194
7571 7205
7572 7496
7573 7375
7574 7339
7575 7423
7576 7432
7577 7216
7578 7355
7579 7264
7580 7314
7581 7538
7582 7464
7583 7336
7584 7535
7585 7412
7586 7183
7587 7244
7588 7232
7589 7386
7590 7541
7591 7455
7592 7185
7593 7167
7594 7268
7595 7445
7596 7237
7597 7147
7598 7152
7599 7299
7600 7448
7601 7189
7602 7387
7603 7146
7604 7180
7605 7291
7606 7160
7607 7316
7608 7430
7609 7421
7610 7183
7611 7474
7612 7536
7613 7261
7614 7307
7615 7155
7616 7343
7617 7178
7618 7217
7619 7495
7620 7271
7621 7292
7622 7415
7623 7445
7624 7137
7625 7250
7626 7221
7627 7326
7628 7532
7629 7317
7630 7613
7631 7236
7632 7327
7633 7490
7634 7490
7635 7350
7636 7309
7637 7364
7638 7130
7639 7148
7640 7295
7641 7367
7642 7450
7643 7462
7644 7168
7645 7374
7646 7624
7647 7309
7648 7229
7649 7517
7650 7489
7651 7537
7652 7579
7653 7572
7654 7159
7655 7497
7656 7298
7657 7203
7658 7484
7659 7450
7660 7376
7661 7344
7662 7355
7663 7515
7664 5384
7665 7516
7666 7297
7667 7548
7668 7259
7669 7274
7670 7237
7671 7527
7672 7157
7673 7230
7674 7282
7675 7326
7676 7655
7677 7547
7678 7293
7679 7379
7680 7121
7681 7590
7682 7236
7683 7420
7684 7670
7685 7257
7686 7523
7687 7393
7688 7303
7689 7409
7690 7689
7691 7651
7692 7158
7693 7544
7694 7560
7695 7637
7696 7447
7697 7611
7698 7117
7699 7450
7700 7117
7701 7245
7702 7445
7703 7529
7704 7214
7705 7219
7706 7329
7707 7528
7708 7330
7709 7370
7710 7159
7711 7304
7712 7699
7713 7508
7714 7619
7715 7172
7716 7114
7717 7207
7718 7436
7719 7628
7720 7380
7721 7612
7722 7190
7723 7468
7724 7374
7725 7509
7726 7236
7727 7570
7728 7139
7729 7536
7730 7552
7731 7497
7732 7242
7733 7454
7734 7137
7735 7451
7736 7282
7737 7348
7738 7191
7739 7708
7740 7470
7741 7202
7742 7372
7743 7419
7744 7702
7745 7359
7746 7209
7747 7474
7748 7691
7749 7698
7750 7404
7751 7696
7752 7312
7753 7300
7754 7733
7755 7148
7756 7224
7757 7212
7758 7204
7759 7495
7760 7222
7761 7650
7762 7493
7763 7715
7764 7171
7765 7276
7766 7653
7767 7687
7768 7608
7769 7284
7770 7316
7771 7546
7772 7371
7773 7263
7774 7611
7775 7261
7776 7631
7777 7751
7778 7199
7779 7676
7780 7494
7781 7699
7782 7378
7783 7655
7784 7723
7785 7242
7786 7665
7787 7529
7788 7738
7789 7515
7790 7724
7791 7405
7792 7577
7793 7193
7794 7779
7795 7276
7796 7610
7797 7723
7798 7604
7799 7528
7800 7696
7801 7328
7802 7455
7803 7362
7804 7625
7805 7753
7806 7444
7807 7197
7808 7200
7809 7709
7810 7222
7811 7331
7812 7131
7813 7668
7814 7509
7815 7690
7816 7684
7817 7629
7818 7298
7819 7455
7820 7129
7821 7249
7822 7119
7823 7344
7824 7640
7825 7669
7826 7464
7827 7545
7828 7709
7829 7647
7830 7480
7831 7763
7832 7406
7833 7561
7834 7363
7835 7421
7836 7676
7837 5384
7838 7821
7839 7477
7840 7524
7841 7568
7842 7222
7843 7250
7844 7633
7845 7523
7846 7363
7847 7666
7848 7132
7849 7693
7850 7845
7851 7275
7852 7561
7853 7183
7854 7379
7855 7788
7856 7543
7857 7262
7858 7566
7859 7795
7860 7809
7861 7181
7862 7516
7863 7771
7864 7788
7865 7136
7866 7386
7867 7181
7868 7145
7869 7562
7870 7545
7871 7858
7872 7191
7873 7392
7874 7608
7875 7742
7876 7818
7877 7480
7878 7608
7879 7595
7880 7197
7881 7819
7882 7169
7883 7592
7884 7742
7885 7518
7886 7564
7887 7139
7888 7718
7889 7733
7890 7360
7891 7234
7892 7393
7893 7376
7894 7880
7895 7139
7896 7265
7897 7860
7898 7167
7899 7761
7900 7439
7901 7116
7902 7792
7903 7638
7904 7464
7905 7285
7906 7523
7907 7476
7908 7824
7909 7669
7910 7648
7911 7464
7912 7814
7913 7461
7914 7134
7915 7694
7916 7178
7917 7243
7918 7324
7919 7136
7920 7391
7921 7369
7922 7432
7923 7703
7924 7275
7925 7404
7926 7730
7927 7486
7928 7494
7929 7189
7930 7278
7931 7847
7932 7484
7933 7488
7934 7413
7935 7141
7936 7618
7937 7496
7938 7238
7939 7719
7940 7132
7941 7504
7942 7269
7943 7709
7944 7386
7945 7421
7946 7566
7947 7577
7948 7855
7949 7493
7950 7873
7951 7916
7952 7255
7953 7930
7954 7646
7955 7234
7956 7150
7957 7845
7958 7815
7959 7353
7960 7697
7961 7476
7962 7422
7963 7307
7964 7892
7965 7588
7966 7778
7967 7514
7968 7153
7969 7288
7970 685
7971 7970
7972 7971
7973 7972
7974 7973
7975 7974
7976 7975
7977 7976
7978 7977
7979 7978
7980 7979
7981 7980
7982 7981
7983 7982
7984 7983
7985 7984
7986 7985
7987 7986
7988 7987
7989 7988
7990 7989
7991 7990
7992 7991
7993 7992
7994 7993
7995 7994
7996 7995
7997 7996
7998 7997
7999 7998
8000 7999
8001 8000
8002 8001
8003 8002
8004 8003
8005 8004
8006 8005
8007 8006
8008 8007
8009 8008
8010 8009
8011 8010
8012 8011
8013 8012
8014 8013
8015 8014
8016 8015
8017 8016
8018 8017
8019 8018
8020 8019
8021 8020
8022 8021
8023 8022
8024 8023
8025 8024
8026 8025
8027 8026
8028 8027
8029 8028
8030 8029
8031 8030
8032 8031
8033 8032
8034 8033
8035 8034
8036 8035
8037 8036
8038 8037
8039 8038
8040 8039
8041 8040
8042 8041
8043 8042
8044 8043
8045 8044
8046 8045
8047 8046
8048 8047
8049 8048
8050 8049
8051 8050
8052 8051
8053 8052
8054 8053
8055 8054
8056 8055
8057 8056
8058 8057
8059 8058
8060 8059
8061 8060
8062 8061
8063 8062
8064 8063
8065 8064
8066 8065
8067 8066
8068 8067
8069 8068
8070 8069
8071 8070
8072 8071
8073 8072
8074 8073
8075 8074
8076 8075
8077 8076
8078 8077
8079 8078
8080 8079
8081 8080
8082 8081
8083 8082
8084 8083
8085 8084
8086 8085
8087 8086
8088 8087
8089 8088
8090 8089
8091 8090
8092 8091
8093 8092
8094 8093
8095 8094
8096 8095
8097 8096
8098 8097
8099 8098
8100 8099
8101 8100
8102 8101
8103 8102
8104 8103
8105 8104
8106 8105
8107 8106
8108 8107
8109 8108
8110 8109
8111 8110
8112 8111
8113 8112
8114 8113
8115 8114
8116 8115
8117 8116
8118 8117
8119 8118
8120 8119
8121 8120
8122 8121
8123 8122
8124 8123
8125 8124
8126 8125
8127 8126
8128 8127
8129 8128
8130 8129
8131 8130
8132 8131
8133 8132
8134 8133
8135 8134
8136 8135
8137 8136
8138 8137
8139 8138
8140 8139
8141 8140
8142 8141
8143 8142
8144 8143
8145 8144
8146 8145
8147 8146
8148 8147
8149 8148
8150 8149
8151 8150
8152 8151
8153 8152
8154 8153
8155 8154
8156 8155
8157 8156
8158 8157
8159 8158
8160 8159
8161 8160
8162 8161
8163 8162
8164 8163
8165 8164
8166 8165
8167 8166
8168 8167
8169 8168
8170 8169
8171 8170
8172 8171
8173 8172
8174 8173
8175 8174
8176 8175
8177 8176
8178 8177
8179 8178
8180 8179
8181 8180
8182 8181
8183 8182
8184 8183
8185 8184
8186 8185
8187 8186
8188 8187
8189 8188
8190 8189
8191 8190
8192 8191
8193 8192
8194 8193
8195 8194
8196 8195
8197 8196
8198 8197
8199 8198
8200 8199
8201 8200
8202 8201
8203 8202
8204 8203
8205 8204
8206 8205
8207 8206
8208 8207
8209 8208
8210 8209
8211 8210
8212 8211
8213 8212
8214 8213
8215 8214
8216 8215
8217 8216
8218 8217
8219 8218
8220 8219
8221 8220
8222 8221
8223 8222
8224 8223
8225 8224
8226 8225
8227 8226
8228 8227
8229 8228
8230 8229
8231 8230
8232 8231
8233 8232
8234 8233
8235 8234
8236 8235
8237 8236
8238 8237
8239 8238
8240 8239
8241 8240
8242 8241
8243 8242
8244 8243
8245 8244
8246 8245
8247 8246
8248 8247
8249 8248
8250 8249
8251 8250
8252 8251
8253 8252
8254 8253
8255 8254
8256 8255
8257 8256
8258 8257
8259 8258
8260 8259
8261 8260
8262 8261
8263 8262
8264 8263
8265 8264
8266 8265
8267 8266
8268 8267
8269 8268
8270 8269
8271 8270
8272 8271
8273 8272
8274 8273
8275 8274
8276 8275
8277 8276
8278 8277
8279 8278
8280 8279
8281 8280
8282 8281
8283 8282
8284 8283
8285 8284
8286 8285
8287 8286
8288 8287
8289 8288
8290 8289
8291 8290
8292 8291
8293 8292
8294 8293
8295 8294
8296 8295
8297 8296
8298 8297
8299 8298
8300 8299
8301 8300
8302 8301
8303 8302
8304 8303
8305 8304
8306 8305
8307 8306
8308 8307
8309 8308
8310 8309
8311 8310
8312 8311
8313 8312
8314 8313
8315 8314
8316 8315
8317 8316
8318 8317
8319 8318
8320 8319
8321 8320
8322 8321
8323 8322
8324 8323
8325 8324
8326 8325
8327 8326
8328 8327
8329 8328
8330 8329
8331 8330
8332 8331
8333 8332
8334 8333
8335 8334
8336 8335
8337 8336
8338 8337
8339 8338
8340 8339
8341 8340
8342 8341
8343 8342
8344 8343
8345 8344
8346 8345
8347 8346
8348 8347
8349 8348
8350 8349
8351 8350
8352 8351
8353 8352
8354 8353
8355 8354
8356 8355
8357 8356
8358 8357
8359 8358
8360 8359
8361 8360
8362 8361
8363 8362
8364 8363
8365 8364
8366 8365
8367 8366
8368 8367
8369 8368
8370 8369
8371 8370
8372 8371
8373 8372
8374 8373
8375 8374
8376 8375
8377 8376
8378 8377
8379 8378
8380 8379
8381 8380
8382 8381
8383 8382
8384 8383
8385 8384
8386 8385
8387 8386
8388 8387
8389 8388
8390 8389
8391 8390
8392 8391
8393 8392
8394 8393
8395 8394
8396 8395
8397 8396
8398 8397
8399 8398
8400 8399
8401 8400
8402 8401
8403 8402
8404 8403
8405 8404
8406 8405
8407 8406
8408 8407
8409 8408
8410 8409
8411 8410
8412 8411
8413 8412
8414 8413
8415 8414
8416 8415
8417 8416
8418 8417
8419 8418
8420 8419
8421 8420
8422 8421
8423 8422
8424 8423
8425 8424
8426 8425
8427 8426
8428 8427
8429 8428
8430 8429
8431 8430
8432 8431
8433 8432
8434 8433
8435 8434
8436 8435
8437 8436
8438 8437
8439 8438
8440 8439
8441 8440
8442 8441
8443 8442
8444 8443
8445 8444
8446 8445
8447 8446
8448 8447
8449 8448
8450 8449
8451 8450
8452 8451
8453 8452
8454 8453
8455 8454
8456 8455
8457 8456
8458 8457
8459 8458
8460 8459
8461 8460
8462 8461
8463 8462
8464 8463
8465 8464
8466 8465
8467 8466
8468 8467
8469 8468
8470 8469
8471 8470
8472 8471
8473 8472
8474 8473
8475 8474
8476 8475
8477 8476
8478 8477
8479 8478
8480 8479
8481 8480
8482 8481
8483 8482
8484 8483
8485 8484
8486 8485
8487 8486
8488 8487
8489 8488
8490 8489
8491 8490
8492 8491
8493 8492
8494 8493
8495 8494
8496 8495
8497 8496
8498 8497
8499 8498
8500 8499
8501 8500
8502 8501
8503 8502
8504 8503
8505 8504
8506 8505
8507 8506
8508 8507
8509 8508
8510 8509
8511 8510
8512 8511
8513 8512
8514 8513
8515 8514
8516 8515
8517 8516
8518 8517
8519 8518
8520 8519
8521 8520
8522 8521
8523 8522
8524 8523
8525 8524
8526 8525
8527 8526
8528 8527
8529 8528
8530 8529
8531 8530
8532 8531
8533 8532
8534 8533
8535 8534
8536 8535
8537 8536
8538 8537
8539 8538
8540 8539
8541 8540
8542 8541
8543 8542
8544 8543
8545 8544
8546 8545
8547 8546
8548 8547
8549 8548
8550 8549
8551 8550
8552 8551
8553 8552
8554 8553
8555 8554
8556 8555
8557 8556
8558 8557
8559 8558
8560 8559
8561 8560
8562 8561
8563 8562
8564 8563
8565 8564
8566 8565
8567 8566
8568 8567
8569 8568
8570 8569
8571 8570
8572 8571
8573 8572
8574 8573
8575 8574
8576 8575
8577 8576
8578 8577
8579 8578
8580 8579
8581 8580
8582 8581
8583 8582
8584 8583
8585 8584
8586 8585
8587 8586
8588 8587
8589 8588
8590 8589
8591 8590
8592 8591
8593 8592
8594 8593
8595 8594
8596 8595
8597 8596
8598 8597
8599 8598
8600 8599
8601 8600
8602 8601
8603 8602
8604 8603
8605 8604
8606 8605
8607 8606
8608 8607
8609 8608
8610 8609
8611 8610
8612 8611
8613 8612
8614 8613
8615 8614
8616 8615
8617 8616
8618 8617
8619 8618
8620 8619
8621 8620
8622 8621
8623 8622
8624 8623
8625 8624
8626 8625
8627 8626
8628 8627
8629 8628
8630 8629
8631 8630
8632 8631
8633 8632
8634 8633
8635 8634
8636 8635
8637 8636
8638 8637
8639 8638
8640 8639
8641 8640
8642 8641
8643 8642
8644 8643
8645 8644
8646 8645
8647 8646
8648 8647
8649 8648
8650 8649
8651 8650
8652 8651
8653 8652
8654 8653
8655 8654
8656 8655
8657 8656
8658 8657
8659 8658
8660 8659
8661 8660
8662 8661
8663 8662
8664 8663
8665 8664
8666 8665
8667 8666
8668 8667
8669 8668
8670 8669
8671 8670
8672 8671
8673 8672
8674 8673
8675 8674
8676 8675
8677 8676
8678 8677
8679 8678
8680 8679
8681 8680
8682 8681
8683 8682
8684 8683
8685 8684
8686 8685
8687 8686
8688 8687
8689 8688
8690 8689
8691 8690
8692 8691
8693 8692
8694 8693
8695 8694
8696 8695
8697 8696
8698 8697
8699 8698
8700 8699
8701 8700
8702 8701
8703 8702
8704 8703
8705 8704
8706 8705
8707 8706
8708 8707
8709 8708
8710 8709
8711 8710
8712 8711
8713 8712
8714 8713
8715 8714
8716 8715
8717 8716
8718 8717
8719 8718
8720 8719
8721 8720
8722 8721
8723 8722
8724 8723
8725 8724
8726 8725
8727 8726
8728 8727
8729 8728
8730 8729
8731 8730
8732 8731
8733 8732
8734 8733
8735 8734
8736 8735
8737 8736
8738 8737
8739 8738
8740 8739
8741 8740
8742 8741
8743 8742
8744 8743
8745 8744
8746 8745
8747 8746
8748 8747
8749 8748
8750 8749
8751 8750
8752 8751
8753 8752
8754 8753
8755 8754
8756 8755
8757 8756
8758 8757
8759 8758
8760 8759
8761 8760
8762 8761
8763 8762
8764 8763
8765 8764
8766 8765
8767 8766
8768 8767
8769 8768
8770 8769
8771 8770
8772 8771
8773 8772
8774 8773
8775 8774
8776 8775
8777 8776
8778 8777
8779 8778
8780 8779
8781 8780
8782 8781
8783 8782
8784 8783
8785 8784
8786 8785
8787 8786
8788 8787
8789 8788
8790 8789
8791 8790
8792 8791
8793 8792
8794 8793
8795 8794
8796 8795
8797 8796
8798 8797
8799 8798
8800 8799
8801 8800
8802 8801
8803 8802
8804 8803
8805 8804
8806 8805
8807 8806
8808 8807
8809 8808
8810 8809
8811 8810
8812 8811
8813 8812
8814 8813
8815 8814
8815 685
8816 2892
8817 8816
8818 8817
8819 8818
8820 8819
8821 8820
8822 8821
8823 8822
8824 8823
8825 8824
8826 8825
8827 8826
8828 8827
8829 8828
8830 8829
8831 8830
8832 8831
8832 2892
8833 2788
8834 2788
8835 8834
8836 8835
8837 8833
8838 2788
8839 8834
8840 8834
8841 8840
8842 8840
8843 2788
8844 8841
8845 8841
8846 8836
8847 8844
8848 8838
8849 8843
8850 8843
8851 8844
8852 8836
8853 8848
8854 8853
8855 8844
8856 8844
8857 8847
8858 8836
8859 8851
8860 8839
8861 8860
8862 8851
8863 8841
8864 8849
8865 8842
8866 8843
8867 8840
8868 8860
8869 8865
8870 8843
8871 8859
8872 8859
8873 8844
8874 8833
8875 8845
8876 8851
8877 8854
8878 8875
8879 8835
8880 8862
8881 8877
8882 8848
8883 2788
8884 8871
8885 8858
8886 8856
8887 8871
8888 8879
8889 8844
8890 8840
8891 8878
8892 8855
8893 8855
8894 8842
8895 8839
8896 8835
8897 8846
8898 8891
8899 8858
8900 8848
8901 8861
8902 8896
8903 8850
8904 8839
8905 8862
8906 8885
8907 8840
8908 8865
8909 8844
8910 8834
8911 8839
8912 8841
8913 8839
8914 8876
8915 8898
8916 8861
8917 8865
8918 8905
8919 8839
8920 8917
8921 8836
8922 8872
8923 8911
8924 8894
8925 8859
8926 8856
8927 8884
8928 8856
8929 8904
8930 8899
8931 8897
8932 8920
8933 8919
8934 8843
8935 8901
8936 8879
8937 8844
8938 8883
8939 8936
8940 8937
8941 8925
8942 8903
8943 8897
8944 8919
8945 8864
8946 8889
8947 8863
8948 8874
8949 8943
8950 8890
8951 8846
8952 8838
8953 8930
8954 8871
8955 8834
8956 8852
8957 8918
8958 8908
8959 8879
8960 8880
8961 8840
8962 8945
8963 8837
8964 8919
8965 8882
8966 8884
8967 8853
8968 8890
8969 8929
8970 8905
8971 8961
8972 8953
8973 8837
8974 8969
8975 8930
8976 8889
8977 8894
8978 8875
8979 8941
8980 8847
8981 8883
8982 8957
8983 8910
8984 8906
8985 8975
8986 8849
8987 8913
8988 8953
8989 8844
8990 8888
8991 8863
8992 8971
8993 8920
8994 8877
8995 8903
8996 8837
8997 8913
8998 8993
8999 8869
9000 8936
9001 8902
9002 8899
9003 8854
9004 9000
9005 9004
9006 8848
9007 8922
9008 8958
9009 8922
9010 8899
9011 8869
9012 8942
9013 8987
9014 8988
9015 8970
9016 8954
9017 8922
9018 8967
9019 8928
9020 8994
9021 8991
9022 8871
9023 8887
9024 9001
9025 8974
9026 9005
9027 8887
9028 8966
9029 9001
9030 8984
9031 9015
9032 9001
9033 8994
9034 8958
9035 8966
9036 8866
9037 8926
9038 8979
9039 8959
9040 8902
9041 8982
9042 8896
9043 8987
9044 8953
9045 9010
9046 8935
9047 8966
9048 8973
9049 8885
9050 8898
9051 8992
9052 9033
9053 8944
9054 8909
9055 8936
9056 9035
9057 8913
9058 8905
9059 9046
9060 8835
9061 8894
9062 8900
9063 9018
9064 9030
9065 8975
9066 8925
9067 9006
9068 8864
9069 8945
9070 8907
9071 9045
9072 8993
9073 9040
9074 8928
9075 9063
9076 8872
9077 8877
9078 8918
9079 8923
9080 8891
9081 8842
9082 8874
9083 8928
9084 8937
9085 9058
9086 8930
9087 9010
9088 8880
9089 8975
9090 8967
9091 9053
9092 9067
9093 8992
9094 9009
9095 8891
9096 8950
9097 9063
9098 8964
9099 8847
9100 9028
9101 8976
9102 9066
9103 8947
9104 8960
9105 9062
9106 9080
9107 8971
9108 8961
9109 9010
9110 8861
9111 8834
9112 9061
9113 9029
9114 8995
9115 9043
9116 8975
9117 9070
9118 8853
9119 9051
9120 8889
9121 9043
9122 9096
9123 8987
9124 9062
9125 9063
9126 8947
9127 9048
9128 9073
9129 8993
9130 8837
9131 9070
9132 8904
9133 8916
9134 8956
9135 9076
9136 8946
9137 9069
9138 8889
9139 9091
9140 9010
9141 9130
9142 9035
9143 8910
9144 8913
9145 9130
9146 9105
9147 9046
9148 8952
9149 8996
9150 8977
9151 9094
9152 8964
9153 9097
9154 8921
9155 8969
9156 9129
9157 9029
9158 9089
9159 9070
9160 9047
9161 8908
9162 9133
9163 9056
9164 8947
9165 9141
9166 8962
9167 9103
9168 9143
9169 8838
9170 8976
9171 8970
9172 8954
9173 9064
9174 8997
9175 9166
9176 9009
9177 8920
9178 8971
9179 8916
9180 9009
9181 8900
9182 8886
9183 8912
9184 9011
9185 9173
9186 9136
9187 9061
9188 9174
9189 8926
9190 9040
9191 8851
9192 9136
9193 9030
9194 9101
9195 9134
9196 8834
9197 9017
9198 8968
9199 9105
9200 8879
9201 9129
9202 9114
9203 8999
9204 9041
9205 8874
9206 9085
9207 8870
9208 8916
9209 8950
9210 8882
9211 8927
9212 9117
9213 8943
9214 8926
9215 8855
9216 8933
9217 9181
9218 9163
9219 9186
9220 8943
9221 8855
9222 8982
9223 8970
9224 9101
9225 8963
9226 9195
9227 8919
9228 9144
9229 8852
9230 9126
9231 9065
9232 8843
9233 9174
9234 9130
9235 9164
9236 8868
9237 9122
9238 9027
9239 8943
9240 8875
9241 8876
9242 9188
9243 8945
9244 9073
9245 9009
9246 9116
9247 9134
9248 9050
9249 9030
9250 8987
9251 9100
9252 9035
9253 9247
9254 9118
9255 9067
9256 8893
9257 9246
9258 8951
9259 9107
9260 9201
9261 8963
9262 8962
9263 8903
9264 8954
9265 8955
9266 9262
9267 8884
9268 9058
9269 9097
9270 8876
9271 9234
9272 8869
9273 9164
9274 9134
9275 8895
9276 9119
9277 8971
9278 9219
9279 9086
9280 8915
9281 9256
9282 9218
9283 9280
9284 8983
9285 8834
9286 8921
9287 9071
9288 8945
9289 9266
9290 8972
9291 9236
9292 9125
9293 8930
9294 8984
9295 9219
9296 9276
9297 9272
9298 9183
9299 9156
9300 9243
9301 8974
9302 8949
9303 8856
9304 9034
9305 9149
9306 9223
9307 9288
9308 9109
9309 9304
9310 8925
9311 8988
9312 9038
9313 8871
9314 9137
9315 8985
9316 8841
9317 9280
9318 8843
9319 8957
9320 9055
9321 9148
9322 9003
9323 9301
9324 9192
9325 9181
9326 9088
9327 9200
9328 9105
9329 8927
9330 8951
9331 9100
9332 9055
9333 9280
9334 9158
9335 9174
9336 8906
9337 9081
9338 9319
9339 9023
9340 9306
9341 8854
9342 9299
9343 9124
9344 9293
9345 9192
9346 9215
9347 9124
9348 9235
9349 9115
9350 9074
9351 8984
9352 8873
9353 9239
9354 9190
9355 9214
9356 8875
9357 9068
9358 9335
9359 9256
9360 8842
9361 9336
9362 2788
9363 8952
9364 9339
9365 9350
9366 8907
9367 9173
9368 9061
9369 8934
9370 8974
9371 9154
9372 9347
9373 9263
9374 8987
9375 9209
9376 9296
9377 8852
9378 9086
9379 9181
9380 9076
9381 9257
9382 9374
9383 9301
9384 9070
9385 9140
9386 9383
9387 9047
9388 8877
9389 9339
9390 8899
9391 8997
9392 9014
9393 8928
9394 9063
9395 8996
9396 8861
9397 9325
9398 9351
9399 9359
9400 9220
9401 8997
9402 9057
9403 9397
9404 9086
9405 8935
9406 8987
9407 9207
9408 9237
9409 8851
9410 9370
9411 9078
9412 9037
9413 9337
9414 8868
9415 9079
9416 9022
9417 8873
9418 9127
9419 9418
9420 9070
9421 9296
9422 9259
9423 9125
9424 9349
9425 8838
9426 9211
9427 9159
9428 9171
9429 8933
9430 9289
9431 8972
9432 8990
9433 9080
9434 2788
9435 9069
9436 9153
9437 9378
9438 9220
9439 9164
9440 9438
9441 8972
9442 8890
9443 8983
9444 8993
9445 9314
9446 9403
9447 9186
9448 9122
9449 8962
9450 9397
9451 9009
9452 9435
9453 8974
9454 8912
9455 8903
9456 9111
9457 8840
9458 9064
9459 8997
9460 9089
9461 9421
9462 9373
9463 9410
9464 8851
9465 9127
9466 9277
9467 9187
9468 9023
9469 9251
9470 9163
9471 9022
9472 8938
9473 8935
9474 9311
9475 8910
9476 8907
9477 9051
9478 9297
9479 8876
9480 9177
9481 9357
9482 9268
9483 9253
9484 9294
9485 9168
9486 9244
9487 8884
9488 9053
9489 9439
9490 9103
9491 9276
9492 9481
9493 9191
9494 9073
9495 8882
9496 9355
9497 9098
9498 9472
9499 9375
9500 9329
9501 8898
9502 9443
9503 9423
9504 9241
9505 9455
9506 9495
9507 9028
9508 9390
9509 9217
9510 8867
9511 9033
9512 9443
9513 9061
9514 9431
9515 9048
9516 8917
9517 9307
9518 9097
9519 8980
9520 9462
9521 9225
9522 9065
9523 9456
9524 9505
9525 9087
9526 9100
9527 9416
9528 9031
9529 9026
9530 9485
9531 9002
9532 9401
9533 8845
9534 9239
9535 9092
9536 9292
9537 9492
9538 9086
9539 9494
9540 9163
9541 9265
9542 9290
9543 8962
9544 9176
9545 9277
9546 8997
9547 9545
9548 8940
9549 8944
9550 8838
9551 9529
9552 9362
9553 8853
9554 9067
9555 9282
9556 9096
9557 8984
9558 9519
9559 9504
9560 9390
9561 9336
9562 9528
9563 9319
9564 9177
9565 9458
9566 9086
9567 9448
9568 9057
9569 9075
9570 9383
9571 9183
9572 9452
9573 8877
9574 9062
9575 8935
9576 8833
9577 9362
9578 9033
9579 9261
9580 9061
9581 9097
9582 9159
9583 8851
9584 9201
9585 8926
9586 9036
9587 9241
9588 9034
9589 8844
9590 9334
9591 9581
9592 9152
9593 9445
9594 9420
9595 9463
9596 9080
9597 9432
9598 8933
9599 9369
9600 9146
9601 9311
9602 9571
9603 9430
9604 9484
9605 9425
9606 9197
9607 9572
9608 9021
9609 8911
9610 9027
9611 8833
9612 9466
9613 9273
9614 8869
9615 8992
9616 8948
9617 9004
9618 9201
9619 9199
9620 9292
9621 9505
9622 9493
9623 9159
9624 9262
9625 9274
9626 8987
9627 9330
9628 9286
9629 9215
9630 9158
9631 8876
9632 9495
9633 8910
9634 9470
9635 9612
9636 9395
9637 9331
9638 9527
9639 9574
9640 8868
9641 9206
9642 8908
9643 8867
9644 9422
9645 9442
9646 9319
9647 9191
9648 8922
9649 9497
9650 9250
9651 9328
9652 8853
9653 9085
9654 9493
9655 9617
9656 8886
9657 9282
9658 9368
9659 9543
9660 9320
9661 9286
9662 9516
9663 8868
9664 9398
9665 9029
9666 9180
9667 9131
9668 9209
9669 8855
9670 9061
9671 8936
9672 9606
9673 9365
9674 9346
9675 9283
9676 8997
9677 8951
9678 9136
9679 9427
9680 9235
9681 8865
9682 9568
9683 9116
9684 9393
9685 9671
9686 8985
9687 9227
9688 9322
9689 9365
9690 9199
9691 8995
9692 9013
9693 9433
9694 9583
9695 9307
9696 9497
9697 9464
9698 8968
9699 9454
9700 9531
9701 9050
9702 9660
9703 9572
9704 9036
9705 9461
9706 9121
9707 9586
9708 8924
9709 9676
9710 9131
9711 8952
9712 9311
9713 9528
9714 9087
9715 9234
9716 9664
9717 9071
9718 9197
9719 8978
9720 8842
9721 8996
9722 9068
9723 9527
9724 9329
9725 9616
9726 8847
9727 9594
9728 8895
9729 9493
9730 8922
9731 9694
9732 8972
9733 9026
9734 9104
9735 8837
9736 9636
9737 9677
9738 9708
9739 9346
9740 9201
9741 9002
9742 9711
9743 9369
9744 9071
9745 9088
9746 8913
9747 8970
9748 8910
9749 8898
9750 9539
9751 8976
9752 8956
9753 9230
9754 9441
9755 9182
9756 9356
9757 9702
9758 8839
9759 9044
9760 9480
9761 9580
9762 9334
9763 9140
9764 8896
9765 8993
9766 8928
9767 9421
9768 9344
9769 9267
9770 9602
9771 9078
9772 9442
9773 9139
9774 8907
9775 9192
9776 9474
9777 8918
9778 9303
9779 9098
9780 9732
9781 8836
9782 9128
9783 9293
9784 9138
9785 9047
9786 9466
9787 8947
9788 9599
9789 8985
9790 9430
9791 9640
9792 9301
9793 9568
9794 9288
9795 8933
9796 9523
9797 3339
9798 9797
9799 9797
9800 9797
9801 3339
9802 9798
9803 9802
9804 9799
9805 9804
9806 9803
9807 9801
9808 9803
9809 9808
9810 9800
9811 9809
9812 9806
9813 9808
9814 3339
9815 9809
9816 9809
9817 9816
9818 9803
9819 9814
9820 9810
9821 9811
9822 9818
9823 9818
9824 9819
9825 9807
9826 9823
9827 9822
9828 9802
9829 9816
9830 9806
9831 9829
9832 9799
9833 9829
9834 9830
9835 9810
9836 9809
9837 9832
9838 9819
9839 9831
9840 9805
9841 9805
9842 9811
9843 9814
9844 3339
9845 9807
9846 9844
9847 9842
9848 9806
9849 9830
9850 9804
9851 9842
9852 9834
9853 9852
9854 9798
9855 9853
9856 9819
9857 9803
9858 9830
9859 9848
9860 9831
9861 9808
9862 9835
9863 9861
9864 9818
9865 9841
9866 9855
9867 9833
9868 9815
9869 9857
9870 9822
9871 3339
9872 9859
9873 9818
9874 9848
9875 9808
9876 9832
9877 9842
9878 9840
9879 9830
9880 9812
9881 9837
9882 9836
9883 9853
9884 9839
9885 9879
9886 9880
9887 9800
9888 9829
9889 9834
9890 9813
9891 9830
9892 9857
9893 9798
9894 9877
9895 9808
9896 9867
9897 9847
9898 9878
9899 9831
9900 9875
9901 9805
9902 9900
9903 9847
9904 9895
9905 9801
9906 9827
9907 9799
9908 9801
9909 9858
9910 9908
9911 9883
9912 9911
9913 9884
9914 9857
9915 9871
9916 9834
9917 9833
9918 9857
9919 9887
9920 9839
9921 3339
9922 9798
9923 9868
9924 9817
9925 9895
9926 9828
9927 9823
9928 9880
9929 9861
9930 9822
9931 9892
9932 9868
9933 9932
9934 9812
9935 9818
9936 9800
9937 9915
9938 9863
9939 9817
9940 9880
9941 3339
9942 9876
9943 9865
9944 9807
9945 9821
9946 9943
9947 9931
9948 9937
9949 9817
9950 9879
9951 9889
9952 9867
9953 9850
9954 9809
9955 9809
9956 9934
9957 9925
9958 9800
9959 9874
9960 9840
9961 9911
9962 9949
9963 9846
9964 9874
9965 9896
9966 9928
9967 9957
9968 9927
9969 9897
9970 9897
9971 9957
9972 9843
9973 9850
9974 9933
9975 9807
9976 9921
9977 9843
9978 9849
9979 9918
9980 9926
9981 9809
9982 9976
9983 9846
9984 9956
9985 9963
9986 9905
9987 9886
9988 9920
9989 9916
9990 9930
9991 9845
9992 9944
9993 9904
9994 9959
9995 9862
9996 9829
9997 9964
9998 9846
9999 9797
10000 9894
