1000 1099
2 1
3 2
4 3
5 4
6 5
7 6
8 7
9 8
10 9
11 10
12 11
12 3
13 8
14 13
15 14
16 15
17 16
18 17
19 18
19 8
20 18
21 20
22 21
23 22
24 23
25 24
26 25
27 26
27 18
28 6
29 28
30 29
30 6
31 2
32 2
33 32
34 31
35 31
36 31
37 33
38 19
39 38
40 38
41 40
42 19
43 41
44 32
45 44
45 32
46 44
47 46
48 47
49 48
50 49
51 50
52 51
53 52
53 44
54 18
55 54
56 55
57 18
58 18
59 58
60 59
61 60
62 11
63 62
64 63
65 64
66 65
67 66
68 67
69 68
70 69
70 11
71 52
72 71
73 52
74 71
75 73
76 73
77 74
78 57
79 78
80 79
81 80
82 81
83 82
84 83
84 57
85 26
86 26
87 86
88 87
89 26
90 86
91 85
92 87
93 26
94 11
95 94
96 95
97 96
98 97
99 98
100 99
100 11
101 86
102 86
103 101
104 86
105 103
106 105
107 76
108 76
109 76
110 107
111 107
112 109
113 30
114 113
114 30
115 58
116 58
117 116
118 115
119 118
120 116
121 119
122 115
123 16
124 16
125 42
126 125
127 42
128 125
129 126
130 128
131 129
132 130
133 42
134 87
135 134
136 135
137 136
138 137
139 138
140 139
141 140
142 141
142 87
143 119
144 119
145 144
146 121
147 146
148 147
149 148
150 149
151 150
152 151
153 152
153 121
154 66
155 66
156 66
157 66
158 156
159 157
160 159
161 157
162 104
163 104
164 163
165 104
166 104
167 165
168 76
169 168
170 169
171 170
172 171
173 172
174 173
175 174
176 175
176 76
177 155
178 177
179 178
180 179
180 155
181 106
182 181
183 182
184 183
185 184
186 185
186 106
187 66
188 187
189 188
190 189
191 190
191 66
192 176
193 176
194 192
195 193
196 192
197 192
198 194
199 161
200 161
201 161
202 161
203 147
204 203
205 204
205 147
206 176
207 206
208 207
209 208
210 207
211 209
212 211
213 5
214 5
215 5
216 214
217 5
218 214
219 5
220 216
221 163
222 221
223 222
223 163
224 156
225 224
226 225
226 156
227 7
228 227
229 228
230 229
231 230
232 231
233 232
234 233
234 7
235 185
236 235
237 236
238 237
239 238
240 239
241 240
242 241
243 242
243 185
244 72
245 244
246 245
247 246
248 247
249 248
250 249
251 250
251 72
252 250
253 252
254 253
255 254
256 255
256 250
257 36
258 257
258 36
259 247
260 259
261 260
262 261
262 247
263 96
264 263
265 264
266 265
266 96
267 166
268 267
269 268
270 269
271 270
272 271
272 166
273 110
274 273
275 274
276 275
277 276
278 277
279 278
280 279
281 280
281 110
282 255
283 255
284 255
285 255
286 255
287 237
288 287
289 288
290 289
291 290
292 291
293 292
294 293
294 237
295 78
296 295
297 296
297 78
298 59
299 298
300 299
301 300
302 301
303 302
303 59
304 117
305 304
306 305
307 306
308 307
309 308
310 309
311 310
311 117
312 289
313 312
314 289
315 313
316 313
317 246
318 317
319 43
320 43
321 319
322 43
323 319
324 201
325 324
326 324
327 324
328 327
329 327
330 201
331 324
332 327
333 87
334 333
335 334
336 335
337 336
338 337
339 338
340 339
341 340
341 87
342 24
343 342
343 24
344 121
345 344
346 345
347 346
348 347
349 348
349 121
350 43
351 350
351 43
352 270
353 352
354 353
355 354
356 355
357 356
358 357
359 358
360 359
360 270
361 161
362 361
363 362
364 363
365 364
365 161
366 81
367 81
368 366
369 368
370 81
371 369
372 369
373 245
374 373
375 374
376 375
377 376
378 377
379 378
380 379
381 380
381 245
382 107
383 107
384 383
385 384
386 107
387 386
388 387
389 384
390 107
391 308
392 391
393 392
394 393
395 394
395 308
396 185
397 396
398 397
399 398
400 399
401 400
402 401
403 402
403 185
404 12
405 404
406 405
407 406
408 407
409 408
410 409
410 12
411 141
412 411
413 412
414 413
415 414
416 415
416 141
417 313
418 417
419 418
420 419
421 420
421 313
422 27
423 27
424 423
425 423
426 423
427 365
428 365
429 242
430 429
431 430
432 431
433 432
433 242
434 70
435 70
436 70
437 434
438 76
439 438
440 439
441 440
442 441
443 442
444 443
445 444
445 76
446 18
447 446
448 447
448 18
449 174
450 174
451 174
452 174
453 450
454 451
455 174
456 455
457 455
458 224
459 458
460 459
461 460
462 461
463 462
463 224
464 395
465 464
466 465
467 466
468 467
468 395
469 62
470 469
471 470
472 471
473 472
474 473
475 474
476 475
477 476
477 62
478 236
479 478
480 479
481 480
482 481
483 482
484 483
485 484
486 485
486 236
487 463
488 487
488 463
489 64
490 64
491 490
492 64
493 491
494 116
495 494
496 116
497 494
498 497
499 14
500 14
501 500
502 500
503 502
504 501
505 502
506 152
507 506
508 507
509 508
509 152
510 146
511 146
512 511
513 439
514 513
515 514
516 515
516 439
517 398
518 517
518 398
519 122
520 122
521 122
522 520
523 522
524 464
525 524
525 464
526 312
527 526
528 527
529 527
530 312
531 312
532 528
533 312
534 519
535 534
536 535
537 536
538 537
538 519
539 298
540 539
541 540
542 541
543 542
544 543
544 298
545 13
546 545
547 546
548 547
548 13
549 356
550 549
551 549
552 551
553 356
554 549
555 549
556 212
557 556
558 212
559 557
560 557
561 557
562 341
563 562
564 563
565 564
566 565
567 566
568 567
569 568
570 569
570 341
571 28
572 28
573 28
574 572
575 234
576 575
576 234
577 191
578 577
579 578
580 579
581 580
582 581
583 582
584 583
584 191
585 180
586 180
587 180
588 585
589 587
590 588
591 586
592 587
593 565
594 593
595 594
596 595
597 596
598 597
598 565
599 547
600 599
601 600
602 601
603 602
604 603
605 604
606 605
606 547
607 554
608 607
609 608
610 609
611 610
612 611
613 612
614 613
615 614
615 554
616 174
617 616
618 617
619 618
619 174
620 13
621 620
621 13
622 544
623 544
624 544
625 624
626 622
627 624
628 626
629 626
630 433
631 630
632 631
633 632
633 433
634 532
635 634
636 635
637 636
638 637
639 638
640 639
640 532
641 507
642 507
643 507
644 507
645 211
646 211
647 430
648 647
649 648
650 649
651 650
652 651
653 652
654 653
655 654
655 430
656 369
657 369
658 518
659 658
660 659
661 660
662 661
663 662
664 663
664 518
665 662
666 665
667 666
668 667
669 668
670 669
671 670
671 662
672 264
673 672
674 264
675 672
676 672
677 675
678 676
679 672
680 468
681 680
682 680
683 680
684 683
685 682
686 685
687 680
688 664
689 664
690 689
691 690
692 664
693 510
694 693
695 693
696 510
697 693
698 219
699 219
700 215
701 700
702 701
703 701
704 702
705 704
706 703
707 705
708 703
709 294
710 709
711 294
712 711
713 709
714 294
715 713
716 711
717 511
718 511
719 717
720 717
721 117
722 117
723 722
724 722
725 723
726 117
727 723
728 726
729 22
730 729
731 730
732 731
733 732
734 733
735 734
736 735
736 22
737 520
738 520
739 737
740 738
741 737
742 626
743 742
744 743
744 626
745 458
746 745
747 746
748 747
749 748
750 749
751 750
752 751
753 752
753 458
754 109
755 754
756 755
757 756
758 757
759 758
759 109
760 644
761 760
762 761
763 762
763 644
764 141
765 764
766 765
766 141
767 676
768 767
769 768
770 769
771 770
772 771
773 772
774 773
775 774
775 676
776 165
777 776
778 777
779 778
780 779
780 165
781 760
782 760
783 782
784 783
785 782
786 785
787 785
788 785
789 784
790 510
791 790
792 791
792 510
793 437
794 793
795 794
796 795
796 437
797 2
798 797
799 797
800 798
801 799
802 410
803 410
804 410
805 804
806 805
807 802
808 159
809 159
810 809
811 503
812 811
813 812
814 813
815 814
816 815
817 816
817 503
818 247
819 818
819 247
820 16
821 820
822 16
823 820
824 820
825 821
826 16
827 373
828 827
829 828
830 829
831 830
832 831
833 832
834 833
835 834
835 373
836 421
837 836
838 836
839 837
840 837
841 838
842 836
843 839
844 659
845 844
846 845
846 659
847 437
848 847
849 437
850 847
851 484
852 851
853 852
854 853
855 854
856 855
857 856
857 484
858 272
859 858
860 859
861 860
862 861
863 862
864 863
865 864
866 865
866 272
867 288
868 867
869 868
870 869
871 870
871 288
872 577
873 872
873 577
874 757
875 874
876 116
877 876
878 877
879 878
880 879
881 880
882 881
883 882
884 883
884 116
885 618
886 885
887 886
888 887
889 888
890 889
891 890
891 618
892 854
893 892
894 892
895 311
896 895
897 896
898 897
899 898
899 311
900 805
901 900
901 805
902 402
903 402
904 903
905 904
906 191
907 906
908 191
909 906
910 908
911 907
912 910
913 908
914 907
915 502
916 502
917 916
918 916
919 77
920 919
921 920
922 921
922 77
923 427
924 923
925 924
926 925
926 427
927 282
928 927
929 928
930 929
931 930
932 931
933 932
933 282
934 520
935 934
936 152
937 152
938 936
939 937
940 938
941 937
942 939
943 942
944 942
945 396
946 396
947 924
948 924
949 924
950 947
951 924
952 947
953 947
954 953
955 356
956 955
957 956
957 356
958 9
959 958
960 959
961 960
962 961
963 962
964 963
964 9
965 188
966 188
967 966
968 966
969 188
970 966
971 965
972 302
973 972
974 973
975 974
976 975
977 976
977 302
978 959
979 978
980 207
981 207
982 981
983 207
984 981
985 984
986 982
987 985
988 986
989 847
990 989
991 847
992 991
993 992
994 993
995 413
996 995
997 996
998 997
999 997
1000 998
