1000 1001
2 1
3 1
4 2
5 2
6 1
7 4
8 5
9 5
10 6
11 9
12 2
13 9
14 2
15 14
16 14
17 15
18 6
19 11
20 7
21 3
22 21
23 4
24 10
25 11
26 3
27 10
28 27
29 10
30 11
31 21
32 20
33 7
34 25
35 27
36 17
37 23
38 16
39 10
40 30
41 23
42 7
43 33
44 37
45 44
46 22
47 4
48 31
49 16
50 4
51 15
52 4
53 12
54 45
55 44
56 10
57 56
58 3
59 49
60 59
61 1
62 21
63 4
64 28
65 20
66 52
67 23
68 18
69 36
70 35
71 16
72 48
73 24
74 2
75 66
76 2
77 42
78 34
79 52
80 5
81 25
82 46
83 43
84 50
85 12
86 60
87 5
88 69
89 77
90 52
91 51
92 17
93 91
94 4
95 43
96 50
97 8
98 88
99 39
100 92
101 7
102 51
103 47
104 29
105 24
106 76
107 62
108 7
109 23
110 78
111 108
112 58
113 25
114 78
115 85
116 87
117 115
118 78
119 90
120 34
121 120
122 52
123 31
124 83
125 56
126 23
127 12
128 54
129 3
130 109
131 29
132 76
133 62
134 63
135 104
136 101
137 119
138 76
139 91
140 59
141 92
142 84
143 13
144 141
145 112
146 32
147 88
148 123
149 93
150 84
151 50
152 119
153 115
154 102
155 36
156 54
157 112
158 142
159 143
160 128
161 70
162 156
163 11
164 151
165 24
166 29
167 147
168 85
169 37
170 20
171 160
172 145
173 136
174 70
175 86
176 67
177 110
178 43
179 5
180 77
181 55
182 168
183 153
184 128
185 165
186 137
187 102
188 133
189 167
190 170
191 101
192 98
193 144
194 63
195 150
196 76
197 181
198 85
199 90
200 10
201 99
202 53
203 133
204 29
205 23
206 86
207 16
208 92
209 163
210 13
211 106
212 13
213 92
214 108
215 156
216 141
217 86
218 73
219 49
220 210
221 102
222 120
223 129
224 105
225 33
226 191
227 56
228 212
229 162
230 214
231 84
232 3
233 16
234 10
235 40
236 186
237 41
238 129
239 136
240 136
241 80
242 60
243 133
244 218
245 56
246 224
247 66
248 16
249 239
250 14
251 196
252 203
253 32
254 104
255 59
256 219
257 57
258 164
259 110
260 147
261 254
262 45
263 216
264 16
265 76
266 105
267 225
268 48
269 263
270 231
271 59
272 139
273 116
274 164
275 94
276 252
277 79
278 72
279 153
280 102
281 127
282 213
283 214
284 21
285 153
286 257
287 193
288 45
289 89
290 69
291 116
292 219
293 245
294 134
295 234
296 258
297 40
298 194
299 202
300 133
301 40
302 226
303 136
304 282
305 64
306 65
307 165
308 81
309 146
310 171
311 183
312 25
313 206
314 189
315 314
316 315
317 316
318 317
319 318
320 319
321 320
322 321
323 322
324 323
325 324
326 325
327 326
328 327
329 328
330 329
331 330
332 331
333 332
334 333
335 334
336 335
337 336
338 337
339 338
340 339
341 340
342 341
343 342
344 343
345 344
346 345
347 346
348 347
349 348
350 349
351 350
352 351
353 352
354 353
355 354
356 355
357 356
358 357
359 358
360 359
361 360
362 361
363 362
364 363
365 364
366 365
367 366
368 367
369 368
370 369
371 370
372 371
373 372
374 373
375 374
376 375
377 376
378 377
379 378
380 379
381 380
382 381
383 382
384 383
385 384
386 385
386 189
387 297
388 387
389 388
390 387
391 389
392 389
393 297
394 389
395 388
396 388
397 390
398 397
399 395
400 393
401 389
402 392
403 395
404 393
405 398
406 394
407 396
408 397
409 388
410 403
411 400
412 405
413 411
414 393
415 401
416 395
417 398
418 389
419 395
420 400
421 297
422 405
423 297
424 413
425 399
426 400
427 423
428 392
429 424
430 394
431 422
432 421
433 410
434 396
435 407
436 430
437 392
438 434
439 432
440 423
441 391
442 388
443 431
444 416
445 432
446 396
447 431
448 439
449 426
450 390
451 421
452 393
453 396
454 427
455 441
456 422
457 450
458 415
459 440
460 445
461 445
462 387
463 437
464 400
465 462
466 411
467 418
468 445
469 416
470 453
471 433
472 396
473 406
474 400
475 460
476 439
477 447
478 390
479 427
480 472
481 426
482 467
483 453
484 390
485 426
486 456
487 453
488 429
489 397
490 473
491 452
492 489
493 464
494 402
495 437
496 451
497 395
498 438
499 462
500 422
501 499
502 407
503 440
504 484
505 400
506 448
507 395
508 414
509 450
510 463
511 397
512 402
513 392
514 395
515 392
516 407
517 410
518 464
519 418
520 479
521 400
522 502
523 430
524 436
525 393
526 481
527 404
528 417
529 436
530 396
531 461
532 400
533 472
534 465
535 496
536 404
537 447
538 418
539 487
540 393
541 435
542 496
543 434
544 409
545 414
546 463
547 387
548 454
549 392
550 511
551 476
552 502
553 443
554 446
555 471
556 462
557 472
558 543
559 521
560 394
561 502
562 525
563 458
564 522
565 506
566 394
567 486
568 494
569 423
570 504
571 431
572 511
573 513
574 388
575 528
576 490
577 483
578 509
579 423
580 434
581 531
582 482
583 494
584 567
585 583
586 561
587 428
588 522
589 558
590 573
591 460
592 486
593 518
594 441
595 574
596 448
597 406
598 490
599 569
600 388
601 425
602 481
603 553
604 421
605 484
606 551
607 518
608 448
609 558
610 439
611 455
612 589
613 533
614 440
615 455
616 388
617 548
618 520
619 393
620 613
621 538
622 609
623 551
624 623
625 469
626 480
627 565
628 432
629 392
630 474
631 414
632 580
633 631
634 518
635 503
636 484
637 455
638 629
639 605
640 485
641 526
642 540
643 498
644 544
645 621
646 585
647 558
648 409
649 572
650 418
651 616
652 650
653 418
654 161
655 654
656 655
657 656
658 657
659 658
660 659
661 660
662 661
663 662
664 663
665 664
666 665
667 666
668 667
669 668
670 669
671 670
672 671
673 672
674 673
675 674
676 675
677 676
678 677
679 678
680 679
681 680
682 681
683 682
684 683
685 684
686 685
687 686
688 687
689 688
690 689
691 690
692 691
693 692
694 693
695 694
696 695
697 696
698 697
699 698
700 699
701 700
702 701
703 702
704 703
705 704
706 705
707 706
708 707
709 708
710 709
711 710
712 711
713 712
714 713
715 714
716 715
717 716
718 717
719 718
720 719
721 720
722 721
723 722
724 723
725 724
726 725
727 726
728 727
729 728
730 729
731 730
732 731
733 732
734 733
735 734
736 735
737 736
738 737
739 738
740 739
741 740
742 741
743 742
744 743
745 744
746 745
747 746
748 747
749 748
750 749
751 750
752 751
753 752
754 753
755 754
756 755
757 756
758 757
759 758
760 759
761 760
762 761
763 762
764 763
765 764
766 765
767 766
768 767
769 768
770 769
771 770
772 771
773 772
774 773
775 774
776 775
777 776
778 777
779 778
780 779
781 780
782 781
783 782
784 783
785 784
786 785
787 786
788 787
789 788
790 789
791 790
792 791
793 792
794 793
795 794
796 795
797 796
798 797
799 798
800 799
801 800
802 801
803 802
804 803
805 804
806 805
807 806
808 807
809 808
810 809
811 810
812 811
813 812
814 813
815 814
816 815
817 816
817 161
818 625
819 818
820 819
821 819
822 819
823 819
824 625
825 824
826 822
827 820
828 823
829 827
830 625
831 824
832 625
833 824
834 827
835 829
836 828
837 826
838 831
839 823
840 821
841 838
842 833
843 831
844 841
845 833
846 825
847 831
848 827
849 838
850 837
851 821
852 820
853 829
854 846
855 831
856 842
857 829
858 821
859 851
860 856
861 823
862 830
863 840
864 844
865 832
866 838
867 826
868 834
869 847
870 818
871 863
872 841
873 853
874 843
875 850
876 824
877 871
878 848
879 834
880 849
881 832
882 873
883 826
884 846
885 880
886 872
887 862
888 862
889 870
890 828
891 878
892 847
893 859
894 841
895 892
896 871
897 877
898 895
899 870
900 850
901 853
902 867
903 885
904 827
905 865
906 830
907 890
908 821
909 823
910 860
911 910
912 836
913 880
914 818
915 914
916 895
917 841
918 875
919 848
920 914
921 821
922 871
923 897
924 857
925 914
926 863
927 824
928 912
929 911
930 870
931 831
932 927
933 829
934 857
935 882
936 830
937 843
938 820
939 914
940 838
941 928
942 926
943 929
944 937
945 853
946 872
947 924
948 832
949 899
950 922
951 834
952 873
953 826
954 948
955 907
956 878
957 901
958 820
959 938
960 879
961 871
962 916
963 898
964 892
965 925
966 904
967 846
968 844
969 906
970 844
971 899
972 928
973 862
974 853
975 823
976 904
977 943
978 910
979 927
980 885
981 943
982 859
983 931
984 885
985 955
986 915
987 963
988 895
989 894
990 834
991 871
992 908
993 900
994 989
995 861
996 933
997 951
998 918
999 921
1000 974
