10000 10099
2 1
3 2
4 3
5 4
6 5
7 6
8 7
9 8
10 9
11 10
12 11
13 12
14 13
15 14
16 15
17 16
18 17
19 18
20 19
21 20
22 21
23 22
24 23
25 24
26 25
27 26
28 27
29 28
30 29
31 30
32 31
33 32
33 1
34 6
35 34
36 35
37 36
38 37
39 38
40 39
41 40
42 41
43 42
44 43
45 44
46 45
47 46
48 47
49 48
50 49
51 50
52 51
53 52
54 53
55 54
56 55
57 56
58 57
59 58
60 59
61 60
62 61
63 62
64 63
65 64
65 6
66 55
67 66
68 67
69 68
70 69
71 70
72 71
73 72
74 73
75 74
76 75
77 76
78 77
79 78
80 79
81 80
82 81
83 82
84 83
85 84
86 85
87 86
88 87
89 88
90 89
91 90
92 91
93 92
94 93
95 94
96 95
97 96
98 97
99 98
100 99
101 100
102 101
103 102
104 103
105 104
106 105
107 106
108 107
109 108
110 109
111 110
112 111
113 112
114 113
115 114
116 115
117 116
118 117
119 118
120 119
121 120
122 121
123 122
124 123
125 124
126 125
127 126
128 127
129 128
130 129
131 130
132 131
133 132
134 133
135 134
136 135
137 136
138 137
139 138
139 55
140 104
141 140
142 104
143 104
144 104
145 104
146 143
147 140
148 144
149 142
150 104
151 148
152 149
153 141
154 143
155 143
156 154
157 153
158 144
159 150
160 148
161 158
162 146
163 151
164 142
165 143
166 165
167 140
168 162
169 148
170 149
171 159
172 104
173 164
174 104
175 145
176 166
177 159
178 141
179 152
180 174
181 142
182 169
183 182
184 150
185 152
186 157
187 177
188 172
189 165
190 152
191 150
192 191
193 165
194 179
195 181
196 154
197 185
198 182
199 192
200 149
201 166
202 145
203 140
204 149
205 154
206 159
207 170
208 141
209 192
210 146
211 175
212 149
213 144
214 155
215 141
216 199
217 178
218 152
219 216
220 145
221 161
222 190
223 170
224 104
225 221
226 225
227 137
228 227
229 228
230 229
231 230
232 231
233 232
234 233
235 234
236 235
237 236
238 237
239 238
240 239
241 240
242 241
243 242
244 243
245 244
246 245
247 246
248 247
249 248
250 249
251 250
252 251
253 252
254 253
255 254
256 255
257 256
258 257
258 137
259 101
260 259
261 260
262 261
263 262
264 263
265 264
266 265
267 266
268 267
269 268
270 269
271 270
272 271
273 272
274 273
275 274
276 275
277 276
278 277
279 278
280 279
281 280
282 281
283 282
284 283
285 284
286 285
287 286
288 287
289 288
289 101
290 243
291 243
292 290
293 243
294 243
295 243
296 290
297 290
298 294
299 298
300 298
301 294
302 298
303 291
304 301
305 300
306 302
307 300
308 243
309 307
310 307
311 303
312 309
313 311
314 293
315 306
316 304
317 295
318 314
319 315
320 303
321 293
322 295
323 308
324 317
325 317
326 290
327 312
328 296
329 327
330 322
331 294
332 310
333 312
334 298
335 323
336 292
337 317
338 295
339 325
340 325
341 311
342 319
343 328
344 340
345 320
346 300
347 290
348 294
349 345
350 320
351 345
352 342
353 330
354 335
355 243
356 321
357 318
358 334
359 295
360 341
361 323
362 301
363 333
364 356
365 290
366 333
367 318
368 338
369 277
370 277
371 369
372 371
373 370
374 371
375 372
376 277
377 375
378 369
379 372
380 378
381 379
382 379
383 377
384 374
385 381
386 378
387 384
388 381
389 378
390 380
391 372
392 391
393 383
394 376
395 393
396 392
397 369
398 382
399 389
400 373
401 277
402 381
403 370
404 371
405 388
406 400
407 400
408 393
409 404
410 404
411 398
412 381
413 404
414 401
415 372
416 411
417 384
418 396
419 411
420 414
421 416
422 412
423 279
424 279
425 279
426 279
427 279
428 425
429 428
430 427
431 427
432 430
433 430
434 433
435 429
436 430
437 431
438 426
439 427
440 428
441 423
442 435
443 437
444 428
445 427
446 279
447 439
448 443
449 441
450 426
451 436
452 447
453 426
454 441
455 448
456 447
457 279
458 425
459 443
460 457
461 429
462 444
463 423
464 458
465 437
466 444
467 423
468 439
469 443
470 440
471 441
472 464
473 445
474 449
475 471
476 469
477 441
478 438
479 448
480 450
481 460
482 440
483 456
484 473
485 427
486 479
487 463
488 445
489 482
490 459
491 430
492 431
493 465
494 467
495 493
496 438
497 279
498 450
499 471
500 436
501 500
502 437
503 452
504 435
505 486
506 474
507 423
508 490
509 68
510 68
511 68
512 511
513 509
514 513
515 511
516 515
517 514
518 516
519 68
520 517
521 511
522 512
523 512
524 511
525 522
526 520
527 518
528 517
529 526
530 518
531 523
532 528
533 527
534 528
535 532
536 534
537 534
538 518
539 522
540 527
541 532
542 512
543 519
544 529
545 516
546 521
547 534
548 542
549 39
550 549
551 550
552 551
553 552
554 553
555 554
556 555
557 556
558 557
559 558
560 559
561 560
562 561
563 562
564 563
565 564
566 565
567 566
568 567
569 568
570 569
571 570
572 571
573 572
574 573
575 574
576 575
577 576
578 577
579 578
580 579
581 580
582 581
583 582
584 583
585 584
586 585
586 39
587 489
588 587
589 587
590 489
591 589
592 587
593 592
594 592
595 588
596 589
597 210
598 597
599 598
600 599
601 600
602 601
603 602
604 603
605 604
606 605
607 606
608 607
609 608
610 609
611 610
612 611
613 612
614 613
615 614
616 615
617 616
618 617
619 618
620 619
621 620
622 621
623 622
624 623
625 624
626 625
627 626
628 627
629 628
630 629
631 630
632 631
633 632
634 633
635 634
636 635
637 636
638 637
639 638
640 639
641 640
642 641
643 642
644 643
645 644
646 645
647 646
648 647
649 648
650 649
651 650
652 651
653 652
654 653
655 654
656 655
657 656
658 657
659 658
660 659
661 660
662 661
663 662
664 663
665 664
666 665
667 666
668 667
669 668
670 669
671 670
672 671
673 672
674 673
675 674
676 675
677 676
678 677
679 678
680 679
681 680
682 681
683 682
684 683
685 684
686 685
687 686
688 687
689 688
690 689
691 690
691 210
692 440
693 692
694 692
695 693
696 692
697 440
698 692
699 693
700 698
701 692
702 701
703 700
704 692
705 700
706 440
707 696
708 700
709 708
710 704
711 698
712 711
713 706
714 711
715 699
716 700
717 708
718 706
719 696
720 701
721 716
722 704
723 703
724 697
725 693
726 640
727 726
728 727
729 728
730 729
731 730
732 731
733 732
734 733
735 734
736 735
737 736
738 737
739 738
740 739
741 740
742 741
743 742
744 743
745 744
746 745
747 746
748 747
749 748
750 749
751 750
752 751
753 752
754 753
755 754
756 755
757 756
758 757
759 758
760 759
761 760
762 761
763 762
764 763
765 764
766 765
767 766
768 767
769 768
770 769
771 770
772 771
773 772
774 773
775 774
776 775
777 776
778 777
779 778
780 779
781 780
782 781
783 782
784 783
785 784
786 785
787 786
788 787
789 788
790 789
791 790
792 791
793 792
794 793
795 794
796 795
797 796
798 797
799 798
800 799
801 800
802 801
803 802
804 803
805 804
806 805
807 806
807 640
808 540
809 808
810 809
811 810
812 811
813 812
814 813
815 814
816 815
817 816
818 817
819 818
820 819
821 820
822 821
823 822
824 823
825 824
826 825
827 826
828 827
829 828
830 829
831 830
832 831
833 832
834 833
835 834
836 835
837 836
838 837
839 838
840 839
841 840
842 841
843 842
844 843
845 844
846 845
847 846
848 847
849 848
850 849
851 850
852 851
853 852
854 853
855 854
856 855
857 856
858 857
858 540
859 727
860 859
861 860
862 861
863 862
864 863
865 864
866 865
867 866
868 867
869 868
870 869
871 870
872 871
873 872
874 873
874 727
875 843
876 875
877 876
878 877
879 878
880 879
881 880
882 881
883 882
884 883
885 884
886 885
887 886
888 887
889 888
890 889
891 890
892 891
893 892
894 893
895 894
896 895
897 896
898 897
899 898
900 899
901 900
902 901
903 902
904 903
905 904
906 905
907 906
908 907
909 908
910 909
911 910
912 911
913 912
914 913
915 914
916 915
917 916
918 917
919 918
920 919
921 920
922 921
923 922
924 923
925 924
926 925
927 926
928 927
929 928
930 929
931 930
932 931
933 932
934 933
935 934
936 935
937 936
938 937
939 938
940 939
941 940
942 941
943 942
944 943
945 944
946 945
947 946
948 947
949 948
950 949
951 950
952 951
953 952
954 953
955 954
956 955
957 956
958 957
959 958
960 959
961 960
962 961
963 962
963 843
964 608
965 964
966 965
967 966
968 967
969 968
970 969
971 970
972 971
973 972
974 973
975 974
976 975
977 976
978 977
979 978
980 979
981 980
982 981
983 982
984 983
985 984
986 985
987 986
988 987
989 988
990 989
991 990
992 991
993 992
994 993
995 994
996 995
997 996
998 997
999 998
1000 999
1001 1000
1002 1001
1003 1002
1004 1003
1005 1004
1006 1005
1007 1006
1008 1007
1009 1008
1010 1009
1011 1010
1012 1011
1013 1012
1014 1013
1015 1014
1016 1015
1017 1016
1018 1017
1019 1018
1020 1019
1021 1020
1022 1021
1023 1022
1024 1023
1025 1024
1026 1025
1027 1026
1028 1027
1028 608
1029 215
1030 1029
1031 1030
1032 1031
1033 1032
1034 1033
1035 1034
1036 1035
1037 1036
1038 1037
1039 1038
1040 1039
1041 1040
1042 1041
1043 1042
1044 1043
1045 1044
1046 1045
1047 1046
1048 1047
1049 1048
1050 1049
1051 1050
1052 1051
1053 1052
1054 1053
1055 1054
1056 1055
1057 1056
1058 1057
1059 1058
1060 1059
1061 1060
1062 1061
1062 215
1063 271
1064 1063
1065 1064
1066 1065
1067 1066
1068 1067
1069 1068
1070 1069
1071 1070
1072 1071
1073 1072
1074 1073
1075 1074
1076 1075
1077 1076
1078 1077
1079 1078
1080 1079
1081 1080
1082 1081
1083 1082
1084 1083
1085 1084
1086 1085
1087 1086
1088 1087
1089 1088
1090 1089
1091 1090
1092 1091
1093 1092
1094 1093
1095 1094
1096 1095
1097 1096
1098 1097
1099 1098
1100 1099
1101 1100
1102 1101
1103 1102
1104 1103
1105 1104
1106 1105
1107 1106
1108 1107
1109 1108
1110 1109
1111 1110
1112 1111
1113 1112
1114 1113
1115 1114
1116 1115
1117 1116
1118 1117
1119 1118
1120 1119
1121 1120
1122 1121
1123 1122
1124 1123
1125 1124
1126 1125
1127 1126
1128 1127
1129 1128
1130 1129
1131 1130
1132 1131
1133 1132
1134 1133
1135 1134
1136 1135
1137 1136
1138 1137
1139 1138
1140 1139
1141 1140
1142 1141
1143 1142
1144 1143
1145 1144
1146 1145
1147 1146
1148 1147
1149 1148
1150 1149
1151 1150
1152 1151
1153 1152
1154 1153
1155 1154
1156 1155
1157 1156
1157 271
1158 37
1159 1158
1160 1159
1161 1160
1162 1161
1163 1162
1164 1163
1165 1164
1166 1165
1167 1166
1168 1167
1168 37
1169 599
1170 1169
1171 1170
1172 1171
1173 1172
1174 1173
1175 1174
1176 1175
1177 1176
1178 1177
1179 1178
1180 1179
1181 1180
1182 1181
1183 1182
1184 1183
1185 1184
1186 1185
1187 1186
1188 1187
1189 1188
1190 1189
1191 1190
1192 1191
1192 599
1193 16
1194 16
1195 16
1196 1195
1197 1196
1198 1196
1199 1195
1200 1193
1201 1197
1202 1194
1203 1202
1204 1196
1205 1200
1206 1199
1207 1202
1208 1196
1209 1194
1210 1206
1211 1204
1212 1195
1213 1211
1214 1205
1215 1206
1216 16
1217 1203
1218 1204
1219 1208
1220 1199
1221 1205
1222 1200
1223 1203
1224 1214
1225 1201
1226 1205
1227 1204
1228 1222
1229 1206
1230 1208
1231 1208
1232 1200
1233 1221
1234 1210
1235 1196
1236 1221
1237 1233
1238 1236
1239 1227
1240 1231
1241 1236
1242 1220
1243 16
1244 1237
1245 1235
1246 1225
1247 1228
1248 1211
1249 1218
1250 1247
1251 1205
1252 1251
1253 1196
1254 1235
1255 1220
1256 1237
1257 836
1258 1257
1259 1258
1260 1257
1261 836
1262 1257
1263 1260
1264 1261
1265 1260
1266 1263
1267 1261
1268 836
1269 1265
1270 1267
1271 1262
1272 1270
1273 836
1274 1269
1275 1272
1276 1270
1277 1260
1278 1266
1279 1262
1280 1278
1281 1257
1282 1271
1283 1280
1284 1268
1285 1267
1286 1267
1287 1271
1288 1286
1289 1271
1290 1265
1291 1282
1292 1290
1293 1292
1294 1262
1295 1290
1296 1295
1297 1295
1298 1270
1299 1284
1300 1266
1301 1271
1302 1272
1303 1279
1304 1274
1305 1286
1306 836
1307 1303
1308 1269
1309 1280
1310 1264
1311 1259
1312 1304
1313 1305
1314 1282
1315 1308
1316 1279
1317 1299
1318 1283
1319 1273
1320 1275
1321 1290
1322 1319
1323 1301
1324 1302
1325 1311
1326 1286
1327 1321
1328 1306
1329 1280
1330 1314
1331 1276
1332 1271
1333 1323
1334 1259
1335 1331
1336 1280
1337 1293
1338 1318
1339 1338
1340 1278
1341 1283
1342 1273
1343 1322
1344 1293
1345 1311
1346 1267
1347 1290
1348 1309
1349 1295
1350 1279
1351 1341
1352 1314
1353 1259
1354 1146
1355 1354
1356 1355
1357 1356
1358 1357
1359 1358
1360 1359
1361 1360
1362 1361
1363 1362
1364 1363
1365 1364
1366 1365
1367 1366
1368 1367
1369 1368
1369 1146
1370 503
1371 1370
1372 1371
1373 1372
1374 1373
1375 1374
1376 1375
1377 1376
1378 1377
1379 1378
1380 1379
1381 1380
1382 1381
1383 1382
1384 1383
1385 1384
1386 1385
1387 1386
1388 1387
1389 1388
1390 1389
1391 1390
1392 1391
1393 1392
1394 1393
1395 1394
1396 1395
1397 1396
1398 1397
1399 1398
1400 1399
1401 1400
1402 1401
1403 1402
1404 1403
1405 1404
1406 1405
1407 1406
1408 1407
1409 1408
1410 1409
1411 1410
1412 1411
1413 1412
1414 1413
1415 1414
1416 1415
1417 1416
1418 1417
1418 503
1419 243
1420 1419
1421 1420
1422 1421
1423 1422
1424 1423
1425 1424
1426 1425
1427 1426
1428 1427
1429 1428
1430 1429
1431 1430
1432 1431
1433 1432
1434 1433
1435 1434
1436 1435
1437 1436
1438 1437
1439 1438
1440 1439
1441 1440
1442 1441
1443 1442
1444 1443
1445 1444
1446 1445
1447 1446
1448 1447
1449 1448
1450 1449
1451 1450
1452 1451
1453 1452
1454 1453
1455 1454
1456 1455
1457 1456
1458 1457
1459 1458
1460 1459
1461 1460
1462 1461
1463 1462
1464 1463
1465 1464
1466 1465
1467 1466
1468 1467
1469 1468
1470 1469
1471 1470
1472 1471
1473 1472
1474 1473
1475 1474
1476 1475
1477 1476
1478 1477
1479 1478
1480 1479
1481 1480
1482 1481
1483 1482
1484 1483
1485 1484
1486 1485
1487 1486
1488 1487
1489 1488
1490 1489
1491 1490
1492 1491
1493 1492
1494 1493
1495 1494
1496 1495
1497 1496
1498 1497
1499 1498
1500 1499
1501 1500
1502 1501
1503 1502
1504 1503
1505 1504
1506 1505
1507 1506
1508 1507
1509 1508
1510 1509
1511 1510
1512 1511
1513 1512
1514 1513
1514 243
1515 750
1516 1515
1517 1516
1518 1517
1519 1518
1520 1519
1521 1520
1522 1521
1523 1522
1524 1523
1525 1524
1526 1525
1527 1526
1528 1527
1529 1528
1530 1529
1531 1530
1532 1531
1533 1532
1534 1533
1535 1534
1536 1535
1537 1536
1538 1537
1539 1538
1540 1539
1541 1540
1542 1541
1543 1542
1544 1543
1545 1544
1546 1545
1547 1546
1548 1547
1549 1548
1550 1549
1551 1550
1552 1551
1553 1552
1554 1553
1555 1554
1556 1555
1557 1556
1558 1557
1559 1558
1560 1559
1561 1560
1562 1561
1563 1562
1564 1563
1565 1564
1566 1565
1567 1566
1568 1567
1569 1568
1570 1569
1571 1570
1572 1571
1573 1572
1574 1573
1575 1574
1576 1575
1577 1576
1578 1577
1579 1578
1580 1579
1581 1580
1582 1581
1583 1582
1584 1583
1585 1584
1586 1585
1587 1586
1588 1587
1589 1588
1589 750
1590 552
1591 1590
1592 1591
1593 1592
1594 1593
1595 1594
1596 1595
1597 1596
1598 1597
1599 1598
1600 1599
1601 1600
1602 1601
1603 1602
1604 1603
1605 1604
1606 1605
1607 1606
1608 1607
1609 1608
1610 1609
1611 1610
1612 1611
1613 1612
1614 1613
1615 1614
1616 1615
1617 1616
1618 1617
1619 1618
1620 1619
1621 1620
1622 1621
1623 1622
1624 1623
1625 1624
1626 1625
1627 1626
1628 1627
1629 1628
1630 1629
1631 1630
1632 1631
1633 1632
1634 1633
1635 1634
1636 1635
1637 1636
1638 1637
1639 1638
1640 1639
1641 1640
1642 1641
1643 1642
1644 1643
1645 1644
1646 1645
1647 1646
1648 1647
1649 1648
1650 1649
1651 1650
1652 1651
1653 1652
1654 1653
1655 1654
1656 1655
1657 1656
1658 1657
1659 1658
1660 1659
1661 1660
1662 1661
1662 552
1663 540
1664 1663
1665 540
1666 1664
1667 1666
1668 1665
1669 1668
1670 1668
1671 1668
1672 1665
1673 1663
1674 1664
1675 1673
1676 1673
1677 1665
1678 1664
1679 1665
1680 1679
1681 1669
1682 1666
1683 1675
1684 1664
1685 1671
1686 1683
1687 1665
1688 1685
1689 1668
1690 1676
1691 1679
1692 1680
1693 1673
1694 1693
1695 1684
1696 1675
1697 540
1698 1669
1699 1675
1700 1689
1701 1699
1702 1680
1703 1678
1704 1702
1705 1669
1706 1680
1707 1674
1708 1680
1709 1685
1710 1708
1711 1696
1712 1679
1713 1678
1714 1712
1715 1684
1716 1712
1717 1678
1718 1707
1719 1713
1720 1670
1721 1708
1722 1712
1723 1709
1724 1707
1725 1684
1726 1669
1727 1701
1728 1673
1729 1690
1730 1699
1731 446
1732 1731
1733 1732
1734 1733
1735 1734
1736 1735
1737 1736
1738 1737
1739 1738
1740 1739
1741 1740
1741 446
1742 1684
1743 1742
1744 1743
1745 1744
1746 1745
1747 1746
1748 1747
1749 1748
1750 1749
1751 1750
1752 1751
1753 1752
1754 1753
1755 1754
1756 1755
1757 1756
1758 1757
1759 1758
1760 1759
1761 1760
1762 1761
1763 1762
1764 1763
1765 1764
1766 1765
1767 1766
1768 1767
1769 1768
1770 1769
1771 1770
1772 1771
1773 1772
1774 1773
1775 1774
1776 1775
1777 1776
1778 1777
1779 1778
1780 1779
1780 1684
1781 813
1782 1781
1783 1782
1784 1783
1785 1784
1786 1785
1787 1786
1788 1787
1789 1788
1790 1789
1791 1790
1792 1791
1793 1792
1794 1793
1795 1794
1796 1795
1797 1796
1798 1797
1799 1798
1800 1799
1800 813
1801 535
1802 1801
1803 1802
1804 1802
1805 1803
1806 1805
1807 1803
1808 1803
1809 535
1810 1807
1811 535
1812 1804
1813 1805
1814 1811
1815 1811
1816 1806
1817 1806
1818 1801
1819 1816
1820 1818
1821 1815
1822 1802
1823 1815
1824 1808
1825 1808
1826 1816
1827 1825
1828 535
1829 1813
1830 1808
1831 1807
1832 1803
1833 1826
1834 1815
1835 1809
1836 1802
1837 1803
1838 1812
1839 1824
1840 1832
1841 1802
1842 1811
1843 1838
1844 1823
1845 1819
1846 1843
1847 1846
1848 1823
1849 1840
1850 1827
1851 1845
1852 1810
1853 1819
1854 1828
1855 1831
1856 1817
1857 1803
1858 1822
1859 1812
1860 1842
1861 1814
1862 1828
1863 1805
1864 1824
1865 1833
1866 1802
1867 1840
1868 1807
1869 1853
1870 1868
1871 1868
1872 1813
1873 1824
1874 246
1875 1874
1876 1875
1877 1876
1878 1877
1879 1878
1880 1879
1881 1880
1882 1881
1883 1882
1884 1883
1885 1884
1886 1885
1887 1886
1888 1887
1889 1888
1890 1889
1891 1890
1892 1891
1893 1892
1894 1893
1895 1894
1896 1895
1897 1896
1898 1897
1899 1898
1900 1899
1901 1900
1902 1901
1903 1902
1904 1903
1905 1904
1906 1905
1907 1906
1908 1907
1909 1908
1910 1909
1911 1910
1912 1911
1913 1912
1914 1913
1915 1914
1916 1915
1917 1916
1918 1917
1919 1918
1920 1919
1921 1920
1922 1921
1923 1922
1924 1923
1925 1924
1926 1925
1927 1926
1928 1927
1929 1928
1930 1929
1931 1930
1932 1931
1933 1932
1934 1933
1935 1934
1936 1935
1937 1936
1938 1937
1939 1938
1940 1939
1941 1940
1942 1941
1943 1942
1944 1943
1945 1944
1946 1945
1947 1946
1948 1947
1949 1948
1950 1949
1951 1950
1952 1951
1953 1952
1954 1953
1955 1954
1956 1955
1957 1956
1958 1957
1959 1958
1960 1959
1961 1960
1962 1961
1963 1962
1963 246
1964 1068
1965 1068
1966 1068
1967 1068
1968 1967
1969 1967
1970 1068
1971 1965
1972 1968
1973 1965
1974 1972
1975 1969
1976 1975
1977 1976
1978 1976
1979 1977
1980 1971
1981 1967
1982 1971
1983 1980
1984 1979
1985 1973
1986 1973
1987 1978
1988 1966
1989 1979
1990 1068
1991 1971
1992 1973
1993 1981
1994 1987
1995 1992
1996 1970
1997 1982
1998 1993
1999 1968
2000 1968
2001 1989
2002 1999
2003 1965
2004 1977
2005 1990
2006 1982
2007 1996
2008 2000
2009 1981
2010 1976
2011 2001
2012 1976
2013 1068
2014 1983
2015 2000
2016 1998
2017 1983
2018 1970
2019 1973
2020 2010
2021 1998
2022 1965
2023 2005
2024 1971
2025 1975
2026 1993
2027 1979
2028 1965
2029 2009
2030 1990
2031 908
2032 2031
2033 908
2034 908
2035 2033
2036 2033
2037 2035
2038 2033
2039 2037
2040 2038
2041 2040
2042 908
2043 2039
2044 2034
2045 2034
2046 2039
2047 2040
2048 2032
2049 2044
2050 2042
2051 2047
2052 908
2053 194
2054 194
2055 2053
2056 2054
2057 2054
2058 2057
2059 2057
2060 2054
2061 2055
2062 2055
2063 2059
2064 2062
2065 2064
2066 2065
2067 2054
2068 2063
2069 2057
2070 2064
2071 2053
2072 2061
2073 2062
2074 2055
2075 2057
2076 2075
2077 2071
2078 2077
2079 2078
2080 2066
2081 2073
2082 2074
2083 2062
2084 2061
2085 2072
2086 194
2087 2065
2088 2068
2089 2080
2090 2065
2091 2070
2092 2062
2093 2090
2094 2087
2095 2093
2096 2093
2097 2096
2098 2055
2099 2098
2100 2069
2101 2069
2102 2084
2103 2058
2104 2053
2105 2074
2106 2054
2107 2066
2108 2077
2109 1130
2110 2109
2111 2110
2112 2109
2113 2112
2114 2112
2115 2109
2116 2115
2117 2114
2118 2115
2119 2116
2120 2114
2121 2113
2122 2109
2123 2116
2124 2119
2125 2111
2126 2120
2127 2125
2128 2120
2129 2128
2130 2120
2131 2111
2132 2121
2133 2131
2134 2124
2135 2121
2136 2131
2137 2136
2138 2119
2139 2120
2140 2131
2141 2127
2142 2140
2143 2117
2144 2129
2145 2134
2146 2126
2147 2138
2148 2118
2149 2133
2150 2127
2151 2121
2152 2121
2153 2130
2154 2127
2155 2150
2156 2148
2157 2148
2158 2120
2159 2149
2160 2144
2161 2143
2162 2109
2163 2133
2164 2117
2165 2164
2166 2165
2167 2166
2168 2167
2169 2168
2170 2169
2171 2170
2172 2171
2173 2172
2174 2173
2175 2174
2176 2175
2177 2176
2178 2177
2179 2178
2180 2179
2181 2180
2182 2181
2183 2182
2184 2183
2185 2184
2186 2185
2187 2186
2188 2187
2189 2188
2190 2189
2191 2190
2192 2191
2193 2192
2194 2193
2195 2194
2196 2195
2197 2196
2197 2117
2198 802
2199 802
2200 2199
2201 2200
2202 2201
2203 2201
2204 2200
2205 2200
2206 2204
2207 2200
2208 2207
2209 2207
2210 2208
2211 2198
2212 2204
2213 802
2214 2203
2215 2198
2216 2213
2217 2216
2218 2198
2219 2214
2220 2214
2221 2204
2222 2212
2223 2208
2224 2213
2225 2204
2226 2205
2227 2200
2228 2209
2229 2199
2230 2207
2231 2199
2232 2212
2233 2228
2234 2221
2235 2220
2236 2216
2237 2199
2238 2234
2239 2230
2240 2228
2241 2209
2242 2234
2243 2216
2244 2206
2245 2236
2246 2216
2247 2200
2248 2231
2249 2213
2250 2219
2251 2206
2252 2215
2253 2215
2254 2236
2255 2219
2256 2206
2257 2251
2258 2250
2259 2246
2260 2210
2261 2234
2262 2238
2263 2248
2264 2245
2265 2205
2266 2232
2267 2262
2268 2240
2269 2246
2270 2244
2271 2202
2272 2243
2273 2220
2274 2240
2275 2268
2276 2260
2277 2219
2278 2201
2279 2271
2280 2253
2281 2214
2282 2269
2283 2247
2284 2210
2285 2211
2286 2199
2287 2263
2288 2236
2289 2242
2290 2289
2291 2290
2292 2291
2293 2292
2294 2293
2295 2294
2296 2295
2297 2296
2298 2297
2299 2298
2300 2299
2301 2300
2302 2301
2303 2302
2304 2303
2305 2304
2306 2305
2307 2306
2308 2307
2309 2308
2310 2309
2311 2310
2312 2311
2313 2312
2314 2313
2315 2314
2316 2315
2317 2316
2318 2317
2319 2318
2320 2319
2321 2320
2322 2321
2323 2322
2324 2323
2325 2324
2326 2325
2327 2326
2328 2327
2329 2328
2330 2329
2331 2330
2332 2331
2333 2332
2334 2333
2335 2334
2336 2335
2337 2336
2338 2337
2339 2338
2340 2339
2341 2340
2342 2341
2343 2342
2344 2343
2345 2344
2345 2242
2346 1434
2347 2346
2348 2347
2349 2348
2350 2349
2351 2350
2352 2351
2353 2352
2354 2353
2355 2354
2356 2355
2357 2356
2358 2357
2359 2358
2360 2359
2361 2360
2362 2361
2363 2362
2364 2363
2365 2364
2366 2365
2367 2366
2368 2367
2369 2368
2370 2369
2371 2370
2372 2371
2373 2372
2374 2373
2375 2374
2376 2375
2377 2376
2378 2377
2379 2378
2380 2379
2381 2380
2382 2381
2383 2382
2384 2383
2385 2384
2386 2385
2387 2386
2388 2387
2389 2388
2390 2389
2391 2390
2392 2391
2393 2392
2394 2393
2395 2394
2396 2395
2397 2396
2398 2397
2399 2398
2400 2399
2401 2400
2402 2401
2403 2402
2404 2403
2405 2404
2406 2405
2407 2406
2408 2407
2409 2408
2410 2409
2411 2410
2412 2411
2413 2412
2414 2413
2415 2414
2416 2415
2417 2416
2418 2417
2419 2418
2420 2419
2421 2420
2422 2421
2423 2422
2424 2423
2425 2424
2426 2425
2427 2426
2428 2427
2429 2428
2430 2429
2431 2430
2432 2431
2433 2432
2434 2433
2435 2434
2436 2435
2437 2436
2438 2437
2439 2438
2440 2439
2441 2440
2442 2441
2443 2442
2444 2443
2444 1434
2445 936
2446 2445
2447 2446
2448 2447
2449 2448
2450 2449
2451 2450
2452 2451
2453 2452
2454 2453
2455 2454
2456 2455
2457 2456
2458 2457
2459 2458
2460 2459
2461 2460
2461 936
2462 877
2463 2462
2464 2463
2465 2464
2466 2465
2467 2466
2468 2466
2469 2466
2470 2464
2471 2468
2472 2463
2473 2465
2474 2465
2475 2464
2476 2473
2477 2476
2478 2473
2479 2478
2480 2478
2481 2479
2482 877
2483 2471
2484 2480
2485 2479
2486 2480
2487 2463
2488 2467
2489 2480
2490 2486
2491 2467
2492 2485
2493 2477
2494 2489
2495 2464
2496 2490
2497 2488
2498 2485
2499 2493
2500 2494
2501 2471
2502 2467
2503 2500
2504 2481
2505 2472
2506 2462
2507 2489
2508 2477
2509 2462
2510 2487
2511 2480
2512 2473
2513 2466
2514 2493
2515 2495
2516 2471
2517 2475
2518 2511
2519 2492
2520 2507
2521 2514
2522 2490
2523 2489
2524 2520
2525 2503
2526 2522
2527 2468
2528 2505
2529 2522
2530 2493
2531 2463
2532 822
2533 2532
2534 2533
2535 2534
2536 2535
2537 2536
2538 2537
2539 2538
2540 2539
2541 2540
2542 2541
2543 2542
2544 2543
2545 2544
2546 2545
2547 2546
2548 2547
2548 822
2549 2462
2550 2549
2551 2550
2552 2551
2553 2552
2554 2553
2555 2554
2556 2555
2557 2556
2558 2557
2559 2558
2560 2559
2561 2560
2562 2561
2563 2562
2564 2563
2565 2564
2566 2565
2567 2566
2568 2567
2569 2568
2570 2569
2571 2570
2572 2571
2573 2572
2574 2573
2575 2574
2576 2575
2577 2576
2578 2577
2579 2578
2580 2579
2581 2580
2582 2581
2583 2582
2584 2583
2585 2584
2586 2585
2587 2586
2588 2587
2588 2462
2589 1937
2590 1937
2591 1937
2592 2589
2593 2591
2594 1937
2595 2590
2596 2594
2597 2592
2598 2597
2599 2591
2600 2589
2601 1937
2602 2589
2603 2597
2604 2590
2605 2594
2606 1937
2607 2597
2608 2603
2609 2606
2610 2589
2611 2602
2612 2593
2613 2597
2614 2611
2615 2605
2616 2602
2617 2598
2618 2602
2619 2605
2620 2597
2621 2602
2622 2591
2623 2617
2624 2613
2625 2622
2626 2621
2627 2593
2628 2610
2629 2618
2630 2589
2631 2592
2632 2599
2633 2618
2634 2619
2635 2617
2636 2594
2637 2612
2638 2595
2639 2595
2640 2635
2641 2626
2642 2616
2643 2596
2644 2597
2645 2605
2646 2619
2647 2608
2648 2632
2649 2603
2650 2646
2651 2617
2652 2637
2653 2607
2654 2652
2655 2626
2656 2613
2657 2629
2658 2644
2659 2651
2660 2356
2661 2660
2662 2661
2663 2662
2664 2663
2665 2664
2666 2665
2667 2666
2668 2667
2669 2668
2670 2669
2671 2670
2672 2671
2673 2672
2674 2673
2675 2674
2676 2675
2677 2676
2678 2677
2679 2678
2680 2679
2681 2680
2682 2681
2683 2682
2684 2683
2685 2684
2686 2685
2687 2686
2688 2687
2689 2688
2690 2689
2691 2690
2692 2691
2693 2692
2694 2693
2695 2694
2696 2695
2697 2696
2698 2697
2699 2698
2700 2699
2701 2700
2702 2701
2703 2702
2704 2703
2705 2704
2706 2705
2707 2706
2708 2707
2709 2708
2710 2709
2711 2710
2712 2711
2713 2712
2714 2713
2715 2714
2716 2715
2717 2716
2718 2717
2719 2718
2720 2719
2721 2720
2722 2721
2723 2722
2724 2723
2725 2724
2726 2725
2727 2726
2728 2727
2729 2728
2730 2729
2731 2730
2732 2731
2733 2732
2734 2733
2735 2734
2736 2735
2737 2736
2738 2737
2739 2738
2740 2739
2740 2356
2741 2286
2742 2286
2743 2286
2744 2286
2745 586
2746 2745
2747 586
2748 2747
2749 2748
2750 2749
2751 2749
2752 586
2753 2746
2754 2750
2755 586
2756 2750
2757 2755
2758 586
2759 2751
2760 2758
2761 2757
2762 2748
2763 2747
2764 2762
2765 2748
2766 2762
2767 2755
2768 2758
2769 2768
2770 2760
2771 2755
2772 2764
2773 2766
2774 2745
2775 2749
2776 2768
2777 2767
2778 2760
2779 2778
2780 586
2781 2778
2782 2766
2783 1712
2784 2783
2785 2783
2786 1712
2787 2786
2788 2786
2789 2783
2790 2787
2791 2789
2792 2787
2793 1712
2794 1712
2795 2785
2796 2792
2797 1712
2798 1712
2799 2786
2800 2784
2801 2796
2802 2792
2803 2791
2804 2784
2805 2799
2806 2789
2807 2792
2808 2807
2809 2784
2810 2803
2811 2789
2812 2800
2813 2787
2814 2792
2815 2792
2816 2796
2817 2803
2818 2787
2819 2817
2820 2797
2821 2784
2822 2785
2823 2785
2824 2792
2825 2785
2826 2825
2827 2824
2828 2785
2829 2797
2830 2824
2831 2798
2832 2784
2833 2805
2834 2791
2835 2812
2836 2802
2837 2810
2838 2800
2839 2832
2840 2813
2841 2836
2842 2824
2843 2812
2844 1513
2845 2844
2846 2845
2847 2846
2848 2847
2849 2848
2850 2849
2851 2850
2852 2851
2853 2852
2854 2853
2855 2854
2856 2855
2857 2856
2858 2857
2859 2858
2860 2859
2861 2860
2862 2861
2863 2862
2864 2863
2865 2864
2866 2865
2867 2866
2868 2867
2869 2868
2870 2869
2871 2870
2872 2871
2873 2872
2874 2873
2875 2874
2876 2875
2877 2876
2877 1513
2878 1793
2879 2878
2880 2879
2881 2880
2882 2881
2883 2882
2884 2883
2885 2884
2886 2885
2887 2886
2888 2887
2889 2888
2890 2889
2891 2890
2892 2891
2893 2892
2894 2893
2895 2894
2896 2895
2897 2896
2898 2897
2899 2898
2900 2899
2901 2900
2902 2901
2903 2902
2904 2903
2905 2904
2906 2905
2907 2906
2908 2907
2909 2908
2910 2909
2911 2910
2912 2911
2913 2912
2914 2913
2915 2914
2916 2915
2917 2916
2917 1793
2918 67
2919 2918
2920 2919
2921 2920
2922 2921
2923 2922
2924 2923
2925 2924
2926 2925
2927 2926
2928 2927
2929 2928
2930 2929
2931 2930
2932 2931
2933 2932
2934 2933
2935 2934
2936 2935
2937 2936
2938 2937
2939 2938
2940 2939
2941 2940
2942 2941
2943 2942
2944 2943
2945 2944
2946 2945
2947 2946
2948 2947
2949 2948
2950 2949
2951 2950
2952 2951
2953 2952
2954 2953
2955 2954
2956 2955
2957 2956
2958 2957
2959 2958
2960 2959
2961 2960
2962 2961
2963 2962
2964 2963
2965 2964
2966 2965
2967 2966
2968 2967
2969 2968
2970 2969
2971 2970
2972 2971
2973 2972
2974 2973
2975 2974
2976 2975
2977 2976
2978 2977
2979 2978
2980 2979
2981 2980
2982 2981
2983 2982
2984 2983
2985 2984
2986 2985
2987 2986
2988 2987
2989 2988
2990 2989
2991 2990
2992 2991
2993 2992
2994 2993
2995 2994
2996 2995
2997 2996
2998 2997
2999 2998
3000 2999
3001 3000
3002 3001
3003 3002
3004 3003
3005 3004
3006 3005
3007 3006
3008 3007
3009 3008
3010 3009
3011 3010
3012 3011
3013 3012
3014 3013
3015 3014
3016 3015
3016 67
3017 262
3018 262
3019 262
3020 3018
3021 3018
3022 262
3023 3018
3024 3021
3025 3024
3026 3024
3027 262
3028 3018
3029 3026
3030 3024
3031 3018
3032 3026
3033 3018
3034 3028
3035 3022
3036 3035
3037 3022
3038 3030
3039 3022
3040 3021
3041 3027
3042 3024
3043 3019
3044 3038
3045 3027
3046 3029
3047 3034
3048 262
3049 3029
3050 3038
3051 3021
3052 3042
3053 3044
3054 3024
3055 3030
3056 3042
3057 3048
3058 3032
3059 262
3060 3058
3061 3042
3062 3019
3063 3029
3064 3054
3065 3053
3066 3020
3067 3039
3068 3020
3069 3039
3070 3041
3071 3059
3072 3045
3073 3037
3074 262
3075 1691
3076 3075
3077 3076
3078 3077
3079 3078
3080 3079
3081 3080
3082 3081
3083 3082
3084 3083
3085 3084
3086 3085
3087 3086
3088 3087
3089 3088
3090 3089
3091 3090
3092 3091
3093 3092
3094 3093
3095 3094
3096 3095
3097 3096
3098 3097
3099 3098
3100 3099
3101 3100
3102 3101
3103 3102
3104 3103
3105 3104
3106 3105
3107 3106
3108 3107
3109 3108
3110 3109
3111 3110
3112 3111
3113 3112
3114 3113
3115 3114
3116 3115
3117 3116
3118 3117
3119 3118
3120 3119
3121 3120
3122 3121
3123 3122
3124 3123
3125 3124
3126 3125
3127 3126
3128 3127
3129 3128
3130 3129
3131 3130
3132 3131
3133 3132
3134 3133
3135 3134
3136 3135
3137 3136
3138 3137
3139 3138
3140 3139
3141 3140
3142 3141
3143 3142
3144 3143
3145 3144
3146 3145
3147 3146
3148 3147
3149 3148
3150 3149
3151 3150
3152 3151
3153 3152
3154 3153
3155 3154
3156 3155
3157 3156
3158 3157
3159 3158
3160 3159
3161 3160
3162 3161
3163 3162
3164 3163
3165 3164
3166 3165
3167 3166
3167 1691
3168 294
3169 294
3170 3169
3171 3169
3172 3170
3173 294
3174 294
3175 3168
3176 3175
3177 3172
3178 3177
3179 3171
3180 3169
3181 3177
3182 3174
3183 3178
3184 3169
3185 3180
3186 3174
3187 3178
3188 3187
3189 294
3190 3186
3191 3181
3192 3189
3193 3186
3194 3171
3195 3171
3196 294
3197 3171
3198 3179
3199 3171
3200 3182
3201 3189
3202 3199
3203 3200
3204 3195
3205 3173
3206 3173
3207 1502
3208 3207
3209 3208
3210 3209
3211 3210
3212 3211
3213 3212
3214 3213
3215 3214
3216 3215
3217 3216
3218 3217
3219 3218
3220 3219
3221 3220
3221 1502
3222 2014
3223 3222
3224 3223
3225 3224
3226 3225
3227 3226
3228 3227
3229 3228
3230 3229
3231 3230
3232 3231
3233 3232
3234 3233
3235 3234
3236 3235
3237 3236
3238 3237
3239 3238
3240 3239
3241 3240
3242 3241
3243 3242
3244 3243
3245 3244
3246 3245
3247 3246
3248 3247
3249 3248
3250 3249
3251 3250
3252 3251
3253 3252
3254 3253
3255 3254
3256 3255
3257 3256
3258 3257
3259 3258
3260 3259
3261 3260
3262 3261
3263 3262
3264 3263
3265 3264
3266 3265
3267 3266
3268 3267
3269 3268
3270 3269
3271 3270
3272 3271
3273 3272
3274 3273
3275 3274
3276 3275
3277 3276
3278 3277
3279 3278
3280 3279
3281 3280
3282 3281
3283 3282
3284 3283
3285 3284
3286 3285
3287 3286
3287 2014
3288 2814
3289 2814
3290 3288
3291 2814
3292 3288
3293 3291
3294 2814
3295 3292
3296 2814
3297 3293
3298 3294
3299 3293
3300 3292
3301 3291
3302 3299
3303 3290
3304 2814
3305 3293
3306 3292
3307 3297
3308 3288
3309 3292
3310 3307
3311 3295
3312 3309
3313 3307
3314 3291
3315 3289
3316 3296
3317 3297
3318 3298
3319 3292
3320 3289
3321 3297
3322 3294
3323 3310
3324 3320
3325 3294
3326 3313
3327 3290
3328 3320
3329 3288
3330 3288
3331 3300
3332 3301
3333 3303
3334 3325
3335 2888
3336 3335
3337 3336
3338 3335
3339 3337
3340 3336
3341 2888
3342 3340
3343 3341
3344 3337
3345 3338
3346 3335
3347 2888
3348 3340
3349 3341
3350 3347
3351 3341
3352 3348
3353 3346
3354 3336
3355 3351
3356 3348
3357 3351
3358 3351
3359 3355
3360 3345
3361 3359
3362 3350
3363 3337
3364 3335
3365 3355
3366 3353
3367 3345
3368 3345
3369 3364
3370 2888
3371 3368
3372 3360
3373 3359
3374 3355
3375 3343
3376 3349
3377 3364
3378 3350
3379 3335
3380 3341
3381 3348
3382 3372
3383 3368
3384 3373
3385 3380
3386 3343
3387 3381
3388 3350
3389 3379
3390 3342
3391 3347
3392 3364
3393 3373
3394 3393
3395 3373
3396 3395
3397 3354
3398 3394
3399 3364
3400 3362
3401 3400
3402 3401
3403 3335
3404 3338
3405 3371
3406 3401
3407 2888
3408 3389
3409 3401
3410 3357
3411 3408
3412 3335
3413 3387
3414 3364
3415 3381
3416 2383
3417 2383
3418 2383
3419 3417
3420 3419
3421 3420
3422 3417
3423 3417
3424 3417
3425 3417
3426 3423
3427 3417
3428 3416
3429 3416
3430 3427
3431 3418
3432 3428
3433 3418
3434 3419
3435 3425
3436 2383
3437 3417
3438 3422
3439 3430
3440 3425
3441 3416
3442 3426
3443 3428
3444 3426
3445 3419
3446 3424
3447 3446
3448 3421
3449 3438
3450 3426
3451 3427
3452 3429
3453 3417
3454 3438
3455 3452
3456 3447
3457 3435
3458 3423
3459 3417
3460 3458
3461 3457
3462 3429
3463 2383
3464 3421
3465 3435
3466 3461
3467 1897
3468 3467
3469 3468
3470 3469
3471 3470
3472 3471
3473 3472
3474 3473
3475 3474
3476 3475
3477 3476
3478 3477
3479 3478
3480 3479
3481 3480
3482 3481
3483 3482
3484 3483
3485 3484
3486 3485
3487 3486
3488 3487
3489 3488
3490 3489
3491 3490
3492 3491
3493 3492
3493 1897
3494 2853
3495 2853
3496 2853
3497 3495
3498 3494
3499 3496
3500 3495
3501 3495
3502 3497
3503 3502
3504 3502
3505 3498
3506 3495
3507 3504
3508 3505
3509 3508
3510 3506
3511 3501
3512 3499
3513 3510
3514 3505
3515 3513
3516 3508
3517 3495
3518 3495
3519 3518
3520 3498
3521 3520
3522 3505
3523 3514
3524 3519
3525 3504
3526 3496
3527 3523
3528 3506
3529 3525
3530 3521
3531 3508
3532 3511
3533 3513
3534 3512
3535 3512
3536 3509
3537 3522
3538 3526
3539 3500
3540 3518
3541 3498
3542 3522
3543 3536
3544 3505
3545 3539
3546 3544
3547 3540
3548 3494
3549 3508
3550 3529
3551 3534
3552 3511
3553 3535
3554 3521
3555 3529
3556 3553
3557 1485
3558 3557
3559 3558
3560 3559
3561 3560
3562 3561
3563 3562
3564 3563
3565 3564
3566 3565
3567 3566
3568 3567
3569 3568
3570 3569
3571 3570
3572 3571
3573 3572
3574 3573
3575 3574
3576 3575
3577 3576
3578 3577
3579 3578
3580 3579
3581 3580
3582 3581
3583 3582
3584 3583
3585 3584
3586 3585
3587 3586
3588 3587
3589 3588
3590 3589
3591 3590
3592 3591
3593 3592
3594 3593
3595 3594
3596 3595
3597 3596
3598 3597
3599 3598
3600 3599
3601 3600
3602 3601
3603 3602
3604 3603
3605 3604
3606 3605
3607 3606
3608 3607
3609 3608
3610 3609
3611 3610
3612 3611
3613 3612
3614 3613
3615 3614
3616 3615
3617 3616
3618 3617
3619 3618
3620 3619
3621 3620
3622 3621
3623 3622
3624 3623
3625 3624
3626 3625
3627 3626
3628 3627
3629 3628
3630 3629
3631 3630
3632 3631
3632 1485
3633 2850
3634 3633
3635 2850
3636 3635
3637 3635
3638 3633
3639 3635
3640 3636
3641 3639
3642 3634
3643 3637
3644 3636
3645 3635
3646 3644
3647 3644
3648 3637
3649 3636
3650 3637
3651 3650
3652 3642
3653 3642
3654 3641
3655 3649
3656 3635
3657 3635
3658 3636
3659 3643
3660 3647
3661 3637
3662 3634
3663 3651
3664 3633
3665 3648
3666 3646
3667 3650
3668 3663
3669 3656
3670 3640
3671 3644
3672 3662
3673 3642
3674 3642
3675 3637
3676 2850
3677 2996
3678 3677
3679 3678
3680 3679
3681 3680
3682 3681
3683 3682
3684 3683
3685 3684
3686 3685
3687 3686
3688 3687
3689 3688
3690 3689
3691 3690
3692 3691
3693 3692
3694 3693
3695 3694
3696 3695
3697 3696
3698 3697
3699 3698
3700 3699
3701 3700
3702 3701
3702 2996
3703 3235
3704 3703
3705 3704
3706 3705
3707 3706
3708 3707
3709 3708
3710 3709
3711 3710
3712 3711
3713 3712
3714 3713
3715 3714
3716 3715
3717 3716
3718 3717
3719 3718
3720 3719
3721 3720
3722 3721
3723 3722
3724 3723
3725 3724
3726 3725
3727 3726
3728 3727
3729 3728
3730 3729
3731 3730
3732 3731
3733 3732
3734 3733
3735 3734
3736 3735
3737 3736
3738 3737
3739 3738
3740 3739
3741 3740
3742 3741
3743 3742
3744 3743
3745 3744
3746 3745
3747 3746
3748 3747
3749 3748
3750 3749
3751 3750
3752 3751
3753 3752
3754 3753
3755 3754
3756 3755
3757 3756
3757 3235
3758 2025
3759 3758
3760 3759
3761 3760
3762 3761
3763 3762
3764 3763
3765 3764
3766 3765
3767 3766
3768 3767
3769 3768
3770 3769
3771 3770
3772 3771
3773 3772
3774 3773
3775 3774
3776 3775
3777 3776
3778 3777
3779 3778
3780 3779
3781 3780
3782 3781
3783 3782
3784 3783
3785 3784
3786 3785
3787 3786
3788 3787
3789 3788
3790 3789
3791 3790
3792 3791
3793 3792
3794 3793
3795 3794
3796 3795
3797 3796
3798 3797
3799 3798
3800 3799
3801 3800
3802 3801
3803 3802
3804 3803
3805 3804
3806 3805
3807 3806
3807 2025
3808 165
3809 165
3810 3808
3811 3810
3812 3811
3813 3810
3814 3811
3815 3812
3816 3809
3817 3809
3818 3814
3819 3811
3820 3815
3821 3817
3822 3811
3823 3808
3824 165
3825 3814
3826 3819
3827 3811
3828 3825
3829 165
3830 3818
3831 3823
3832 3825
3833 3814
3834 3813
3835 3828
3836 165
3837 3834
3838 3819
3839 3812
3840 3809
3841 3817
3842 165
3843 3818
3844 3809
3845 3809
3846 3816
3847 3831
3848 3816
3849 3810
3850 3821
3851 3815
3852 2586
3853 2586
3854 3853
3855 3854
3856 3854
3857 3853
3858 3857
3859 3854
3860 3856
3861 3852
3862 1971
3863 3862
3864 3862
3865 3863
3866 3864
3867 3866
3868 3864
3869 3867
3870 3868
3871 3870
3872 3862
3873 3862
3874 3869
3875 3872
3876 3875
3877 3871
3878 1971
3879 3876
3880 3866
3881 3871
3882 3864
3883 3872
3884 3873
3885 3871
3886 3867
3887 3872
3888 3864
3889 3875
3890 3887
3891 3862
3892 3871
3893 3875
3894 3870
3895 3867
3896 3893
3897 3876
3898 3869
3899 3884
3900 3870
3901 3883
3902 3883
3903 3888
3904 3901
3905 3867
3906 3879
3907 3891
3908 3884
3909 3866
3910 3885
3911 3873
3912 3865
3913 3888
3914 3875
3915 3898
3916 3883
3917 3888
3918 3866
3919 3890
3920 3862
3921 3877
3922 3895
3923 3876
3924 3900
3925 3918
3926 3899
3927 3883
3928 2092
3929 3928
3930 3929
3931 3930
3932 3931
3933 3932
3934 3933
3935 3934
3936 3935
3937 3936
3938 3937
3939 3938
3940 3939
3941 3940
3942 3941
3943 3942
3944 3943
3945 3944
3946 3945
3947 3946
3948 3947
3949 3948
3950 3949
3951 3950
3952 3951
3953 3952
3954 3953
3955 3954
3956 3955
3957 3956
3958 3957
3959 3958
3960 3959
3961 3960
3962 3961
3963 3962
3964 3963
3965 3964
3965 2092
3966 3874
3967 3966
3968 3874
3969 3968
3970 3969
3971 3969
3972 3967
3973 3874
3974 3874
3975 3968
3976 3974
3977 3874
3978 3974
3979 3973
3980 3976
3981 3970
3982 3979
3983 3978
3984 3971
3985 3977
3986 3981
3987 3968
3988 3971
3989 3974
3990 3982
3991 3989
3992 3977
3993 3973
3994 3874
3995 3986
3996 3975
3997 3972
3998 3997
3999 3986
4000 3993
4001 3990
4002 3984
4003 3987
4004 3981
4005 3970
4006 3994
4007 3997
4008 3978
4009 3973
4010 4001
4011 3990
4012 3988
4013 3996
4014 3971
4015 3985
4016 3980
4017 3971
4018 3994
4019 4003
4020 3969
4021 4000
4022 3989
4023 4013
4024 3974
4025 2833
4026 4025
4027 4025
4028 4025
4029 4028
4030 2833
4031 4025
4032 4026
4033 2833
4034 4025
4035 4031
4036 2833
4037 4025
4038 4028
4039 4034
4040 4031
4041 4031
4042 4025
4043 4032
4044 4041
4045 4037
4046 4037
4047 4043
4048 4039
4049 4026
4050 4049
4051 4046
4052 4050
4053 4046
4054 4052
4055 4051
4056 4051
4057 4053
4058 4051
4059 4048
4060 3344
4061 4060
4062 4060
4063 3344
4064 4061
4065 4063
4066 4062
4067 4061
4068 4061
4069 4063
4070 4065
4071 4070
4072 4060
4073 4062
4074 4070
4075 4070
4076 4072
4077 4075
4078 4071
4079 4076
4080 4060
4081 4075
4082 4078
4083 4075
4084 4069
4085 4079
4086 4078
4087 4078
4088 4064
4089 4076
4090 4086
4091 4069
4092 4064
4093 4085
4094 4087
4095 4077
4096 4068
4097 4094
4098 3344
4099 4060
4100 4076
4101 4095
4102 4077
4103 4070
4104 4065
4105 4092
4106 4086
4107 4105
4108 4081
4109 4060
4110 4081
4111 4078
4112 4063
4113 4084
4114 4113
4115 4070
4116 4097
4117 4087
4118 4093
4119 4103
4120 4062
4121 4104
4122 4091
4123 4075
4124 4121
4125 4093
4126 4098
4127 4064
4128 4098
4129 4101
4130 4072
4131 3532
4132 4131
4133 4131
4134 3532
4135 3532
4136 3532
4137 4132
4138 4131
4139 4136
4140 4135
4141 4131
4142 4132
4143 4132
4144 4143
4145 3532
4146 4136
4147 4134
4148 4141
4149 4141
4150 4134
4151 4143
4152 4150
4153 4139
4154 4153
4155 4135
4156 4135
4157 4135
4158 4133
4159 4138
4160 4142
4161 4143
4162 4145
4163 4142
4164 4138
4165 4143
4166 4158
4167 4135
4168 4159
4169 3896
4170 3896
4171 4169
4172 3896
4173 4170
4174 4171
4175 4169
4176 4172
4177 4175
4178 4177
4179 4176
4180 4175
4181 4171
4182 4169
4183 4182
4184 4181
4185 4172
4186 4183
4187 4175
4188 4183
4189 3896
4190 4179
4191 4177
4192 4179
4193 4171
4194 4187
4195 4191
4196 4187
4197 4179
4198 4187
4199 4185
4200 4198
4201 4192
4202 4172
4203 4194
4204 4198
4205 4184
4206 4201
4207 4206
4208 4201
4209 4176
4210 4192
4211 4195
4212 4205
4213 4196
4214 4176
4215 4199
4216 4180
4217 4181
4218 4184
4219 4203
4220 4184
4221 4204
4222 4203
4223 4173
4224 4223
4225 4191
4226 4178
4227 4177
4228 4224
4229 3896
4230 4216
4231 4177
4232 4196
4233 4223
4234 4227
4235 4194
4236 4215
4237 4194
4238 4172
4239 4223
4240 4237
4241 4229
4242 4202
4243 4197
4244 4181
4245 4208
4246 4206
4247 4217
4248 4177
4249 4214
4250 4239
4251 4241
4252 4247
4253 4188
4254 4234
4255 4214
4256 4186
4257 4244
4258 3896
4259 4193
4260 4239
4261 4260
4262 4244
4263 4217
4264 580
4265 4264
4266 4265
4267 4266
4268 4267
4269 4268
4270 4269
4271 4270
4272 4271
4273 4272
4274 4273
4275 4274
4276 4275
4277 4276
4278 4277
4279 4278
4280 4279
4281 4280
4282 4281
4283 4282
4284 4283
4285 4284
4286 4285
4287 4286
4288 4287
4289 4288
4290 4289
4291 4290
4292 4291
4293 4292
4294 4293
4295 4294
4296 4295
4297 4296
4298 4297
4299 4298
4300 4299
4301 4300
4302 4301
4303 4302
4304 4303
4305 4304
4306 4305
4307 4306
4308 4307
4309 4308
4310 4309
4311 4310
4312 4311
4313 4312
4314 4313
4315 4314
4316 4315
4317 4316
4318 4317
4319 4318
4320 4319
4321 4320
4322 4321
4323 4322
4324 4323
4325 4324
4326 4325
4327 4326
4328 4327
4329 4328
4330 4329
4331 4330
4332 4331
4333 4332
4334 4333
4335 4334
4336 4335
4337 4336
4338 4337
4339 4338
4340 4339
4341 4340
4342 4341
4343 4342
4344 4343
4345 4344
4346 4345
4347 4346
4348 4347
4349 4348
4350 4349
4351 4350
4352 4351
4353 4352
4354 4353
4355 4354
4355 580
4356 558
4357 4356
4358 4357
4359 4358
4360 4359
4361 4360
4362 4361
4363 4362
4364 4363
4365 4364
4366 4365
4367 4366
4368 4367
4369 4368
4370 4369
4371 4370
4372 4371
4373 4372
4374 4373
4375 4374
4376 4375
4377 4376
4378 4377
4379 4378
4380 4379
4381 4380
4382 4381
4383 4382
4384 4383
4385 4384
4386 4385
4387 4386
4388 4387
4389 4388
4390 4389
4391 4390
4392 4391
4393 4392
4394 4393
4395 4394
4396 4395
4397 4396
4398 4397
4399 4398
4400 4399
4401 4400
4402 4401
4403 4402
4404 4403
4405 4404
4406 4405
4407 4406
4408 4407
4408 558
4409 443
4410 4409
4411 4410
4412 4411
4413 4412
4414 4413
4415 4414
4416 4415
4417 4416
4418 4417
4419 4418
4420 4419
4421 4420
4422 4421
4423 4422
4424 4423
4425 4424
4426 4425
4427 4426
4428 4427
4429 4428
4430 4429
4431 4430
4432 4431
4433 4432
4434 4433
4435 4434
4436 4435
4437 4436
4438 4437
4439 4438
4440 4439
4441 4440
4442 4441
4443 4442
4444 4443
4445 4444
4446 4445
4447 4446
4448 4447
4449 4448
4450 4449
4451 4450
4452 4451
4453 4452
4454 4453
4455 4454
4456 4455
4457 4456
4458 4457
4459 4458
4460 4459
4461 4460
4462 4461
4463 4462
4464 4463
4465 4464
4466 4465
4467 4466
4468 4467
4469 4468
4470 4469
4471 4470
4472 4471
4473 4472
4474 4473
4475 4474
4476 4475
4477 4476
4478 4477
4479 4478
4480 4479
4481 4480
4482 4481
4483 4482
4484 4483
4485 4484
4486 4485
4486 443
4487 483
4488 483
4489 4488
4490 483
4491 4489
4492 483
4493 4490
4494 4490
4495 4487
4496 4489
4497 483
4498 4493
4499 4491
4500 4490
4501 4490
4502 4493
4503 4495
4504 4502
4505 483
4506 4494
4507 4492
4508 4500
4509 4495
4510 4497
4511 4499
4512 4488
4513 2669
4514 4513
4515 4514
4516 4515
4517 4516
4518 4517
4519 4518
4520 4519
4521 4520
4522 4521
4523 4522
4524 4523
4525 4524
4526 4525
4527 4526
4528 4527
4529 4528
4530 4529
4531 4530
4532 4531
4533 4532
4534 4533
4535 4534
4536 4535
4537 4536
4538 4537
4539 4538
4540 4539
4541 4540
4542 4541
4543 4542
4544 4543
4545 4544
4546 4545
4547 4546
4548 4547
4549 4548
4550 4549
4551 4550
4552 4551
4553 4552
4554 4553
4555 4554
4556 4555
4557 4556
4558 4557
4559 4558
4560 4559
4561 4560
4562 4561
4563 4562
4564 4563
4565 4564
4566 4565
4567 4566
4568 4567
4569 4568
4570 4569
4571 4570
4572 4571
4572 2669
4573 3027
4574 4573
4575 4574
4576 4575
4577 4576
4578 4577
4579 4578
4580 4579
4581 4580
4582 4581
4583 4582
4584 4583
4585 4584
4586 4585
4587 4586
4588 4587
4589 4588
4590 4589
4591 4590
4592 4591
4593 4592
4594 4593
4594 3027
4595 4460
4596 4460
4597 4596
4598 4596
4599 4596
4600 4597
4601 4597
4602 4600
4603 4595
4604 4598
4605 4603
4606 4597
4607 4460
4608 4605
4609 4603
4610 4608
4611 4596
4612 4607
4613 4604
4614 4598
4615 4601
4616 4595
4617 4608
4618 4612
4619 4606
4620 4600
4621 4608
4622 4621
4623 4597
4624 4595
4625 4614
4626 4606
4627 4622
4628 4620
4629 4625
4630 4619
4631 4619
4632 4609
4633 4615
4634 4623
4635 4630
4636 4604
4637 4615
4638 4635
4639 4598
4640 3929
4641 4640
4642 3929
4643 4641
4644 4643
4645 4640
4646 4644
4647 4641
4648 2728
4649 4648
4650 4649
4651 4650
4652 4651
4653 4651
4654 2728
4655 4654
4656 4651
4657 4651
4658 4648
4659 4652
4660 4650
4661 4657
4662 4658
4663 4662
4664 4662
4665 4649
4666 4649
4667 4661
4668 4652
4669 4664
4670 4652
4671 4670
4672 4648
4673 4663
4674 4659
4675 4659
4676 4656
4677 4659
4678 4664
4679 4648
4680 4667
4681 4648
4682 4665
4683 4671
4684 4678
4685 4665
4686 4679
4687 4652
4688 4670
4689 4656
4690 4677
4691 4673
4692 4668
4693 4686
4694 4669
4695 4660
4696 4684
4697 4678
4698 4649
4699 4696
4700 4695
4701 4694
4702 4675
4703 4655
4704 4687
4705 4666
4706 4665
4707 4659
4708 4680
4709 4648
4710 4669
4711 4688
4712 4664
4713 4697
4714 4659
4715 4712
4716 4676
4717 2908
4718 2908
4719 2908
4720 4719
4721 4718
4722 2908
4723 4717
4724 4723
4725 2908
4726 4718
4727 4719
4728 2908
4729 4728
4730 4724
4731 2908
4732 4728
4733 2908
4734 4721
4735 4723
4736 4722
4737 4731
4738 4734
4739 4719
4740 4722
4741 4732
4742 4717
4743 4740
4744 4738
4745 4718
4746 4744
4747 2908
4748 4738
4749 4725
4750 4721
4751 4744
4752 4724
4753 4741
4754 4752
4755 4753
4756 4744
4757 4747
4758 4743
4759 4747
4760 4726
4761 4723
4762 4741
4763 4743
4764 4759
4765 4746
4766 4756
4767 4721
4768 4736
4769 4755
4770 4722
4771 4751
4772 1995
4773 4772
4774 4773
4775 4774
4776 4775
4777 4776
4778 4777
4779 4778
4780 4779
4781 4780
4782 4781
4783 4782
4784 4783
4785 4784
4786 4785
4787 4786
4788 4787
4789 4788
4790 4789
4791 4790
4792 4791
4793 4792
4794 4793
4795 4794
4796 4795
4797 4796
4798 4797
4799 4798
4800 4799
4801 4800
4802 4801
4802 1995
4803 3900
4804 4803
4805 4804
4806 4805
4807 4806
4808 4807
4809 4808
4810 4809
4811 4810
4812 4811
4813 4812
4814 4813
4815 4814
4816 4815
4817 4816
4818 4817
4819 4818
4820 4819
4821 4820
4822 4821
4823 4822
4824 4823
4825 4824
4826 4825
4827 4826
4828 4827
4829 4828
4830 4829
4831 4830
4832 4831
4833 4832
4834 4833
4835 4834
4836 4835
4837 4836
4838 4837
4839 4838
4840 4839
4841 4840
4842 4841
4843 4842
4844 4843
4845 4844
4846 4845
4847 4846
4848 4847
4849 4848
4850 4849
4851 4850
4852 4851
4853 4852
4853 3900
4854 1694
4855 4854
4856 4855
4857 4856
4858 4857
4859 4858
4860 4859
4861 4860
4862 4861
4863 4862
4864 4863
4865 4864
4866 4865
4867 4866
4868 4867
4869 4868
4870 4869
4871 4870
4872 4871
4873 4872
4874 4873
4875 4874
4876 4875
4877 4876
4878 4877
4879 4878
4880 4879
4881 4880
4882 4881
4883 4882
4884 4883
4885 4884
4886 4885
4887 4886
4888 4887
4889 4888
4890 4889
4891 4890
4892 4891
4893 4892
4894 4893
4895 4894
4896 4895
4897 4896
4898 4897
4899 4898
4900 4899
4901 4900
4902 4901
4903 4902
4904 4903
4905 4904
4906 4905
4907 4906
4908 4907
4909 4908
4910 4909
4911 4910
4912 4911
4913 4912
4914 4913
4915 4914
4916 4915
4917 4916
4918 4917
4919 4918
4920 4919
4921 4920
4922 4921
4923 4922
4924 4923
4925 4924
4925 1694
4926 458
4927 4926
4928 4927
4929 4928
4930 4929
4931 4930
4932 4931
4933 4932
4934 4933
4935 4934
4936 4935
4937 4936
4938 4937
4939 4938
4940 4939
4941 4940
4942 4941
4943 4942
4944 4943
4945 4944
4946 4945
4947 4946
4948 4947
4949 4948
4950 4949
4951 4950
4951 458
4952 1013
4953 4952
4954 4953
4955 4954
4956 4955
4957 4956
4958 4957
4959 4958
4960 4959
4961 4960
4962 4961
4963 4962
4964 4963
4965 4964
4966 4965
4967 4966
4968 4967
4969 4968
4970 4969
4971 4970
4972 4971
4973 4972
4974 4973
4975 4974
4976 4975
4977 4976
4978 4977
4979 4978
4980 4979
4981 4980
4982 4981
4983 4982
4984 4983
4985 4984
4986 4985
4987 4986
4988 4987
4989 4988
4990 4989
4991 4990
4992 4991
4993 4992
4994 4993
4995 4994
4996 4995
4997 4996
4998 4997
4999 4998
5000 4999
5001 5000
5002 5001
5003 5002
5004 5003
5005 5004
5006 5005
5007 5006
5008 5007
5009 5008
5010 5009
5011 5010
5012 5011
5013 5012
5014 5013
5015 5014
5016 5015
5017 5016
5018 5017
5019 5018
5020 5019
5021 5020
5022 5021
5023 5022
5024 5023
5024 1013
5025 4231
5026 4231
5027 5026
5028 5025
5029 4231
5030 5025
5031 5026
5032 4231
5033 5029
5034 5025
5035 5028
5036 5035
5037 5030
5038 5026
5039 5034
5040 5039
5041 5039
5042 5032
5043 5031
5044 5039
5045 5030
5046 5042
5047 5035
5048 5044
5049 5037
5050 5043
5051 5046
5052 5030
5053 5038
5054 4231
5055 4231
5056 5041
5057 5052
5058 5031
5059 5051
5060 5044
5061 5060
5062 5059
5063 5062
5064 5053
5065 5052
5066 5038
5067 5066
5068 5031
5069 5033
5070 5025
5071 4231
5072 5059
5073 5043
5074 5066
5075 5041
5076 5064
5077 5058
5078 4231
5079 5069
5080 5027
5081 5046
5082 5072
5083 5075
5084 5043
5085 5046
5086 5061
5087 5055
5088 5054
5089 5073
5090 5080
5091 5034
5092 5042
5093 5085
5094 5048
5095 5038
5096 5037
5097 5084
5098 5085
5099 5061
5100 5078
5101 5051
5102 5079
5103 5099
5104 5049
5105 5033
5106 5048
5107 5089
5108 5031
5109 5071
5110 5103
5111 2951
5112 2951
5113 5112
5114 2951
5115 5112
5116 5115
5117 5111
5118 5112
5119 5113
5120 5114
5121 5114
5122 5114
5123 5111
5124 2951
5125 2951
5126 5114
5127 5124
5128 5125
5129 5115
5130 3821
5131 5130
5132 5131
5133 5131
5134 5130
5135 3821
5136 5131
5137 5131
5138 5136
5139 5138
5140 5130
5141 5138
5142 5130
5143 5134
5144 5134
5145 5139
5146 5133
5147 5146
5148 5142
5149 5133
5150 5135
5151 5149
5152 3821
5153 5149
5154 5135
5155 5147
5156 5153
5157 5152
5158 3821
5159 5151
5160 5155
5161 5146
5162 5158
5163 5162
5164 5148
5165 5134
5166 5135
5167 5153
5168 5149
5169 5131
5170 5153
5171 5163
5172 5155
5173 5172
5174 5156
5175 5174
5176 5146
5177 5137
5178 5143
5179 5147
5180 5142
5181 5176
5182 5177
5183 5130
5184 5137
5185 5165
5186 5172
5187 5130
5188 5157
5189 5151
5190 5142
5191 5171
5192 5170
5193 2480
5194 5193
5195 5194
5196 5195
5197 5196
5198 5197
5199 5198
5200 5199
5201 5200
5202 5201
5203 5202
5204 5203
5205 5204
5206 5205
5207 5206
5208 5207
5209 5208
5210 5209
5211 5210
5212 5211
5213 5212
5214 5213
5215 5214
5216 5215
5217 5216
5218 5217
5219 5218
5220 5219
5221 5220
5222 5221
5223 5222
5224 5223
5225 5224
5226 5225
5227 5226
5228 5227
5229 5228
5230 5229
5231 5230
5232 5231
5233 5232
5234 5233
5235 5234
5236 5235
5237 5236
5238 5237
5239 5238
5240 5239
5241 5240
5242 5241
5243 5242
5244 5243
5245 5244
5246 5245
5247 5246
5248 5247
5249 5248
5250 5249
5251 5250
5252 5251
5252 2480
5253 3815
5254 5253
5255 5254
5256 5255
5257 5256
5258 5257
5259 5258
5260 5259
5261 5260
5262 5261
5263 5262
5264 5263
5265 5264
5266 5265
5267 5266
5268 5267
5269 5268
5270 5269
5271 5270
5272 5271
5273 5272
5274 5273
5275 5274
5276 5275
5277 5276
5278 5277
5279 5278
5280 5279
5281 5280
5282 5281
5283 5282
5284 5283
5285 5284
5286 5285
5287 5286
5288 5287
5289 5288
5290 5289
5291 5290
5292 5291
5293 5292
5294 5293
5295 5294
5296 5295
5297 5296
5298 5297
5299 5298
5300 5299
5301 5300
5302 5301
5303 5302
5304 5303
5305 5304
5306 5305
5307 5306
5308 5307
5309 5308
5310 5309
5311 5310
5312 5311
5313 5312
5314 5313
5315 5314
5316 5315
5317 5316
5318 5317
5319 5318
5320 5319
5321 5320
5322 5321
5323 5322
5324 5323
5325 5324
5326 5325
5327 5326
5328 5327
5329 5328
5330 5329
5331 5330
5332 5331
5333 5332
5334 5333
5335 5334
5336 5335
5337 5336
5338 5337
5339 5338
5340 5339
5341 5340
5342 5341
5343 5342
5344 5343
5345 5344
5346 5345
5347 5346
5348 5347
5349 5348
5350 5349
5350 3815
5351 1729
5352 5351
5353 5352
5354 5353
5355 5354
5356 5355
5357 5356
5358 5357
5359 5358
5360 5359
5361 5360
5362 5361
5363 5362
5364 5363
5365 5364
5366 5365
5367 5366
5368 5367
5369 5368
5370 5369
5371 5370
5372 5371
5373 5372
5374 5373
5375 5374
5376 5375
5377 5376
5378 5377
5379 5378
5380 5379
5381 5380
5382 5381
5383 5382
5384 5383
5385 5384
5386 5385
5387 5386
5388 5387
5389 5388
5390 5389
5391 5390
5392 5391
5393 5392
5394 5393
5395 5394
5396 5395
5397 5396
5398 5397
5399 5398
5400 5399
5401 5400
5402 5401
5403 5402
5404 5403
5405 5404
5406 5405
5407 5406
5408 5407
5409 5408
5410 5409
5411 5410
5412 5411
5413 5412
5414 5413
5415 5414
5416 5415
5417 5416
5418 5417
5419 5418
5420 5419
5421 5420
5422 5421
5423 5422
5424 5423
5425 5424
5426 5425
5426 1729
5427 1412
5428 1412
5429 5427
5430 5429
5431 5430
5432 5429
5433 5427
5434 5429
5435 5433
5436 5433
5437 5433
5438 5433
5439 5434
5440 5430
5441 1412
5442 5431
5443 5427
5444 5440
5445 5436
5446 5440
5447 5439
5448 5437
5449 5427
5450 5434
5451 5447
5452 5437
5453 5452
5454 5444
5455 5448
5456 5437
5457 5436
5458 5456
5459 5438
5460 5451
5461 5442
5462 5428
5463 5454
5464 5434
5465 5451
5466 5450
5467 5428
5468 5466
5469 5459
5470 5448
5471 5456
5472 5443
5473 5472
5474 5449
5475 5465
5476 5462
5477 5475
5478 5434
5479 5459
5480 5448
5481 5443
5482 5462
5483 5474
5484 5444
5485 5432
5486 5446
5487 5432
5488 5427
5489 5470
5490 5465
5491 5470
5492 5443
5493 5450
5494 5466
5495 5476
5496 5463
5497 5463
5498 5429
5499 5488
5500 5456
5501 5439
5502 5449
5503 5483
5504 5501
5505 5475
5506 5433
5507 5471
5508 1298
5509 5508
5510 5509
5511 5510
5512 5511
5513 5512
5514 5513
5515 5514
5516 5515
5517 5516
5518 5517
5519 5518
5520 5519
5521 5520
5522 5521
5523 5522
5524 5523
5525 5524
5526 5525
5527 5526
5528 5527
5529 5528
5529 1298
5530 2800
5531 5530
5532 5531
5533 5532
5534 5533
5535 5534
5536 5535
5537 5536
5538 5537
5539 5538
5540 5539
5541 5540
5541 2800
5542 3780
5543 5542
5544 5543
5545 5543
5546 5542
5547 5546
5548 5547
5549 5545
5550 5542
5551 3780
5552 5550
5553 5548
5554 5550
5555 5551
5556 5542
5557 5556
5558 5549
5559 5552
5560 5551
5561 5549
5562 5550
5563 5543
5564 5549
5565 5556
5566 5551
5567 5549
5568 5563
5569 5559
5570 5556
5571 5554
5572 3780
5573 5561
5574 5563
5575 5574
5576 5572
5577 5575
5578 5570
5579 5567
5580 5579
5581 5564
5582 5563
5583 5545
5584 5573
5585 5558
5586 5575
5587 5549
5588 5585
5589 5558
5590 5554
5591 5548
5592 5547
5593 5584
5594 5549
5595 5593
5596 5548
5597 5593
5598 5564
5599 5590
5600 5578
5601 5544
5602 5591
5603 5593
5604 5592
5605 5590
5606 5548
5607 5562
5608 5560
5609 5549
5610 5555
5611 5602
5612 5579
5613 5557
5614 5547
5615 1094
5616 5615
5617 5615
5618 5616
5619 5615
5620 1094
5621 5615
5622 5620
5623 5617
5624 5617
5625 5620
5626 5623
5627 5616
5628 5622
5629 5621
5630 5621
5631 5628
5632 5618
5633 5632
5634 5629
5635 5627
5636 5622
5637 5618
5638 5620
5639 5638
5640 5631
5641 5624
5642 5623
5643 5638
5644 5637
5645 5625
5646 5637
5647 5628
5648 5639
5649 5635
5650 5626
5651 5649
5652 5650
5653 5615
5654 5631
5655 5625
5656 5631
5657 1094
5658 5644
5659 5649
5660 5646
5661 5645
5662 5644
5663 5620
5664 5659
5665 1094
5666 5636
5667 5623
5668 5634
5669 5637
5670 5661
5671 5645
5672 5662
5673 5652
5674 5673
5675 5638
5676 5656
5677 5637
5678 5666
5679 5630
5680 5671
5681 5626
5682 5615
5683 5653
5684 5633
5685 5664
5686 5629
5687 1094
5688 5637
5689 5632
5690 5655
5691 5688
5692 5621
5693 5641
5694 5646
5695 5663
5696 5619
5697 5634
5698 5630
5699 5691
5700 5632
5701 5616
5702 5695
5703 5642
5704 5651
5705 5616
5706 5681
5707 5615
5708 5617
5709 5658
5710 5689
5711 31
5712 5711
5713 5712
5714 5713
5715 5714
5716 5715
5717 5716
5718 5717
5719 5718
5720 5719
5721 5720
5722 5721
5723 5722
5724 5723
5725 5724
5726 5725
5727 5726
5728 5727
5729 5728
5730 5729
5731 5730
5731 31
5732 5260
5733 5260
5734 5260
5735 5260
5736 5260
5737 5733
5738 5737
5739 5738
5740 5737
5741 5737
5742 5733
5743 5736
5744 5736
5745 5743
5746 5743
5747 5736
5748 5734
5749 5735
5750 5732
5751 5743
5752 5740
5753 5735
5754 5737
5755 5736
5756 5746
5757 5735
5758 5753
5759 5732
5760 5749
5761 5755
5762 5745
5763 5754
5764 5757
5765 5756
5766 5741
5767 5732
5768 5750
5769 5757
5770 5733
5771 5745
5772 5737
5773 5749
5774 5756
5775 5765
5776 5742
5777 5768
5778 5769
5779 5772
5780 5762
5781 5771
5782 5762
5783 5767
5784 5780
5785 5770
5786 5740
5787 5765
5788 5768
5789 5746
5790 5788
5791 5740
5792 5742
5793 5739
5794 5766
5795 5781
5796 5740
5797 5767
5798 5766
5799 5756
5800 5793
5801 5737
5802 5764
5803 5757
5804 5769
5805 5783
5806 5732
5807 5784
5808 5743
5809 5754
5810 5742
5811 5774
5812 5770
5813 5788
5814 5766
5815 5814
5816 5800
5817 5763
5818 5806
5819 5817
5820 5818
5821 5796
5822 5799
5823 1780
5824 5823
5825 1780
5826 1780
5827 5823
5828 5826
5829 5823
5830 5829
5831 5824
5832 5830
5833 5824
5834 5832
5835 5830
5836 5828
5837 5823
5838 5833
5839 5825
5840 5824
5841 5837
5842 5838
5843 5823
5844 5825
5845 5825
5846 5842
5847 5834
5848 5827
5849 5827
5850 1780
5851 5829
5852 5835
5853 5830
5854 5842
5855 5829
5856 5837
5857 5853
5858 5834
5859 5849
5860 5857
5861 5836
5862 5825
5863 5839
5864 5827
5865 5858
5866 5849
5867 5823
5868 5836
5869 5833
5870 5848
5871 5845
5872 5825
5873 5871
5874 5845
5875 5855
5876 5824
5877 5861
5878 5841
5879 5836
5880 5859
5881 5829
5882 5831
5883 5837
5884 5862
5885 5870
5886 5828
5887 5846
5888 5842
5889 5863
5890 5852
5891 5885
5892 5841
5893 5834
5894 5859
5895 5883
5896 5824
5897 5853
5898 5836
5899 5876
5900 5859
5901 5856
5902 1780
5903 5855
5904 5831
5905 1780
5906 5882
5907 5839
5908 5877
5909 5878
5910 5855
5911 5900
5912 5891
5913 5863
5914 3337
5915 3337
5916 5914
5917 5916
5918 5917
5919 3337
5920 5918
5921 5919
5922 5917
5923 5915
5924 5915
5925 5923
5926 5914
5927 5918
5928 5921
5929 5917
5930 5918
5931 4965
5932 5931
5933 5932
5934 5933
5935 5934
5936 5935
5937 5936
5938 5937
5939 5938
5940 5939
5941 5940
5942 5941
5943 5942
5944 5943
5945 5944
5946 5945
5947 5946
5948 5947
5949 5948
5950 5949
5951 5950
5952 5951
5953 5952
5954 5953
5955 5954
5956 5955
5957 5956
5958 5957
5959 5958
5960 5959
5961 5960
5962 5961
5963 5962
5964 5963
5965 5964
5966 5965
5967 5966
5968 5967
5969 5968
5970 5969
5971 5970
5972 5971
5973 5972
5974 5973
5975 5974
5976 5975
5977 5976
5978 5977
5979 5978
5980 5979
5981 5980
5982 5981
5983 5982
5984 5983
5985 5984
5986 5985
5987 5986
5988 5987
5989 5988
5990 5989
5991 5990
5992 5991
5993 5992
5994 5993
5995 5994
5996 5995
5997 5996
5998 5997
5999 5998
6000 5999
6001 6000
6002 6001
6003 6002
6004 6003
6005 6004
6006 6005
6007 6006
6008 6007
6009 6008
6010 6009
6011 6010
6012 6011
6013 6012
6014 6013
6015 6014
6016 6015
6017 6016
6018 6017
6018 4965
6019 491
6020 6019
6021 6020
6022 6020
6023 6020
6024 491
6025 491
6026 6019
6027 6024
6028 6026
6029 6024
6030 6019
6031 6022
6032 6026
6033 6027
6034 6022
6035 6024
6036 6026
6037 6036
6038 6032
6039 6021
6040 6035
6041 6033
6042 6036
6043 6027
6044 6036
6045 6037
6046 491
6047 6029
6048 6038
6049 6032
6050 6032
6051 6040
6052 1855
6053 6052
6054 6053
6055 6054
6056 6055
6057 6056
6058 6057
6058 1855
6059 6045
6060 6059
6061 6060
6062 6060
6063 6059
6064 6062
6065 6062
6066 6064
6067 6066
6068 6045
6069 6061
6070 6064
6071 6062
6072 6064
6073 6068
6074 6062
6075 6063
6076 6061
6077 6060
6078 6061
6079 6069
6080 6075
6081 6077
6082 6070
6083 6066
6084 6069
6085 6069
6086 6084
6087 6078
6088 6061
6089 6060
6090 6088
6091 6072
6092 6081
6093 6064
6094 6078
6095 6085
6096 6076
6097 6095
6098 6070
6099 6068
6100 6099
6101 6091
6102 6093
6103 6091
6104 6090
6105 6062
6106 6097
6107 6071
6108 6102
6109 6068
6110 6092
6111 6077
6112 6071
6113 6097
6114 6089
6115 6084
6116 6069
6117 6099
6118 6110
6119 6089
6120 6090
6121 6103
6122 6065
6123 6117
6124 6067
6125 6084
6126 6094
6127 6089
6128 6085
6129 1879
6130 6129
6131 6130
6132 6129
6133 6132
6134 6131
6135 6130
6136 6134
6137 6133
6138 6134
6139 6136
6140 1879
6141 6135
6142 6139
6143 6133
6144 6143
6145 6135
6146 6143
6147 6139
6148 6144
6149 6129
6150 6146
6151 6143
6152 6144
6153 6140
6154 1879
6155 6137
6156 6141
6157 6136
6158 6132
6159 6134
6160 6155
6161 1879
6162 6146
6163 6155
6164 6145
6165 6156
6166 6161
6167 6165
6168 6162
6169 6153
6170 6142
6171 6157
6172 6136
6173 6170
6174 6130
6175 6145
6176 6132
6177 6161
6178 6133
6179 6165
6180 6136
6181 6163
6182 6168
6183 6138
6184 6155
6185 6176
6186 6136
6187 6151
6188 6173
6189 6144
6190 6146
6191 6154
6192 6161
6193 6182
6194 6160
6195 6132
6196 6165
6197 6150
6198 6132
6199 6157
6200 6141
6201 6187
6202 6197
6203 6159
6204 6148
6205 1879
6206 6198
6207 6153
6208 6137
6209 6203
6210 6132
6211 6180
6212 6188
6213 6189
6214 6183
6215 6177
6216 6135
6217 6189
6218 6165
6219 6197
6220 984
6221 6220
6222 6221
6223 6221
6224 6221
6225 6221
6226 6223
6227 6224
6228 3002
6229 6228
6230 6229
6231 6230
6232 6228
6233 6230
6234 6228
6235 6232
6236 6232
6237 6229
6238 6237
6239 6228
6240 6230
6241 6239
6242 3002
6243 6231
6244 6243
6245 6229
6246 6231
6247 6242
6248 6238
6249 6237
6250 6248
6251 6246
6252 6238
6253 6236
6254 6234
6255 6254
6256 6253
6257 6233
6258 6250
6259 6230
6260 6242
6261 6241
6262 6244
6263 6260
6264 6236
6265 6248
6266 6243
6267 6262
6268 6242
6269 6234
6270 6243
6271 6267
6272 6243
6273 6267
6274 6256
6275 6248
6276 6240
6277 6265
6278 6260
6279 6261
6280 6229
6281 6243
6282 6241
6283 6238
6284 6257
6285 6248
6286 6257
6287 6239
6288 6284
6289 6254
6290 6266
6291 6280
6292 6273
6293 6253
6294 6249
6295 6257
6296 6268
6297 6261
6298 6250
6299 6262
6300 6261
6301 6233
6302 6272
6303 6265
6304 6300
6305 6301
6306 6234
6307 6283
6308 6236
6309 6281
6310 6237
6311 6295
6312 6295
6313 6264
6314 6309
6315 5654
6316 6315
6317 6316
6318 6317
6319 6318
6320 6319
6321 6320
6322 6321
6323 6322
6324 6323
6325 6324
6326 6325
6327 6326
6328 6327
6329 6328
6330 6329
6331 6330
6332 6331
6333 6332
6334 6333
6335 6334
6336 6335
6337 6336
6338 6337
6339 6338
6340 6339
6341 6340
6342 6341
6343 6342
6344 6343
6345 6344
6345 5654
6346 2522
6347 6346
6348 6347
6349 6348
6350 6349
6351 6350
6352 6351
6353 6352
6354 6353
6355 6354
6356 6355
6357 6356
6358 6357
6359 6358
6360 6359
6361 6360
6362 6361
6363 6362
6364 6363
6365 6364
6366 6365
6367 6366
6368 6367
6369 6368
6370 6369
6371 6370
6372 6371
6373 6372
6374 6373
6375 6374
6376 6375
6377 6376
6378 6377
6379 6378
6380 6379
6381 6380
6382 6381
6383 6382
6384 6383
6385 6384
6386 6385
6387 6386
6388 6387
6389 6388
6390 6389
6391 6390
6392 6391
6393 6392
6394 6393
6395 6394
6396 6395
6397 6396
6398 6397
6399 6398
6400 6399
6401 6400
6402 6401
6403 6402
6404 6403
6405 6404
6406 6405
6407 6406
6408 6407
6409 6408
6410 6409
6411 6410
6412 6411
6413 6412
6414 6413
6415 6414
6416 6415
6417 6416
6418 6417
6419 6418
6420 6419
6421 6420
6422 6421
6423 6422
6424 6423
6425 6424
6426 6425
6427 6426
6428 6427
6429 6428
6430 6429
6431 6430
6432 6431
6432 2522
6433 1056
6434 6433
6435 6434
6436 6435
6437 6436
6438 6437
6439 6438
6440 6439
6441 6440
6442 6441
6443 6442
6444 6443
6445 6444
6446 6445
6447 6446
6448 6447
6449 6448
6450 6449
6451 6450
6452 6451
6453 6452
6454 6453
6455 6454
6456 6455
6457 6456
6458 6457
6459 6458
6460 6459
6461 6460
6462 6461
6463 6462
6464 6463
6465 6464
6466 6465
6467 6466
6468 6467
6469 6468
6470 6469
6471 6470
6472 6471
6473 6472
6474 6473
6475 6474
6476 6475
6477 6476
6478 6477
6479 6478
6480 6479
6481 6480
6482 6481
6483 6482
6484 6483
6485 6484
6486 6485
6487 6486
6488 6487
6489 6488
6490 6489
6491 6490
6492 6491
6493 6492
6494 6493
6495 6494
6496 6495
6497 6496
6498 6497
6499 6498
6500 6499
6501 6500
6502 6501
6503 6502
6504 6503
6505 6504
6506 6505
6507 6506
6508 6507
6509 6508
6510 6509
6510 1056
6511 2050
6512 6511
6513 6512
6514 6513
6515 6514
6516 6515
6517 6516
6518 6517
6519 6518
6520 6519
6521 6520
6522 6521
6523 6522
6524 6523
6525 6524
6526 6525
6527 6526
6528 6527
6529 6528
6530 6529
6531 6530
6532 6531
6533 6532
6534 6533
6535 6534
6536 6535
6537 6536
6538 6537
6539 6538
6540 6539
6541 6540
6542 6541
6543 6542
6544 6543
6545 6544
6546 6545
6547 6546
6548 6547
6549 6548
6550 6549
6551 6550
6552 6551
6553 6552
6554 6553
6555 6554
6556 6555
6557 6556
6558 6557
6559 6558
6559 2050
6560 1624
6561 6560
6562 6561
6563 6562
6564 6563
6565 6564
6566 6565
6567 6566
6568 6567
6569 6568
6570 6569
6571 6570
6572 6571
6573 6572
6574 6573
6575 6574
6576 6575
6577 6576
6578 6577
6579 6578
6580 6579
6581 6580
6582 6581
6583 6582
6584 6583
6585 6584
6586 6585
6587 6586
6588 6587
6589 6588
6590 6589
6591 6590
6592 6591
6593 6592
6594 6593
6595 6594
6596 6595
6597 6596
6598 6597
6599 6598
6600 6599
6601 6600
6602 6601
6603 6602
6604 6603
6605 6604
6606 6605
6607 6606
6607 1624
6608 5740
6609 6608
6610 6609
6611 6610
6612 6611
6613 6612
6614 6613
6614 5740
6615 6389
6616 6615
6617 6616
6618 6615
6619 6615
6620 6615
6621 6616
6622 6389
6623 6621
6624 6620
6625 6618
6626 6621
6627 6617
6628 6619
6629 6627
6630 6628
6631 6619
6632 6630
6633 6631
6634 6631
6635 6623
6636 6628
6637 6630
6638 6635
6639 6618
6640 6630
6641 6623
6642 6639
6643 6642
6644 6623
6645 6627
6646 6628
6647 6622
6648 6633
6649 6628
6650 6629
6651 6635
6652 6642
6653 6647
6654 6615
6655 6650
6656 6643
6657 6649
6658 6389
6659 6389
6660 6645
6661 6619
6662 6639
6663 6635
6664 6641
6665 6651
6666 6660
6667 6618
6668 6631
6669 6636
6670 6619
6671 6389
6672 6667
6673 6636
6674 6643
6675 6625
6676 6646
6677 6668
6678 6638
6679 6651
6680 6656
6681 6671
6682 6673
6683 6676
6684 6640
6685 6650
6686 6647
6687 6644
6688 6619
6689 6660
6690 6678
6691 6640
6692 6659
6693 6673
6694 6632
6695 6667
6696 6675
6697 6693
6698 6647
6699 6693
6700 6651
6701 6644
6702 6634
6703 6389
6704 6655
6705 6677
6706 6698
6707 6699
6708 6639
6709 6675
6710 6630
6711 6660
6712 6655
6713 6701
6714 1471
6715 6714
6716 6715
6717 6716
6718 6717
6719 6718
6720 6719
6721 6720
6722 6721
6723 6722
6724 6723
6725 6724
6726 6725
6727 6726
6728 6727
6729 6728
6730 6729
6731 6730
6732 6731
6733 6732
6734 6733
6735 6734
6736 6735
6737 6736
6738 6737
6739 6738
6740 6739
6741 6740
6742 6741
6743 6742
6744 6743
6745 6744
6746 6745
6747 6746
6748 6747
6749 6748
6750 6749
6751 6750
6752 6751
6753 6752
6754 6753
6755 6754
6756 6755
6757 6756
6758 6757
6759 6758
6760 6759
6761 6760
6762 6761
6763 6762
6764 6763
6765 6764
6766 6765
6767 6766
6768 6767
6769 6768
6770 6769
6771 6770
6772 6771
6773 6772
6774 6773
6775 6774
6776 6775
6776 1471
6777 1245
6778 6777
6779 6778
6780 6779
6781 6780
6782 6781
6783 6782
6784 6783
6785 6784
6786 6785
6787 6786
6788 6787
6789 6788
6790 6789
6791 6790
6792 6791
6793 6792
6794 6793
6795 6794
6796 6795
6797 6796
6798 6797
6799 6798
6800 6799
6801 6800
6802 6801
6803 6802
6804 6803
6805 6804
6806 6805
6807 6806
6808 6807
6809 6808
6810 6809
6811 6810
6812 6811
6813 6812
6814 6813
6815 6814
6816 6815
6817 6816
6818 6817
6819 6818
6820 6819
6821 6820
6822 6821
6823 6822
6824 6823
6825 6824
6826 6825
6827 6826
6828 6827
6829 6828
6830 6829
6831 6830
6832 6831
6833 6832
6834 6833
6835 6834
6836 6835
6837 6836
6838 6837
6839 6838
6840 6839
6841 6840
6842 6841
6843 6842
6844 6843
6845 6844
6846 6845
6847 6846
6848 6847
6848 1245
6849 2556
6850 2556
6851 2556
6852 2556
6853 6850
6854 6851
6855 6853
6856 6849
6857 6850
6858 6853
6859 6853
6860 6859
6861 6856
6862 6856
6863 6858
6864 6862
6865 6849
6866 2556
6867 6849
6868 6862
6869 6853
6870 6865
6871 6864
6872 6866
6873 6860
6874 6854
6875 6850
6876 6852
6877 6862
6878 6877
6879 6869
6880 6879
6881 1798
6882 6881
6883 6882
6884 6883
6885 6884
6886 6885
6887 6886
6888 6887
6889 6888
6890 6889
6891 6890
6892 6891
6893 6892
6894 6893
6895 6894
6896 6895
6897 6896
6898 6897
6899 6898
6900 6899
6901 6900
6902 6901
6903 6902
6904 6903
6905 6904
6906 6905
6906 1798
6907 3413
6908 3413
6909 6908
6910 6908
6911 6908
6912 6908
6913 6909
6914 6912
6915 6910
6916 6914
6917 6915
6918 6912
6919 6910
6920 6917
6921 6907
6922 6917
6923 6919
6924 6921
6925 6908
6926 6910
6927 6907
6928 6916
6929 6922
6930 6924
6931 6912
6932 6920
6933 6914
6934 6922
6935 6919
6936 3348
6937 6936
6938 6937
6939 6938
6940 6939
6941 6940
6942 6941
6943 6942
6944 6943
6945 6944
6946 6945
6947 6946
6948 6947
6949 6948
6949 3348
6950 5122
6951 6950
6952 5122
6953 6951
6954 6952
6955 6951
6956 6952
6957 6953
6958 6955
6959 6957
6960 6956
6961 6953
6962 6951
6963 6951
6964 6954
6965 6952
6966 6960
6967 6961
6968 6952
6969 5122
6970 6967
6971 6951
6972 6961
6973 6960
6974 6960
6975 6963
6976 6962
6977 6976
6978 6962
6979 6950
6980 6953
6981 6980
6982 6981
6983 6973
6984 6970
6985 6979
6986 6975
6987 6965
6988 6961
6989 6956
6990 6970
6991 6983
6992 6956
6993 6971
6994 6985
6995 6964
6996 6971
6997 6977
6998 6990
6999 6959
7000 6990
7001 6996
7002 7000
7003 6984
7004 6868
7005 7004
7006 7005
7007 7006
7008 7007
7009 7008
7010 7009
7011 7010
7012 7011
7013 7012
7014 7013
7015 7014
7016 7015
7017 7016
7018 7017
7019 7018
7020 7019
7021 7020
7022 7021
7023 7022
7024 7023
7025 7024
7026 7025
7027 7026
7028 7027
7029 7028
7030 7029
7031 7030
7032 7031
7033 7032
7034 7033
7035 7034
7036 7035
7037 7036
7038 7037
7039 7038
7040 7039
7041 7040
7042 7041
7043 7042
7043 6868
7044 4656
7045 7044
7046 7044
7047 7046
7048 7047
7049 7045
7050 7047
7051 7045
7052 7045
7053 7048
7054 7045
7055 7045
7056 7051
7057 7056
7058 7055
7059 7056
7060 7055
7061 7058
7062 7059
7063 7050
7064 7055
7065 7062
7066 7055
7067 7052
7068 7062
7069 7056
7070 7046
7071 7064
7072 7068
7073 7066
7074 7060
7075 7059
7076 7056
7077 7053
7078 7044
7079 7073
7080 7055
7081 7049
7082 7051
7083 7077
7084 7072
7085 7057
7086 7047
7087 7046
7088 7076
7089 7072
7090 7079
7091 4656
7092 7053
7093 7061
7094 7057
7095 7072
7096 7044
7097 7076
7098 7090
7099 7062
7100 7081
7101 7095
7102 7047
7103 7063
7104 7063
7105 7103
7106 7059
7107 7080
7108 7060
7109 7098
7110 7092
7111 7109
7112 7103
7113 7064
7114 7065
7115 7064
7116 7054
7117 7112
7118 7048
7119 7095
7120 4656
7121 7117
7122 7121
7123 7082
7124 7115
7125 7090
7126 7084
7127 7106
7128 7117
7129 7079
7130 3570
7131 7130
7132 7131
7133 7130
7134 3570
7135 7131
7136 7132
7137 7135
7138 7136
7139 7131
7140 3570
7141 7140
7142 7132
7143 7135
7144 7132
7145 7144
7146 7132
7147 7143
7148 7133
7149 7131
7150 7142
7151 7130
7152 7144
7153 7138
7154 7132
7155 7134
7156 7136
7157 7152
7158 7149
7159 7138
7160 7143
7161 7134
7162 3570
7163 7133
7164 7159
7165 7164
7166 7137
7167 7157
7168 7157
7169 7150
7170 7155
7171 7165
7172 7153
7173 7157
7174 7170
7175 3570
7176 7135
7177 7171
7178 7135
7179 7152
7180 7164
7181 7158
7182 7135
7183 7132
7184 7182
7185 7182
7186 7150
7187 7149
7188 7153
7189 7158
7190 7167
7191 3570
7192 7184
7193 7135
7194 7131
7195 7163
7196 7132
7197 3570
7198 7159
7199 7182
7200 7189
7201 5552
7202 5552
7203 5552
7204 7203
7205 7204
7206 5552
7207 5552
7208 5552
7209 7208
7210 7201
7211 7205
7212 7207
7213 7203
7214 7205
7215 7206
7216 7211
7217 7207
7218 7204
7219 7206
7220 7217
7221 7212
7222 7220
7223 7206
7224 7217
7225 7213
7226 7219
7227 7202
7228 7223
7229 7219
7230 5552
7231 7206
7232 7219
7233 5552
7234 7215
7235 7233
7236 7212
7237 7213
7238 7237
7239 7221
7240 7225
7241 7204
7242 7235
7243 5552
7244 7231
7245 7202
7246 7225
7247 7230
7248 7212
7249 7227
7250 7235
7251 7225
7252 7232
7253 5552
7254 7242
7255 335
7256 7255
7257 335
7258 7256
7259 7255
7260 7258
7261 7260
7262 7259
7263 7262
7264 7258
7265 7262
7266 7256
7267 335
7268 7257
7269 335
7270 7260
7271 7265
7272 7259
7273 7266
7274 7269
7275 7268
7276 7268
7277 7274
7278 7262
7279 7262
7280 7275
7281 740
7282 7281
7283 7282
7284 7282
7285 7282
7286 740
7287 7286
7288 740
7289 7281
7290 7281
7291 7286
7292 7283
7293 7282
7294 7291
7295 7290
7296 7286
7297 7285
7298 7286
7299 7295
7300 7295
7301 7298
7302 7284
7303 7293
7304 7296
7305 7303
7306 740
7307 7291
7308 7287
7309 7299
7310 7289
7311 7289
7312 7285
7313 7304
7314 7294
7315 7298
7316 7282
7317 7287
7318 740
7319 7304
7320 7312
7321 7293
7322 7287
7323 7318
7324 7311
7325 7298
7326 7303
7327 7299
7328 7320
7329 7298
7330 7300
7331 467
7332 7331
7333 7332
7334 7333
7335 7334
7336 7335
7337 7336
7338 7337
7339 7338
7340 7339
7341 7340
7342 7341
7343 7342
7344 7343
7345 7344
7346 7345
7347 7346
7348 7347
7349 7348
7350 7349
7351 7350
7352 7351
7353 7352
7354 7353
7355 7354
7356 7355
7357 7356
7358 7357
7359 7358
7360 7359
7361 7360
7362 7361
7363 7362
7364 7363
7365 7364
7366 7365
7367 7366
7368 7367
7369 7368
7370 7369
7371 7370
7372 7371
7373 7372
7374 7373
7374 467
7375 1930
7376 7375
7377 1930
7378 7377
7379 7377
7380 7379
7381 7378
7382 7380
7383 7379
7384 7376
7385 7378
7386 7380
7387 7384
7388 7375
7389 7384
7390 7383
7391 7384
7392 7388
7393 7382
7394 7379
7395 7383
7396 7387
7397 7382
7398 7379
7399 7384
7400 7398
7401 7380
7402 7385
7403 7395
7404 7389
7405 7380
7406 7403
7407 7383
7408 7376
7409 7376
7410 7402
7411 7378
7412 7390
7413 7393
7414 7381
7415 7383
7416 7380
7417 7409
7418 7406
7419 7406
7420 7385
7421 7417
7422 7420
7423 7403
7424 7411
7425 7382
7426 7384
7427 7377
7428 7393
7429 7386
7430 7416
7431 7385
7432 7397
7433 7419
7434 3725
7435 3725
7436 3725
7437 3725
7438 7434
7439 7435
7440 7437
7441 7440
7442 3725
7443 7434
7444 7438
7445 7435
7446 7442
7447 7435
7448 7437
7449 7434
7450 7447
7451 7442
7452 7438
7453 7434
7454 7434
7455 7438
7456 7448
7457 7445
7458 7445
7459 7453
7460 7440
7461 7434
7462 7439
7463 7461
7464 7446
7465 7434
7466 7461
7467 7464
7468 7465
7469 7460
7470 7450
7471 7434
7472 7457
7473 7434
7474 7457
7475 7436
7476 7459
7477 7449
7478 7438
7479 7445
7480 7434
7481 7461
7482 7437
7483 7462
7484 7472
7485 7475
7486 7451
7487 7473
7488 7486
7489 7470
7490 7449
7491 7455
7492 7473
7493 7439
7494 7468
7495 7444
7496 6069
7497 6069
7498 6069
7499 7496
7500 7496
7501 7498
7502 7498
7503 6069
7504 6069
7505 7504
7506 7497
7507 7505
7508 6069
7509 7500
7510 6069
7511 7506
7512 7511
7513 7511
7514 7498
7515 7496
7516 7509
7517 7511
7518 7503
7519 7506
7520 7515
7521 7510
7522 7506
7523 7500
7524 7522
7525 7522
7526 7521
7527 7505
7528 7511
7529 7503
7530 7516
7531 7518
7532 7515
7533 7528
7534 7505
7535 7534
7536 7531
7537 7498
7538 7533
7539 7525
7540 7538
7541 7520
7542 7512
7543 7532
7544 7543
7545 7518
7546 7537
7547 7504
7548 7514
7549 7539
7550 959
7551 7550
7552 7551
7553 7552
7554 7553
7555 7554
7556 7555
7557 7556
7558 7557
7559 7558
7560 7559
7561 7560
7562 7561
7563 7562
7564 7563
7565 7564
7566 7565
7567 7566
7568 7567
7569 7568
7570 7569
7571 7570
7572 7571
7573 7572
7573 959
7574 3754
7575 3754
7576 7575
7577 7576
7578 7576
7579 7574
7580 3754
7581 7579
7582 7577
7583 7578
7584 7578
7585 7576
7586 7585
7587 7578
7588 7190
7589 7588
7590 7589
7591 7590
7592 7591
7593 7592
7594 7593
7595 7594
7596 7595
7597 7596
7598 7597
7599 7598
7600 7599
7601 7600
7602 7601
7602 7190
7603 4253
7604 4253
7605 7603
7606 7604
7607 7604
7608 7605
7609 7607
7610 7605
7611 7607
7612 7603
7613 7611
7614 7605
7615 7611
7616 7612
7617 7611
7618 7603
7619 7605
7620 7608
7621 7611
7622 7615
7623 4253
7624 7617
7625 7618
7626 7608
7627 7614
7628 7608
7629 7620
7630 7616
7631 7604
7632 7613
7633 7620
7634 7612
7635 7630
7636 7633
7637 7613
7638 7621
7639 7630
7640 7633
7641 7618
7642 7632
7643 7612
7644 7632
7645 7620
7646 7606
7647 7633
7648 7610
7649 7610
7650 7637
7651 7611
7652 7625
7653 7641
7654 7613
7655 7632
7656 7651
7657 7646
7658 7612
7659 7620
7660 7638
7661 7652
7662 7659
7663 7640
7664 7608
7665 7606
7666 7607
7667 7622
7668 7660
7669 7662
7670 7669
7671 4253
7672 7650
7673 7663
7674 7630
7675 7636
7676 7623
7677 7638
7678 7656
7679 7650
7680 7659
7681 7652
7682 7675
7683 7667
7684 7644
7685 7644
7686 7632
7687 7666
7688 7686
7689 7623
7690 7621
7691 7661
7692 7616
7693 7656
7694 7659
7695 4680
7696 7695
7697 4680
7698 7695
7699 7695
7700 7695
7701 7696
7702 7696
7703 7702
7704 7700
7705 7699
7706 7700
7707 7695
7708 7703
7709 4680
7710 7700
7711 7706
7712 7701
7713 7712
7714 4680
7715 7704
7716 7709
7717 7700
7718 7700
7719 7700
7720 7709
7721 4680
7722 7709
7723 7697
7724 4680
7725 7714
7726 5784
7727 7726
7728 7727
7728 5784
7729 6474
7730 7729
7731 6474
7732 6474
7733 6474
7734 7733
7735 7730
7736 7731
7737 7736
7738 7736
7739 6474
7740 7734
7741 7736
7742 7740
7743 1840
7744 7743
7745 7744
7746 7745
7747 7746
7748 7747
7749 7748
7750 7749
7751 7750
7752 7751
7753 7752
7754 7753
7755 7754
7756 7755
7757 7756
7758 7757
7759 7758
7760 7759
7761 7760
7762 7761
7763 7762
7764 7763
7765 7764
7766 7765
7767 7766
7768 7767
7769 7768
7770 7769
7771 7770
7772 7771
7773 7772
7774 7773
7775 7774
7776 7775
7777 7776
7778 7777
7779 7778
7780 7779
7781 7780
7782 7781
7783 7782
7784 7783
7785 7784
7786 7785
7787 7786
7788 7787
7789 7788
7790 7789
7790 1840
7791 60
7792 7791
7793 7792
7794 7793
7795 7794
7796 7795
7797 7796
7798 7797
7799 7798
7800 7799
7801 7800
7802 7801
7803 7802
7804 7803
7805 7804
7806 7805
7807 7806
7808 7807
7809 7808
7810 7809
7811 7810
7812 7811
7813 7812
7814 7813
7815 7814
7816 7815
7817 7816
7818 7817
7819 7818
7820 7819
7821 7820
7822 7821
7823 7822
7824 7823
7825 7824
7826 7825
7827 7826
7828 7827
7829 7828
7830 7829
7831 7830
7832 7831
7833 7832
7834 7833
7835 7834
7836 7835
7837 7836
7838 7837
7839 7838
7840 7839
7841 7840
7842 7841
7843 7842
7844 7843
7845 7844
7846 7845
7847 7846
7848 7847
7849 7848
7850 7849
7851 7850
7852 7851
7853 7852
7854 7853
7855 7854
7856 7855
7857 7856
7858 7857
7859 7858
7860 7859
7861 7860
7862 7861
7863 7862
7864 7863
7865 7864
7866 7865
7867 7866
7868 7867
7869 7868
7870 7869
7871 7870
7872 7871
7873 7872
7873 60
7874 3531
7875 3531
7876 7875
7877 3531
7878 7874
7879 7874
7880 7878
7881 7875
7882 3531
7883 7882
7884 7875
7885 7878
7886 3531
7887 7885
7888 7882
7889 7881
7890 7888
7891 3531
7892 7886
7893 7877
7894 7881
7895 7877
7896 7894
7897 7877
7898 7889
7899 7877
7900 7875
7901 7890
7902 7884
7903 7883
7904 1393
7905 7904
7906 7905
7907 7906
7908 7907
7909 7908
7910 7909
7911 7910
7912 7911
7913 7912
7914 7913
7915 7914
7916 7915
7917 7916
7918 7917
7919 7918
7920 7919
7921 7920
7921 1393
7922 4645
7923 7922
7924 7923
7925 7924
7926 7925
7927 7926
7928 7927
7928 4645
7929 4564
7930 7929
7931 7929
7932 4564
7933 7931
7934 7929
7935 7930
7936 7935
7937 7933
7938 7933
7939 7931
7940 7930
7941 7931
7942 7932
7943 7929
7944 7942
7945 7938
7946 7932
7947 7936
7948 7932
7949 7934
7950 7932
7951 7937
7952 7930
7953 7940
7954 7950
7955 7946
7956 7931
7957 7939
7958 7944
7959 7949
7960 7954
7961 7946
7962 7951
7963 7932
7964 7960
7965 7964
7966 7951
7967 7934
7968 7937
7969 7929
7970 7969
7971 7953
7972 7931
7973 7939
7974 7970
7975 7940
7976 7975
7977 7940
7978 7968
7979 7951
7980 7978
7981 7963
7982 7974
7983 7946
7984 7981
7985 7965
7986 7954
7987 7934
7988 7962
7989 7965
7990 4106
7991 7990
7992 7991
7993 7990
7994 1696
7995 7994
7996 7995
7997 7996
7998 7997
7999 7998
8000 7999
8001 8000
8002 8001
8003 8002
8004 8003
8005 8004
8006 8005
8007 8006
8008 8007
8009 8008
8010 8009
8011 8010
8012 8011
8013 8012
8014 8013
8015 8014
8016 8015
8017 8016
8018 8017
8019 8018
8020 8019
8021 8020
8022 8021
8023 8022
8024 8023
8025 8024
8026 8025
8027 8026
8028 8027
8029 8028
8030 8029
8031 8030
8032 8031
8033 8032
8034 8033
8035 8034
8036 8035
8037 8036
8038 8037
8039 8038
8040 8039
8041 8040
8042 8041
8043 8042
8044 8043
8045 8044
8046 8045
8047 8046
8048 8047
8049 8048
8050 8049
8051 8050
8052 8051
8053 8052
8054 8053
8055 8054
8056 8055
8057 8056
8058 8057
8059 8058
8060 8059
8061 8060
8062 8061
8063 8062
8064 8063
8065 8064
8066 8065
8067 8066
8068 8067
8069 8068
8070 8069
8071 8070
8072 8071
8073 8072
8073 1696
8074 7947
8075 8074
8076 8074
8077 8076
8078 8076
8079 8074
8080 8079
8081 8077
8082 8074
8083 8081
8084 8077
8085 8077
8086 8083
8087 8078
8088 7947
8089 8077
8090 8078
8091 8079
8092 8085
8093 8083
8094 8088
8095 8088
8096 8081
8097 8094
8098 8089
8099 8085
8100 8076
8101 8085
8102 8090
8103 8077
8104 8075
8105 8081
8106 8094
8107 8078
8108 8100
8109 8102
8110 8085
8111 8095
8112 8086
8113 8078
8114 8085
8115 8093
8116 8075
8117 8083
8118 8076
8119 8106
8120 8092
8121 8080
8122 8114
8123 8105
8124 8088
8125 8075
8126 8088
8127 8114
8128 8075
8129 8078
8130 8112
8131 8103
8132 8104
8133 8101
8134 8079
8135 8114
8136 8095
8137 8129
8138 8099
8139 8133
8140 8132
8141 8093
8142 8137
8143 8092
8144 8081
8145 8140
8146 8101
8147 8107
8148 8147
8149 8140
8150 8100
8151 127
8152 8151
8153 127
8154 8153
8155 8153
8156 8151
8157 8153
8158 8155
8159 8151
8160 8158
8161 8151
8162 8153
8163 8151
8164 8162
8165 8153
8166 127
8167 8158
8168 6308
8169 6308
8170 8169
8171 8170
8172 6308
8173 6308
8174 6308
8175 8172
8176 8174
8177 8170
8178 8176
8179 8176
8180 8170
8181 8177
8182 8173
8183 6308
8184 8180
8185 8177
8186 8174
8187 8171
8188 8172
8189 8181
8190 8177
8191 6308
8192 8170
8193 8184
8194 8190
8195 8194
8196 8193
8197 8192
8198 8197
8199 8197
8200 8192
8201 8170
8202 8175
8203 8185
8204 8190
8205 8181
8206 8203
8207 8194
8208 8198
8209 8205
8210 8181
8211 8174
8212 8183
8213 8188
8214 8206
8215 8206
8216 8203
8217 8216
8218 8212
8219 8180
8220 8181
8221 6352
8222 8221
8223 8222
8224 8223
8225 8224
8226 8225
8227 8226
8228 8227
8229 8228
8230 8229
8231 8230
8232 8231
8233 8232
8234 8233
8235 8234
8236 8235
8237 8236
8238 8237
8239 8238
8240 8239
8241 8240
8242 8241
8243 8242
8244 8243
8245 8244
8246 8245
8247 8246
8248 8247
8249 8248
8250 8249
8251 8250
8252 8251
8253 8252
8254 8253
8255 8254
8256 8255
8257 8256
8258 8257
8259 8258
8260 8259
8261 8260
8262 8261
8263 8262
8264 8263
8265 8264
8266 8265
8267 8266
8268 8267
8269 8268
8270 8269
8271 8270
8272 8271
8272 6352
8273 399
8274 8273
8275 8274
8276 8275
8277 8276
8278 8277
8279 8278
8280 8279
8281 8280
8282 8281
8283 8282
8284 8283
8285 8284
8286 8285
8287 8286
8288 8287
8289 8288
8290 8289
8291 8290
8292 8291
8293 8292
8294 8293
8295 8294
8296 8295
8297 8296
8298 8297
8299 8298
8300 8299
8301 8300
8302 8301
8303 8302
8304 8303
8305 8304
8306 8305
8307 8306
8308 8307
8309 8308
8310 8309
8311 8310
8312 8311
8313 8312
8314 8313
8315 8314
8316 8315
8317 8316
8318 8317
8319 8318
8320 8319
8321 8320
8322 8321
8323 8322
8324 8323
8325 8324
8326 8325
8327 8326
8328 8327
8329 8328
8330 8329
8331 8330
8332 8331
8333 8332
8334 8333
8335 8334
8336 8335
8337 8336
8338 8337
8339 8338
8340 8339
8341 8340
8342 8341
8343 8342
8344 8343
8345 8344
8346 8345
8347 8346
8348 8347
8349 8348
8350 8349
8351 8350
8352 8351
8353 8352
8354 8353
8355 8354
8356 8355
8357 8356
8358 8357
8359 8358
8360 8359
8360 399
8361 782
8362 782
8363 8362
8364 782
8365 8363
8366 8365
8367 8362
8368 8363
8369 8361
8370 782
8371 782
8372 8369
8373 8362
8374 8363
8375 8363
8376 8365
8377 8373
8378 8377
8379 8363
8380 8369
8381 8361
8382 8379
8383 8368
8384 8379
8385 8368
8386 8370
8387 8368
8388 8366
8389 8383
8390 8385
8391 8382
8392 8389
8393 8385
8394 8388
8395 8379
8396 8388
8397 8396
8398 8379
8399 8380
8400 8373
8401 8378
8402 8394
8403 8401
8404 8400
8405 8382
8406 8373
8407 8401
8408 8372
8409 8373
8410 8405
8411 8386
8412 8408
8413 8377
8414 8389
8415 8368
8416 8410
8417 8362
8418 8391
8419 8370
8420 8396
8421 8383
8422 8371
8423 8374
8424 8418
8425 8368
8426 8391
8427 8385
8428 8421
8429 8383
8430 8387
8431 8374
8432 8419
8433 8376
8434 8369
8435 8431
8436 8412
8437 8410
8438 8437
8439 8434
8440 8423
8441 8395
8442 8410
8443 8404
8444 8395
8445 8395
8446 8411
8447 8377
8448 8366
8449 8441
8450 6858
8451 8450
8452 8451
8453 8452
8454 8453
8455 8454
8456 8455
8457 8456
8458 8457
8459 8458
8460 8459
8461 8460
8462 8461
8463 8462
8464 8463
8465 8464
8466 8465
8467 8466
8467 6858
8468 2576
8469 2576
8470 8468
8471 8468
8472 8471
8473 8470
8474 2576
8475 8470
8476 8474
8477 8470
8478 8472
8479 8474
8480 8474
8481 8478
8482 2576
8483 8469
8484 8479
8485 8476
8486 8472
8487 8479
8488 8474
8489 8472
8490 8480
8491 8477
8492 8473
8493 8472
8494 8490
8495 8494
8496 8491
8497 8487
8498 8478
8499 8487
8500 8487
8501 8485
8502 8475
8503 8479
8504 8477
8505 8473
8506 8481
8507 8499
8508 8474
8509 8501
8510 8489
8511 8471
8512 8470
8513 8500
8514 8469
8515 2576
8516 8469
8517 8477
8518 8503
8519 8483
8520 8496
8521 8515
8522 8475
8523 8480
8524 8504
8525 8504
8526 8516
8527 8501
8528 8523
8529 8506
8530 8525
8531 8498
8532 8469
8533 8525
8534 8488
8535 8508
8536 8469
8537 8513
8538 8498
8539 8475
8540 8535
8541 8495
8542 8522
8543 8479
8544 8493
8545 8537
8546 8470
8547 8540
8548 8534
8549 8495
8550 8526
8551 7644
8552 8551
8553 8552
8554 8553
8555 8554
8556 8555
8557 8556
8558 8557
8559 8558
8560 8559
8561 8560
8562 8561
8563 8562
8564 8563
8565 8564
8566 8565
8567 8566
8568 8567
8569 8568
8570 8569
8571 8570
8572 8571
8573 8572
8574 8573
8575 8574
8576 8575
8577 8576
8578 8577
8579 8578
8580 8579
8581 8580
8582 8581
8583 8582
8584 8583
8585 8584
8586 8585
8587 8586
8588 8587
8589 8588
8590 8589
8591 8590
8592 8591
8593 8592
8594 8593
8595 8594
8596 8595
8597 8596
8598 8597
8599 8598
8600 8599
8601 8600
8602 8601
8603 8602
8604 8603
8605 8604
8606 8605
8607 8606
8608 8607
8609 8608
8610 8609
8611 8610
8612 8611
8613 8612
8614 8613
8615 8614
8616 8615
8617 8616
8618 8617
8619 8618
8620 8619
8621 8620
8622 8621
8623 8622
8624 8623
8625 8624
8626 8625
8627 8626
8628 8627
8629 8628
8630 8629
8631 8630
8632 8631
8633 8632
8634 8633
8635 8634
8636 8635
8637 8636
8638 8637
8639 8638
8640 8639
8641 8640
8641 7644
8642 8608
8643 8642
8644 8643
8645 8644
8646 8645
8647 8646
8648 8647
8649 8648
8650 8649
8651 8650
8652 8651
8653 8652
8654 8653
8655 8654
8656 8655
8657 8656
8658 8657
8659 8658
8660 8659
8661 8660
8662 8661
8663 8662
8664 8663
8665 8664
8666 8665
8667 8666
8668 8667
8669 8668
8670 8669
8671 8670
8672 8671
8673 8672
8674 8673
8675 8674
8676 8675
8677 8676
8678 8677
8679 8678
8680 8679
8681 8680
8682 8681
8683 8682
8684 8683
8685 8684
8686 8685
8687 8686
8688 8687
8689 8688
8690 8689
8691 8690
8692 8691
8693 8692
8694 8693
8695 8694
8696 8695
8697 8696
8698 8697
8699 8698
8700 8699
8701 8700
8702 8701
8703 8702
8704 8703
8705 8704
8706 8705
8707 8706
8708 8707
8709 8708
8710 8709
8711 8710
8712 8711
8713 8712
8714 8713
8715 8714
8716 8715
8717 8716
8718 8717
8719 8718
8720 8719
8721 8720
8722 8721
8722 8608
8723 5530
8724 5530
8725 8723
8726 5530
8727 5530
8728 8723
8729 8725
8730 8724
8731 5530
8732 8725
8733 5530
8734 8731
8735 8730
8736 8731
8737 8736
8738 8733
8739 8731
8740 8736
8741 8737
8742 8728
8743 8737
8744 8734
8745 8724
8746 8735
8747 8743
8748 8747
8749 8739
8750 8747
8751 8741
8752 8735
8753 8747
8754 8747
8755 8727
8756 8729
8757 8724
8758 8741
8759 8750
8760 8742
8761 8753
8762 8747
8763 5530
8764 8761
8765 8726
8766 8739
8767 8749
8768 8734
8769 8760
8770 8759
8771 8735
8772 8767
8773 8756
8774 8750
8775 8766
8776 8736
8777 8760
8778 8761
8779 8763
8780 8774
8781 8741
8782 8743
8783 8772
8784 8748
8785 8780
8786 8761
8787 8770
8788 8743
8789 8761
8790 8726
8791 8728
8792 8791
8793 8779
8794 8753
8795 8744
8796 237
8797 8796
8798 8797
8799 8798
8800 8799
8801 8800
8802 8801
8803 8802
8804 8803
8805 8804
8806 8805
8807 8806
8808 8807
8809 8808
8810 8809
8811 8810
8812 8811
8813 8812
8814 8813
8815 8814
8816 8815
8817 8816
8818 8817
8819 8818
8820 8819
8821 8820
8822 8821
8823 8822
8824 8823
8825 8824
8826 8825
8827 8826
8828 8827
8829 8828
8830 8829
8831 8830
8832 8831
8833 8832
8834 8833
8835 8834
8836 8835
8837 8836
8838 8837
8839 8838
8840 8839
8841 8840
8842 8841
8843 8842
8844 8843
8845 8844
8846 8845
8847 8846
8848 8847
8849 8848
8850 8849
8851 8850
8852 8851
8853 8852
8854 8853
8855 8854
8856 8855
8857 8856
8858 8857
8859 8858
8860 8859
8861 8860
8862 8861
8863 8862
8864 8863
8865 8864
8866 8865
8867 8866
8867 237
8868 1534
8869 8868
8870 8869
8871 8870
8872 8871
8873 8869
8874 8872
8875 8874
8876 8869
8877 8874
8878 8876
8879 8870
8880 8871
8881 8871
8882 8873
8883 8875
8884 1534
8885 8877
8886 8880
8887 8876
8888 1534
8889 8887
8890 8883
8891 8868
8892 8871
8893 8885
8894 8887
8895 8894
8896 8883
8897 8880
8898 8868
8899 8885
8900 8889
8901 8874
8902 8888
8903 8897
8904 8874
8905 8892
8906 1534
8907 8880
8908 8880
8909 8904
8910 8869
8911 8897
8912 8870
8913 8901
8914 8873
8915 8885
8916 8872
8917 8869
8918 8892
8919 8904
8920 8870
8921 8902
8922 8869
8923 8917
8924 8883
8925 8889
8926 8904
8927 8919
8928 8880
8929 8910
8930 8922
8931 8897
8932 8882
8933 8920
8934 8904
8935 8899
8936 8923
8937 8898
8938 8929
8939 8875
8940 8874
8941 8870
8942 8907
8943 8881
8944 8906
8945 8877
8946 8917
8947 8915
8948 8922
8949 8935
8950 8900
8951 8889
8952 1534
8953 8934
8954 8942
8955 8938
8956 8907
8957 8901
8958 8912
8959 8937
8960 8945
8961 8869
8962 8881
8963 8161
8964 8963
8965 8964
8966 8965
8967 8966
8968 8967
8969 8968
8970 8969
8971 8970
8972 8971
8973 8972
8974 8973
8975 8974
8976 8975
8977 8976
8978 8977
8979 8978
8980 8979
8981 8980
8982 8981
8983 8982
8984 8983
8985 8984
8986 8985
8987 8986
8988 8987
8989 8988
8990 8989
8991 8990
8992 8991
8993 8992
8994 8993
8995 8994
8996 8995
8997 8996
8998 8997
8999 8998
9000 8999
9001 9000
9002 9001
9003 9002
9004 9003
9005 9004
9006 9005
9007 9006
9008 9007
9009 9008
9010 9009
9011 9010
9012 9011
9013 9012
9014 9013
9015 9014
9016 9015
9016 8161
9017 1511
9018 9017
9019 9018
9020 9019
9021 9019
9022 9019
9023 9017
9024 9023
9025 9020
9026 9021
9027 9023
9028 9019
9029 9020
9030 9019
9031 9029
9032 9030
9033 9023
9034 9031
9035 9027
9036 9018
9037 9018
9038 9037
9039 9024
9040 9028
9041 9034
9042 1511
9043 9017
9044 9043
9045 9022
9046 9033
9047 9021
9048 9034
9049 9041
9050 9032
9051 9034
9052 9041
9053 9033
9054 9044
9055 9024
9056 9024
9057 9052
9058 9026
9059 9025
9060 9017
9061 9030
9062 2223
9063 9062
9064 9063
9065 9064
9066 9065
9067 9066
9068 9067
9069 9068
9070 9069
9071 9070
9072 9071
9073 9072
9074 9073
9075 9074
9076 9075
9077 9076
9078 9077
9079 9078
9080 9079
9081 9080
9082 9081
9083 9082
9084 9083
9085 9084
9086 9085
9087 9086
9088 9087
9089 9088
9090 9089
9091 9090
9092 9091
9093 9092
9094 9093
9095 9094
9096 9095
9097 9096
9098 9097
9099 9098
9100 9099
9101 9100
9102 9101
9103 9102
9104 9103
9105 9104
9106 9105
9107 9106
9108 9107
9109 9108
9110 9109
9111 9110
9112 9111
9113 9112
9114 9113
9115 9114
9116 9115
9117 9116
9118 9117
9119 9118
9120 9119
9121 9120
9122 9121
9123 9122
9124 9123
9125 9124
9126 9125
9127 9126
9128 9127
9129 9128
9130 9129
9131 9130
9132 9131
9133 9132
9134 9133
9135 9134
9136 9135
9137 9136
9138 9137
9139 9138
9140 9139
9141 9140
9142 9141
9143 9142
9144 9143
9145 9144
9146 9145
9147 9146
9148 9147
9149 9148
9150 9149
9151 9150
9151 2223
9152 4777
9153 9152
9154 4777
9155 9152
9156 9153
9157 9154
9158 9157
9159 9156
9160 9159
9161 9158
9162 9157
9163 9154
9164 9157
9165 9162
9166 9157
9167 9162
9168 9158
9169 9157
9170 9166
9171 9153
9172 9166
9173 9172
9174 9167
9175 9152
9176 9152
9177 9172
9178 9177
9179 9158
9180 9173
9181 9165
9182 9167
9183 9153
9184 9170
9185 9163
9186 9179
9187 9157
9188 9180
9189 9177
9190 9157
9191 9190
9192 9177
9193 9163
9194 9187
9195 9180
9196 9152
9197 9166
9198 9190
9199 9158
9200 9172
9201 9164
9202 9164
9203 9157
9204 9159
9205 9167
9206 7748
9207 7748
9208 9207
9209 9207
9210 9207
9211 9206
9212 7748
9213 9207
9214 7748
9215 9213
9216 9213
9217 9209
9218 330
9219 330
9220 330
9221 9218
9222 9220
9223 9221
9224 9223
9225 330
9226 9218
9227 9223
9228 9218
9229 330
9230 9224
9231 9224
9232 9221
9233 9226
9234 9225
9235 9218
9236 9223
9237 9222
9238 9232
9239 9238
9240 9218
9241 9225
9242 9235
9243 9223
9244 9223
9245 9229
9246 9226
9247 9227
9248 9240
9249 9231
9250 9248
9251 9222
9252 9251
9253 9232
9254 9229
9255 9220
9256 9236
9257 9220
9258 9238
9259 9232
9260 9244
9261 9218
9262 9250
9263 9233
9264 9254
9265 9251
9266 5384
9267 9266
9268 9267
9269 9268
9270 9269
9271 9270
9272 9271
9273 9272
9274 9273
9275 9274
9276 9275
9277 9276
9278 9277
9279 9278
9280 9279
9281 9280
9282 9281
9283 9282
9284 9283
9285 9284
9286 9285
9287 9286
9288 9287
9289 9288
9290 9289
9291 9290
9292 9291
9293 9292
9294 9293
9295 9294
9296 9295
9297 9296
9298 9297
9299 9298
9300 9299
9301 9300
9302 9301
9303 9302
9304 9303
9305 9304
9306 9305
9307 9306
9308 9307
9309 9308
9310 9309
9311 9310
9312 9311
9313 9312
9314 9313
9315 9314
9316 9315
9317 9316
9318 9317
9319 9318
9320 9319
9321 9320
9322 9321
9323 9322
9324 9323
9325 9324
9326 9325
9327 9326
9328 9327
9329 9328
9330 9329
9331 9330
9332 9331
9333 9332
9334 9333
9335 9334
9336 9335
9337 9336
9338 9337
9338 5384
9339 7407
9340 9339
9341 9340
9342 9341
9343 9342
9344 9343
9345 9344
9346 9345
9347 9346
9348 9347
9349 9348
9350 9349
9351 9350
9352 9351
9353 9352
9354 9353
9355 9354
9356 9355
9357 9356
9358 9357
9359 9358
9360 9359
9361 9360
9362 9361
9363 9362
9364 9363
9365 9364
9366 9365
9367 9366
9368 9367
9369 9368
9370 9369
9371 9370
9372 9371
9373 9372
9374 9373
9375 9374
9376 9375
9377 9376
9378 9377
9378 7407
9379 7940
9380 7940
9381 9380
9382 9379
9383 9381
9384 9380
9385 9384
9386 9380
9387 9379
9388 9379
9389 9381
9390 9382
9391 9384
9392 9380
9393 9382
9394 9383
9395 9382
9396 9389
9397 9394
9398 9394
9399 9394
9400 9386
9401 9386
9402 9400
9403 9388
9404 9385
9405 9384
9406 9392
9407 9399
9408 9382
9409 9396
9410 9408
9411 9397
9412 9397
9413 9408
9414 9397
9415 9382
9416 9393
9417 9399
9418 9391
9419 9394
9420 9408
9421 9393
9422 9407
9423 9390
9424 9389
9425 2111
9426 9425
9427 9426
9428 9427
9429 9428
9430 9429
9431 9430
9432 9431
9433 9432
9434 9433
9435 9434
9436 9435
9437 9436
9438 9437
9439 9438
9440 9439
9441 9440
9442 9441
9443 9442
9444 9443
9445 9444
9446 9445
9447 9446
9448 9447
9449 9448
9450 9449
9450 2111
9451 686
9452 9451
9453 9452
9454 9453
9455 9454
9456 9455
9457 9456
9458 9457
9459 9458
9460 9459
9461 9460
9462 9461
9463 9462
9464 9463
9465 9464
9466 9465
9467 9466
9468 9467
9469 9468
9470 9469
9471 9470
9472 9471
9473 9472
9474 9473
9475 9474
9476 9475
9477 9476
9478 9477
9479 9478
9480 9479
9481 9480
9482 9481
9483 9482
9484 9483
9485 9484
9486 9485
9487 9486
9488 9487
9489 9488
9490 9489
9491 9490
9492 9491
9493 9492
9494 9493
9495 9494
9496 9495
9497 9496
9498 9497
9499 9498
9500 9499
9501 9500
9502 9501
9503 9502
9504 9503
9505 9504
9506 9505
9507 9506
9508 9507
9509 9508
9510 9509
9511 9510
9512 9511
9513 9512
9514 9513
9515 9514
9516 9515
9517 9516
9518 9517
9519 9518
9520 9519
9521 9520
9522 9521
9523 9522
9524 9523
9525 9524
9526 9525
9527 9526
9528 9527
9529 9528
9530 9529
9531 9530
9532 9531
9533 9532
9534 9533
9535 9534
9536 9535
9537 9536
9538 9537
9539 9538
9539 686
9540 7560
9541 9540
9542 7560
9543 9541
9544 9540
9545 9541
9546 9540
9547 9543
9548 9544
9549 9541
9550 9541
9551 9546
9552 9543
9553 9542
9554 9541
9555 9546
9556 9549
9557 9546
9558 9553
9559 9540
9560 9543
9561 9547
9562 9553
9563 9562
9564 9563
9565 9555
9566 9555
9567 9561
9568 9560
9569 9551
9570 9558
9571 9570
9572 9565
9573 9550
9574 9560
9575 9553
9576 9555
9577 7560
9578 9566
9579 9569
9580 9570
9581 9569
9582 9555
9583 9543
9584 9542
9585 9568
9586 9580
9587 9563
9588 9544
9589 9540
9590 9566
9591 9574
9592 9550
9593 9563
9594 9566
9595 9550
9596 9550
9597 9580
9598 9590
9599 9580
9600 9585
9601 9543
9602 9592
9603 9597
9604 9548
9605 9597
9606 9583
9607 9553
9608 9593
9609 9583
9610 9551
9611 9600
9612 9590
9613 9600
9614 9582
9615 9556
9616 9540
9617 9556
9618 9607
9619 9600
9620 9614
9621 9617
9622 9556
9623 9620
9624 9586
9625 9579
9626 9615
9627 9598
9628 9565
9629 9568
9630 9595
9631 9595
9632 8084
9633 9632
9634 9633
9635 9633
9636 9632
9637 8084
9638 9632
9639 9638
9640 9632
9641 9639
9642 8084
9643 9636
9644 9640
9645 9638
9646 9644
9647 9645
9648 9637
9649 9637
9650 9640
9651 9645
9652 9651
9653 9637
9654 9642
9655 9648
9656 9651
9657 9635
9658 9644
9659 9632
9660 9658
9661 9645
9662 8084
9663 9642
9664 3890
9665 9664
9666 9665
9667 9666
9668 9667
9669 9668
9670 9669
9671 9670
9672 9671
9673 9672
9674 9673
9675 9674
9676 9675
9677 9676
9678 9677
9679 9678
9680 9679
9681 9680
9682 9681
9683 9682
9684 9683
9685 9684
9686 9685
9687 9686
9688 9687
9689 9688
9690 9689
9691 9690
9692 9691
9693 9692
9694 9693
9695 9694
9696 9695
9697 9696
9698 9697
9699 9698
9700 9699
9701 9700
9702 9701
9703 9702
9704 9703
9705 9704
9705 3890
9706 8802
9707 8802
9708 9706
9709 9706
9710 4138
9711 9710
9712 9711
9713 9712
9714 9713
9715 9714
9716 9715
9717 9716
9718 9717
9719 9718
9720 9719
9721 9720
9722 9721
9723 9722
9724 9723
9725 9724
9726 9725
9727 9726
9728 9727
9729 9728
9730 9729
9731 9730
9732 9731
9733 9732
9734 9733
9735 9734
9736 9735
9737 9736
9738 9737
9739 9738
9740 9739
9741 9740
9742 9741
9743 9742
9744 9743
9745 9744
9746 9745
9747 9746
9748 9747
9749 9748
9750 9749
9751 9750
9752 9751
9753 9752
9754 9753
9755 9754
9756 9755
9757 9756
9758 9757
9759 9758
9760 9759
9761 9760
9762 9761
9763 9762
9764 9763
9765 9764
9766 9765
9767 9766
9768 9767
9769 9768
9770 9769
9771 9770
9772 9771
9773 9772
9774 9773
9775 9774
9776 9775
9777 9776
9778 9777
9779 9778
9780 9779
9781 9780
9782 9781
9783 9782
9784 9783
9785 9784
9786 9785
9787 9786
9788 9787
9789 9788
9790 9789
9791 9790
9792 9791
9793 9792
9794 9793
9795 9794
9796 9795
9797 9796
9798 9797
9799 9798
9800 9799
9801 9800
9802 9801
9803 9802
9804 9803
9805 9804
9806 9805
9807 9806
9808 9807
9808 4138
9809 5294
9810 9809
9811 9810
9812 9811
9813 9812
9814 9813
9815 9814
9816 9815
9817 9816
9818 9817
9819 9818
9820 9819
9821 9820
9822 9821
9823 9822
9824 9823
9825 9824
9826 9825
9827 9826
9828 9827
9829 9828
9829 5294
9830 9187
9831 9830
9832 9831
9833 9832
9834 9833
9835 9834
9836 9835
9837 9836
9838 9837
9839 9838
9840 9839
9841 9840
9842 9841
9843 9842
9844 9843
9845 9844
9846 9845
9847 9846
9848 9847
9849 9848
9850 9849
9851 9850
9852 9851
9853 9852
9854 9853
9855 9854
9856 9855
9857 9856
9858 9857
9859 9858
9860 9859
9861 9860
9862 9861
9863 9862
9864 9863
9865 9864
9866 9865
9867 9866
9868 9867
9869 9868
9870 9869
9871 9870
9872 9871
9873 9872
9874 9873
9875 9874
9876 9875
9877 9876
9878 9877
9879 9878
9880 9879
9881 9880
9882 9881
9883 9882
9884 9883
9884 9187
9885 6817
9886 6817
9887 9885
9888 6817
9889 9887
9890 9888
9891 6443
9892 6443
9893 6443
9894 9892
9895 9891
9896 6443
9897 9894
9898 9893
9899 9892
9900 9895
9901 9891
9902 9895
9903 9891
9904 9892
9905 9899
9906 9891
9907 9891
9908 9906
9909 9891
9910 9895
9911 9892
9912 9898
9913 9903
9914 9901
9915 9895
9916 9899
9917 9910
9918 9906
9919 9901
9920 9912
9921 6443
9922 9892
9923 9898
9924 9908
9925 9921
9926 9895
9927 9908
9928 9897
9929 9892
9930 3046
9931 9930
9932 9931
9933 9932
9934 9933
9935 9934
9936 9935
9937 9936
9938 9937
9939 9938
9940 9939
9941 9940
9942 9941
9943 9942
9944 9943
9945 9944
9946 9945
9947 9946
9948 9947
9948 3046
9949 8158
9950 9949
9951 9950
9952 9951
9953 9952
9954 9953
9955 9954
9956 9955
9957 9956
9958 9957
9959 9958
9960 9959
9961 9960
9962 9961
9963 9962
9964 9963
9965 9964
9966 9965
9967 9966
9968 9967
9969 9968
9970 9969
9971 9970
9972 9971
9973 9972
9974 9973
9975 9974
9976 9975
9977 9976
9978 9977
9979 9978
9980 9979
9981 9980
9982 9981
9983 9982
9984 9983
9985 9984
9986 9985
9987 9986
9988 9987
9989 9988
9990 9989
9991 9990
9992 9991
9993 9992
9994 9993
9995 9994
9996 9995
9997 9996
9998 9997
9999 9998
10000 9999
10000 8158
