1000 1009
2 1
3 2
4 2
5 1
6 4
7 6
8 5
9 7
10 3
11 6
12 11
13 1
14 4
15 11
16 1
17 7
18 9
19 11
20 8
21 20
22 21
23 22
24 23
25 24
26 25
27 26
28 27
29 28
30 29
31 30
32 31
33 32
34 33
35 34
36 35
37 36
38 37
39 38
40 39
41 40
42 41
43 42
44 43
45 44
46 45
47 46
48 47
49 48
50 49
51 50
52 51
53 52
54 53
55 54
56 55
57 56
58 57
58 8
59 15
60 59
61 15
62 59
63 15
64 62
65 61
66 63
67 65
68 62
69 62
70 62
71 61
72 70
73 62
74 72
75 69
76 59
77 68
78 59
79 62
80 70
81 62
82 59
83 64
84 68
85 60
86 73
87 81
88 68
89 76
90 88
91 67
92 88
93 79
94 79
95 92
96 71
97 65
98 74
99 62
100 66
101 72
102 64
103 59
104 91
105 100
106 62
107 74
108 89
109 108
110 75
111 72
112 86
113 86
114 15
115 87
116 77
117 83
118 72
119 15
120 107
121 115
122 99
123 100
124 60
125 123
126 71
127 113
128 98
129 88
130 93
131 65
132 116
133 109
134 119
135 90
136 13
137 136
138 137
139 138
140 139
141 140
142 141
143 142
144 143
145 144
146 145
147 146
148 147
149 148
150 149
151 150
152 151
153 152
154 153
155 154
156 155
157 156
158 157
159 158
160 159
161 160
162 161
163 162
164 163
165 164
166 165
167 166
168 167
169 168
170 169
171 170
172 171
173 172
174 173
175 174
176 175
177 176
178 177
179 178
180 179
181 180
182 181
183 182
184 183
185 184
186 185
187 186
188 187
189 188
190 189
191 190
192 191
193 192
194 193
195 194
196 195
197 196
198 197
199 198
200 199
201 200
201 13
202 76
203 202
204 203
205 204
206 205
207 206
208 207
209 208
210 209
211 210
212 211
213 212
214 213
215 214
216 215
217 216
218 217
219 218
220 219
221 220
222 221
223 222
224 223
225 224
226 225
227 226
228 227
229 228
230 229
231 230
232 231
233 232
234 233
234 76
235 157
236 157
237 157
238 236
239 238
240 235
241 239
242 157
243 237
244 241
245 157
246 239
247 246
248 245
249 239
250 247
251 239
252 236
253 241
254 242
255 174
256 255
257 174
258 255
259 256
260 257
261 258
262 255
263 259
264 174
265 166
266 166
267 166
268 265
269 166
270 268
271 268
272 266
273 268
274 271
275 274
276 270
277 270
278 267
279 269
280 275
281 274
282 274
283 273
284 279
285 278
286 281
287 282
288 286
289 273
290 267
291 288
292 291
293 282
294 292
295 195
296 295
297 296
298 297
299 298
300 299
301 300
302 301
303 302
304 303
305 304
306 305
307 306
308 307
309 308
310 309
311 310
312 311
313 312
314 313
315 314
316 315
317 316
318 317
319 318
320 319
321 320
322 321
323 322
323 195
324 280
325 280
326 324
327 324
328 324
329 324
330 329
331 327
332 327
333 332
334 332
335 332
336 76
337 76
338 336
339 338
340 76
341 337
342 337
343 337
344 342
345 76
346 344
347 341
348 338
349 344
350 338
351 345
352 345
353 351
354 344
355 343
356 76
357 350
358 346
359 354
360 354
361 356
362 356
363 356
364 361
365 355
366 356
367 345
368 346
369 351
370 348
371 354
372 336
373 364
374 366
375 348
376 367
377 360
378 355
379 374
380 342
381 338
382 377
383 375
384 346
385 366
386 368
387 365
388 373
389 351
390 337
391 374
392 383
393 76
394 387
395 387
396 224
397 396
398 397
399 398
400 399
401 400
402 401
403 402
404 403
405 404
406 405
407 406
408 407
409 408
410 409
411 410
412 411
413 412
414 413
415 414
416 415
417 416
418 417
419 418
420 419
421 420
422 421
423 422
424 423
425 424
426 425
427 426
428 427
429 428
430 429
431 430
432 431
433 432
434 433
435 434
436 435
437 436
438 437
439 438
440 439
441 440
442 441
443 442
444 443
444 224
445 28
446 445
447 446
447 28
448 203
449 203
450 449
451 450
452 448
453 450
454 453
455 203
456 455
457 450
458 454
459 458
460 458
461 452
462 457
463 451
464 462
465 461
466 451
467 457
468 450
469 467
470 448
471 455
472 464
473 465
474 458
475 463
476 457
477 450
478 475
479 450
480 464
481 473
482 449
483 449
484 468
485 465
486 479
487 464
488 477
489 448
490 467
491 469
492 482
493 459
494 470
495 461
496 480
497 451
498 482
499 456
500 458
501 451
502 465
503 464
504 451
505 483
506 484
507 494
508 203
509 502
510 455
511 461
512 503
513 477
514 476
515 505
516 509
517 509
518 459
519 465
520 502
521 464
522 477
523 469
524 493
525 466
526 496
527 473
528 477
529 473
530 473
531 496
532 449
533 457
534 511
535 490
536 465
537 529
538 469
539 479
540 515
541 479
542 483
543 458
544 457
545 468
546 545
547 468
548 468
549 545
550 547
551 547
552 551
553 545
554 548
555 549
556 555
557 555
558 545
559 548
560 468
561 551
562 561
563 549
564 553
565 468
566 563
567 553
568 563
569 565
570 468
571 552
572 552
573 572
574 550
575 558
576 566
577 558
578 546
579 569
580 577
581 567
582 571
583 557
584 565
585 551
586 557
587 582
588 577
589 550
590 548
591 564
592 589
593 590
594 578
595 551
596 557
597 552
598 564
599 573
600 588
601 572
602 563
603 582
604 598
605 551
606 597
607 571
608 574
609 601
610 579
611 576
612 564
613 569
614 604
615 583
616 576
617 581
618 611
619 570
620 614
621 602
622 579
623 582
624 607
625 563
626 622
627 468
628 619
629 621
630 623
631 549
632 617
633 578
634 374
635 634
636 635
637 636
638 637
639 638
640 639
641 640
642 641
643 642
644 643
645 644
646 645
647 646
648 647
649 648
650 649
651 650
652 651
653 652
654 653
655 654
656 655
657 656
658 657
659 658
660 659
661 660
662 661
663 662
664 663
665 664
666 665
667 666
668 667
669 668
670 669
671 670
672 671
673 672
674 673
675 674
676 675
677 676
678 677
679 678
680 679
681 680
682 681
683 682
684 683
685 684
686 685
687 686
688 687
689 688
690 689
691 690
692 691
693 692
694 693
695 694
695 374
696 473
697 696
698 697
699 698
700 473
701 697
702 700
703 698
704 696
705 704
706 700
707 704
708 703
709 700
710 709
711 699
712 703
713 707
714 708
715 707
716 702
717 711
718 715
719 716
720 712
721 711
722 718
723 718
724 718
725 703
726 705
727 712
728 702
729 701
730 729
731 724
732 705
733 726
734 729
735 708
736 728
737 731
738 717
739 709
740 716
741 720
742 718
743 473
744 703
745 701
746 708
747 702
748 699
749 181
750 749
751 750
752 751
753 751
754 753
755 181
756 751
757 749
758 752
759 752
760 754
761 755
762 758
763 759
764 756
765 761
766 765
767 755
768 762
769 749
770 760
771 759
772 759
773 755
774 752
775 760
776 750
777 757
778 774
779 762
780 758
781 777
782 780
783 751
784 777
785 761
786 761
787 770
788 749
789 786
790 764
791 767
792 774
793 791
794 181
795 794
796 778
797 776
798 784
799 765
800 763
801 777
802 781
803 750
804 793
805 776
806 772
807 755
808 790
809 774
810 769
811 802
812 808
813 775
814 783
815 773
816 754
817 778
818 805
819 766
820 439
821 820
822 821
823 822
824 823
825 824
826 825
827 826
828 827
829 828
830 829
831 830
832 831
833 832
834 833
835 834
836 835
837 836
838 837
839 838
840 839
841 840
842 841
843 842
844 843
845 844
846 845
847 846
848 847
849 848
850 849
851 850
852 851
853 852
854 853
855 854
856 855
857 856
858 857
859 858
860 859
861 860
862 861
863 862
864 863
865 864
866 865
867 866
868 867
869 868
870 869
871 870
872 871
873 872
874 873
875 874
876 875
877 876
878 877
879 878
880 879
881 880
882 881
883 882
884 883
885 884
886 885
887 886
888 887
889 888
890 889
891 890
892 891
893 892
894 893
895 894
896 895
897 896
898 897
899 898
900 899
901 900
902 901
903 902
904 903
905 904
905 439
906 635
907 906
908 907
909 908
910 909
911 910
912 911
913 912
914 913
915 914
916 915
917 916
918 917
919 918
920 919
921 920
922 921
923 922
924 923
925 924
926 925
927 926
928 927
929 928
930 929
931 930
932 931
933 932
934 933
935 934
936 935
937 936
938 937
939 938
940 939
941 940
942 941
943 942
944 943
945 944
946 945
947 946
948 947
949 948
950 949
951 950
952 951
953 952
954 953
955 954
956 955
957 956
958 957
959 958
960 959
961 960
962 961
963 962
964 963
965 964
966 965
967 966
968 967
969 968
970 969
971 970
972 971
973 972
974 973
975 974
976 975
976 635
977 814
978 977
979 978
980 979
981 980
982 981
983 982
984 983
985 984
986 985
987 986
988 987
989 988
990 989
991 990
992 991
993 992
994 993
995 994
996 995
997 996
998 997
999 998
1000 999
1000 814
