1000 1000
2 1
3 2
4 2
5 3
6 2
7 5
8 2
9 6
10 6
11 1
12 11
13 7
14 10
15 8
16 1
17 8
18 13
19 17
20 4
21 20
22 15
23 12
24 17
25 18
26 1
27 15
28 27
29 24
30 9
31 22
32 10
33 30
34 16
35 1
36 33
37 31
38 34
39 16
40 29
41 12
42 37
43 2
44 10
45 28
46 36
47 3
48 36
49 44
50 33
51 3
52 40
53 25
54 20
55 18
56 5
57 9
58 31
59 6
60 17
61 22
62 23
63 49
64 22
65 11
66 35
67 33
68 11
69 13
70 1
71 23
72 57
73 44
74 45
75 47
76 19
77 51
78 59
79 67
80 14
81 67
82 24
83 74
84 6
85 12
86 74
87 38
88 67
89 3
90 15
91 24
92 43
93 42
94 50
95 15
96 46
97 27
98 60
99 21
100 98
101 50
102 73
103 88
104 28
105 6
106 2
107 65
108 53
109 72
110 72
111 30
112 81
113 44
114 45
115 96
116 105
117 42
118 116
119 52
120 119
121 102
122 77
123 97
124 57
125 120
126 96
127 53
128 118
129 77
130 128
131 19
132 20
133 37
134 1
135 38
136 26
137 75
138 41
139 49
140 133
141 7
142 43
143 64
144 137
145 103
146 134
147 33
148 115
149 18
150 26
151 99
152 51
153 124
154 20
155 66
156 48
157 53
158 108
159 43
160 33
161 130
162 101
163 32
164 70
165 22
166 69
167 56
168 71
169 81
170 92
171 17
172 128
173 101
174 8
175 75
176 130
177 37
178 151
179 71
180 128
181 96
182 160
183 26
184 180
185 20
186 58
187 137
188 148
189 172
190 77
191 22
192 127
193 88
194 187
195 145
196 172
197 189
198 153
199 46
200 94
201 123
202 45
203 201
204 131
205 1
206 106
207 123
208 62
209 68
210 111
211 121
212 69
213 169
214 87
215 137
216 164
217 46
218 76
219 171
220 19
221 73
222 192
223 151
224 112
225 17
226 96
227 160
228 188
229 151
230 19
231 210
232 62
233 38
234 26
235 12
236 212
237 59
238 58
239 30
240 42
241 6
242 38
243 77
244 202
245 127
246 103
247 225
248 246
249 218
250 139
251 124
252 41
253 248
254 40
255 172
256 137
257 108
258 4
259 125
260 137
261 198
262 212
263 169
264 104
265 148
266 171
267 170
268 259
269 179
270 205
271 13
272 138
273 42
274 247
275 121
276 200
277 208
278 276
279 94
280 92
281 209
282 254
283 174
284 173
285 225
286 248
287 157
288 30
289 265
290 128
291 261
292 235
293 200
294 14
295 126
296 94
297 131
298 4
299 230
300 144
301 170
302 146
303 105
304 204
305 177
306 42
307 130
308 97
309 195
310 199
311 144
312 19
313 186
314 9
315 132
316 145
317 149
318 196
319 127
320 207
321 201
322 133
323 151
324 78
325 33
326 149
327 71
328 31
329 53
330 53
331 267
332 146
333 251
334 24
335 114
336 77
337 329
338 155
339 155
340 231
341 321
342 21
343 187
344 117
345 333
346 249
347 1
348 306
349 163
350 155
351 316
352 70
353 11
354 46
355 69
356 29
357 151
358 16
359 348
360 129
361 242
362 22
363 335
364 316
365 2
366 103
367 349
368 115
369 36
370 95
371 236
372 13
373 180
374 371
375 121
376 368
377 376
378 377
379 378
380 379
381 380
382 381
383 382
384 383
385 384
386 385
387 386
388 387
389 388
390 389
391 390
392 391
393 392
394 393
395 394
396 395
397 396
398 397
399 398
400 399
401 400
402 401
403 402
404 403
405 404
406 405
407 406
408 407
409 408
410 409
411 410
412 411
413 412
414 413
415 414
416 415
417 416
418 417
419 418
420 419
421 420
422 421
423 422
424 423
425 424
426 425
427 426
428 427
429 428
430 429
431 430
432 431
433 432
434 433
435 434
436 435
437 436
438 437
439 438
440 439
441 440
442 441
443 442
444 443
445 444
446 445
447 446
448 447
449 448
450 449
451 450
452 451
453 452
454 453
455 454
456 455
457 456
458 457
459 458
460 459
461 460
462 461
463 462
464 463
465 464
466 465
467 466
468 467
469 468
470 469
471 470
472 471
473 472
474 473
475 474
476 475
477 476
478 477
479 478
480 479
481 480
482 481
483 482
484 483
485 484
486 485
487 486
488 487
489 488
490 489
491 490
492 491
493 492
494 493
495 494
496 495
497 496
498 497
499 498
500 499
501 500
502 501
503 502
504 503
505 504
506 505
507 506
508 507
509 508
510 509
511 510
512 511
513 512
514 513
515 514
516 515
517 516
518 517
519 518
520 519
521 520
522 521
523 522
524 523
525 524
526 525
527 526
528 527
529 528
530 529
531 530
532 531
533 532
534 533
535 534
536 535
537 536
538 537
539 538
540 539
541 540
542 541
543 542
544 543
545 544
546 545
547 546
548 547
549 548
550 549
551 550
552 551
553 552
554 553
555 554
556 555
557 556
558 557
559 558
560 559
561 560
562 561
563 562
564 563
565 564
566 565
567 566
568 567
569 568
570 569
571 570
572 571
573 572
574 573
575 574
576 575
577 576
578 577
579 578
580 579
581 580
582 581
583 582
584 583
585 584
586 585
587 586
588 587
589 588
590 589
591 590
592 591
593 592
594 593
595 594
596 595
597 596
598 597
599 598
600 599
601 600
602 601
603 602
604 603
605 604
606 605
607 606
608 607
609 608
610 609
611 610
612 611
613 612
614 613
615 614
616 615
617 616
618 617
619 618
620 619
621 620
622 621
623 622
624 623
625 624
626 625
627 626
628 627
629 628
630 629
631 630
632 631
633 632
634 633
635 634
636 635
637 636
638 637
639 638
640 639
641 640
642 641
643 642
644 643
645 644
646 645
647 646
648 647
649 648
650 649
651 650
652 651
653 652
654 653
655 654
656 655
657 656
658 657
659 658
660 659
661 660
662 661
663 662
664 663
665 664
666 665
667 666
668 667
669 668
670 669
671 670
672 671
673 672
674 673
675 674
676 675
677 676
678 677
679 678
680 679
681 680
682 681
683 682
684 683
685 684
686 685
687 686
688 687
689 688
690 689
691 690
692 691
693 692
694 693
695 694
696 695
697 696
698 697
699 698
700 699
701 700
701 368
702 655
703 702
704 703
705 703
706 703
707 702
708 703
709 707
710 702
711 705
712 702
713 712
714 707
715 702
716 703
717 716
718 713
719 702
720 703
721 715
722 707
723 708
724 706
725 709
726 712
727 715
728 711
729 710
730 727
731 720
732 717
733 719
734 714
735 719
736 710
737 706
738 703
739 737
740 733
741 713
742 713
743 733
744 710
745 715
746 702
747 703
748 747
749 741
750 710
751 705
752 750
753 707
754 724
755 721
756 753
757 655
758 730
759 719
760 720
761 715
762 716
763 733
764 740
765 713
766 753
767 756
768 750
769 731
770 738
771 749
772 757
773 753
774 707
775 758
776 742
777 713
778 734
779 735
780 717
781 720
782 750
783 703
784 702
785 733
786 758
787 749
788 763
789 758
790 729
791 725
792 764
793 765
794 722
795 718
796 706
797 789
798 766
799 737
800 707
801 786
802 789
803 726
804 722
805 788
806 804
807 801
808 703
809 732
810 808
811 736
812 795
813 702
814 781
815 749
816 804
817 705
818 813
819 777
820 713
821 738
822 739
823 761
824 726
825 814
826 711
827 747
828 806
829 755
830 795
831 775
832 723
833 815
834 823
835 797
836 774
837 745
838 829
839 725
840 740
841 782
842 736
843 708
844 757
845 829
846 804
847 834
848 841
849 771
850 804
851 723
852 716
853 721
854 825
855 796
856 708
857 809
858 821
859 735
860 721
861 804
862 735
863 729
864 859
865 738
866 850
867 800
868 857
869 744
870 824
871 782
872 861
873 794
874 758
875 827
876 739
877 815
878 714
879 829
880 721
881 736
882 863
883 715
884 792
885 849
886 763
887 826
888 793
889 766
890 774
891 727
892 881
893 807
894 789
895 717
896 740
897 728
898 876
899 888
900 817
901 842
902 828
903 844
904 885
905 828
906 703
907 778
908 894
909 803
910 843
911 801
912 781
913 847
914 716
915 822
916 862
917 892
918 851
919 719
920 752
921 849
922 744
923 891
924 729
925 796
926 923
927 908
928 717
929 820
930 784
931 801
932 713
933 918
934 724
935 912
936 722
937 897
938 710
939 800
940 889
941 730
942 703
943 780
944 830
945 808
946 938
947 931
948 721
949 873
950 739
951 930
952 839
953 775
954 782
955 732
956 722
957 932
958 954
959 765
960 785
961 714
962 919
963 899
964 729
965 892
966 794
967 808
968 950
969 820
970 770
971 965
972 789
973 930
974 910
975 912
976 732
977 927
978 830
979 958
980 806
981 752
982 724
983 894
984 757
985 863
986 967
987 832
988 922
989 957
990 864
991 986
992 826
993 911
994 866
995 988
996 743
997 924
998 870
999 843
1000 851
