1000 1498
2 1
3 2
3 1
4 1
5 4
5 1
6 5
7 6
7 5
8 1
9 8
9 1
10 3
11 10
11 3
12 11
13 12
13 11
14 12
15 14
15 12
16 4
17 16
17 4
18 9
19 18
19 9
20 3
21 20
21 3
22 4
23 22
23 4
24 6
25 24
25 6
26 22
27 26
27 22
28 8
29 28
29 8
30 24
31 30
31 24
32 30
33 32
33 30
34 18
35 34
35 18
36 11
37 36
37 11
38 24
39 38
39 24
40 15
41 40
41 15
42 37
43 42
43 37
44 39
45 44
45 39
46 10
47 46
47 10
48 46
49 48
49 46
50 42
51 50
51 42
52 44
53 52
53 44
54 35
55 54
55 35
56 50
57 56
57 50
58 26
59 58
59 26
60 36
61 60
61 36
62 16
63 62
63 16
64 34
65 64
65 34
66 42
67 66
67 42
68 47
69 68
69 47
70 23
71 70
71 23
72 69
73 72
73 69
74 58
75 74
75 58
76 11
77 76
77 11
78 55
79 78
79 55
80 48
81 80
81 48
82 36
83 82
83 36
84 69
85 84
85 69
86 18
87 86
87 18
88 53
89 88
89 53
90 65
91 90
91 65
92 35
93 92
93 35
94 41
95 94
95 41
96 21
97 96
97 21
98 85
99 98
99 85
100 20
101 100
101 20
102 24
103 102
103 24
104 32
105 104
105 32
106 40
107 106
107 40
108 71
109 108
109 71
110 76
111 110
111 76
112 111
113 112
113 111
114 51
115 114
115 51
116 65
117 116
117 65
118 89
119 118
119 89
120 23
121 120
121 23
122 115
123 122
123 115
124 37
125 124
125 37
126 79
127 126
127 79
128 6
129 128
129 6
130 28
131 130
131 28
132 3
133 132
133 3
134 102
135 134
135 102
136 99
137 136
137 99
138 75
139 138
139 75
140 23
141 140
141 23
142 17
143 142
143 17
144 114
145 144
145 114
146 2
147 146
147 2
148 111
149 148
149 111
150 96
151 150
151 96
152 19
153 152
153 19
154 152
155 154
155 152
156 58
157 156
157 58
158 16
159 158
159 16
160 103
161 160
161 103
162 24
163 162
163 24
164 108
165 164
165 108
166 13
167 166
167 13
168 95
169 168
169 95
170 135
171 170
171 135
172 79
173 172
173 79
174 42
175 174
175 42
176 10
177 176
177 10
178 136
179 178
179 136
180 43
181 180
181 43
182 40
183 182
183 40
184 153
185 184
185 153
186 137
187 186
187 137
188 48
189 188
189 48
190 33
191 190
191 33
192 125
193 192
193 125
194 68
195 194
195 68
196 20
197 196
197 20
198 122
199 198
199 122
200 175
201 200
201 175
202 38
203 202
203 38
204 202
205 204
205 202
206 125
207 206
207 125
208 4
209 208
209 4
210 166
211 210
211 166
212 113
213 212
213 113
214 12
215 214
215 12
216 35
217 216
217 35
218 121
219 218
219 121
220 142
221 220
221 142
222 69
223 222
223 69
224 65
225 224
225 65
226 202
227 226
227 202
228 125
229 228
229 125
230 176
231 230
231 176
232 154
233 232
233 154
234 134
235 234
235 134
236 137
237 236
237 137
238 25
239 238
239 25
240 185
241 240
241 185
242 211
243 242
243 211
244 163
245 244
245 163
246 175
247 246
247 175
248 46
249 248
249 46
250 197
251 250
251 197
252 80
253 252
253 80
254 173
255 254
255 173
256 74
257 256
257 74
258 123
259 258
259 123
260 57
261 260
261 57
262 225
263 262
263 225
264 80
265 264
265 80
266 142
267 266
267 142
268 207
269 268
269 207
270 224
271 270
271 224
272 179
273 272
273 179
274 139
275 274
275 139
276 4
277 276
277 4
278 164
279 278
279 164
280 123
281 280
281 123
282 249
283 282
283 249
284 87
285 284
285 87
286 80
287 286
287 80
288 282
289 288
289 282
290 182
291 290
291 182
292 138
293 292
293 138
294 98
295 294
295 98
296 28
297 296
297 28
298 95
299 298
299 95
300 149
301 300
301 149
302 165
303 302
303 165
304 153
305 304
305 153
306 118
307 306
307 118
308 142
309 308
309 142
310 228
311 310
311 228
312 284
313 312
313 284
314 40
315 314
315 40
316 213
317 316
317 213
318 233
319 318
319 233
320 301
321 320
321 301
322 103
323 322
323 103
324 112
325 324
325 112
326 192
327 326
327 192
328 146
329 328
329 146
330 89
331 330
331 89
332 296
333 332
333 296
334 26
335 334
335 26
336 324
337 336
337 324
338 147
339 338
339 147
340 293
341 340
341 293
342 254
343 342
343 254
344 46
345 344
345 46
346 101
347 346
347 101
348 34
349 348
349 34
350 322
351 350
351 322
352 19
353 352
353 19
354 162
355 354
355 162
356 275
357 356
357 275
358 298
359 358
359 298
360 328
361 360
361 328
362 66
363 362
363 66
364 138
365 364
365 138
366 310
367 366
367 310
368 93
369 368
369 93
370 290
371 370
371 290
372 215
373 372
373 215
374 126
375 374
375 126
376 75
377 376
377 75
378 52
379 378
379 52
380 59
381 380
381 59
382 317
383 382
383 317
384 77
385 384
385 77
386 163
387 386
387 163
388 349
389 388
389 349
390 2
391 390
391 2
392 220
393 392
393 220
394 171
395 394
395 171
396 379
397 396
397 379
398 186
399 398
399 186
400 5
401 400
401 5
402 256
403 402
403 256
404 152
405 404
405 152
406 379
407 406
407 379
408 376
409 408
409 376
410 398
411 410
411 398
412 47
413 412
413 47
414 391
415 414
415 391
416 147
417 416
417 147
418 22
419 418
419 22
420 296
421 420
421 296
422 114
423 422
423 114
424 346
425 424
425 346
426 330
427 426
427 330
428 66
429 428
429 66
430 47
431 430
431 47
432 75
433 432
433 75
434 375
435 434
435 375
436 94
437 436
437 94
438 28
439 438
439 28
440 203
441 440
441 203
442 173
443 442
443 173
444 315
445 444
445 315
446 196
447 446
447 196
448 268
449 448
449 268
450 156
451 450
451 156
452 264
453 452
453 264
454 404
455 454
455 404
456 376
457 456
457 376
458 48
459 458
459 48
460 258
461 460
461 258
462 150
463 462
463 150
464 369
465 464
465 369
466 207
467 466
467 207
468 4
469 468
469 4
470 464
471 470
471 464
472 296
473 472
473 296
474 262
475 474
475 262
476 343
477 476
477 343
478 229
479 478
479 229
480 91
481 480
481 91
482 419
483 482
483 419
484 176
485 484
485 176
486 313
487 486
487 313
488 436
489 488
489 436
490 339
491 490
491 339
492 462
493 492
493 462
494 303
495 494
495 303
496 440
497 496
497 440
498 269
499 498
499 269
500 212
501 500
501 212
502 194
503 502
503 194
504 194
505 504
505 194
506 391
507 506
507 391
508 459
509 508
509 459
510 124
511 510
511 124
512 62
513 512
513 62
514 18
515 514
515 18
516 270
517 516
517 270
518 413
519 518
519 413
520 405
521 520
521 405
522 404
523 522
523 404
524 270
525 524
525 270
526 79
527 526
527 79
528 442
529 528
529 442
530 477
531 530
531 477
532 260
533 532
533 260
534 451
535 534
535 451
536 232
537 536
537 232
538 124
539 538
539 124
540 522
541 540
541 522
542 443
543 542
543 443
544 137
545 544
545 137
546 314
547 546
547 314
548 133
549 548
549 133
550 83
551 550
551 83
552 332
553 552
553 332
554 493
555 554
555 493
556 437
557 556
557 437
558 254
559 558
559 254
560 486
561 560
561 486
562 193
563 562
563 193
564 136
565 564
565 136
566 61
567 566
567 61
568 213
569 568
569 213
570 543
571 570
571 543
572 66
573 572
573 66
574 502
575 574
575 502
576 404
577 576
577 404
578 519
579 578
579 519
580 463
581 580
581 463
582 312
583 582
583 312
584 489
585 584
585 489
586 167
587 586
587 167
588 221
589 588
589 221
590 68
591 590
591 68
592 209
593 592
593 209
594 72
595 594
595 72
596 109
597 596
597 109
598 597
599 598
599 597
600 574
601 600
601 574
602 260
603 602
603 260
604 145
605 604
605 145
606 129
607 606
607 129
608 563
609 608
609 563
610 481
611 610
611 481
612 555
613 612
613 555
614 442
615 614
615 442
616 430
617 616
617 430
618 406
619 618
619 406
620 313
621 620
621 313
622 561
623 622
623 561
624 597
625 624
625 597
626 242
627 626
627 242
628 362
629 628
629 362
630 463
631 630
631 463
632 43
633 632
633 43
634 239
635 634
635 239
636 245
637 636
637 245
638 82
639 638
639 82
640 607
641 640
641 607
642 376
643 642
643 376
644 430
645 644
645 430
646 574
647 646
647 574
648 394
649 648
649 394
650 364
651 650
651 364
652 290
653 652
653 290
654 438
655 654
655 438
656 342
657 656
657 342
658 431
659 658
659 431
660 290
661 660
661 290
662 422
663 662
663 422
664 353
665 664
665 353
666 410
667 666
667 410
668 402
669 668
669 402
670 173
671 670
671 173
672 659
673 672
673 659
674 8
675 674
675 8
676 421
677 676
677 421
678 665
679 678
679 665
680 607
681 680
681 607
682 164
683 682
683 164
684 329
685 684
685 329
686 239
687 686
687 239
688 163
689 688
689 163
690 531
691 690
691 531
692 120
693 692
693 120
694 95
695 694
695 95
696 95
697 696
697 95
698 449
699 698
699 449
700 290
701 700
701 290
702 455
703 702
703 455
704 289
705 704
705 289
706 197
707 706
707 197
708 527
709 708
709 527
710 425
711 710
711 425
712 20
713 712
713 20
714 87
715 714
715 87
716 542
717 716
717 542
718 134
719 718
719 134
720 106
721 720
721 106
722 418
723 722
723 418
724 563
725 724
725 563
726 323
727 726
727 323
728 715
729 728
729 715
730 595
731 730
731 595
732 55
733 732
733 55
734 63
735 734
735 63
736 621
737 736
737 621
738 452
739 738
739 452
740 707
741 740
741 707
742 82
743 742
743 82
744 424
745 744
745 424
746 497
747 746
747 497
748 429
749 748
749 429
750 133
751 750
751 133
752 183
753 752
753 183
754 516
755 754
755 516
756 284
757 756
757 284
758 642
759 758
759 642
760 586
761 760
761 586
762 142
763 762
763 142
764 564
765 764
765 564
766 527
767 766
767 527
768 175
769 768
769 175
770 270
771 770
771 270
772 628
773 772
773 628
774 478
775 774
775 478
776 19
777 776
777 19
778 471
779 778
779 471
780 82
781 780
781 82
782 216
783 782
783 216
784 353
785 784
785 353
786 733
787 786
787 733
788 90
789 788
789 90
790 711
791 790
791 711
792 724
793 792
793 724
794 268
795 794
795 268
796 412
797 796
797 412
798 222
799 798
799 222
800 498
801 800
801 498
802 273
803 802
803 273
804 725
805 804
805 725
806 69
807 806
807 69
808 247
809 808
809 247
810 594
811 810
811 594
812 603
813 812
813 603
814 27
815 814
815 27
816 381
817 816
817 381
818 38
819 818
819 38
820 604
821 820
821 604
822 601
823 822
823 601
824 486
825 824
825 486
826 280
827 826
827 280
828 375
829 828
829 375
830 585
831 830
831 585
832 356
833 832
833 356
834 723
835 834
835 723
836 210
837 836
837 210
838 42
839 838
839 42
840 604
841 840
841 604
842 437
843 842
843 437
844 709
845 844
845 709
846 666
847 846
847 666
848 113
849 848
849 113
850 785
851 850
851 785
852 454
853 852
853 454
854 248
855 854
855 248
856 344
857 856
857 344
858 236
859 858
859 236
860 799
861 860
861 799
862 515
863 862
863 515
864 474
865 864
865 474
866 82
867 866
867 82
868 756
869 868
869 756
870 419
871 870
871 419
872 747
873 872
873 747
874 476
875 874
875 476
876 31
877 876
877 31
878 167
879 878
879 167
880 259
881 880
881 259
882 609
883 882
883 609
884 481
885 884
885 481
886 863
887 886
887 863
888 479
889 888
889 479
890 309
891 890
891 309
892 391
893 892
893 391
894 420
895 894
895 420
896 499
897 896
897 499
898 891
899 898
899 891
900 385
901 900
901 385
902 534
903 902
903 534
904 212
905 904
905 212
906 26
907 906
907 26
908 523
909 908
909 523
910 482
911 910
911 482
912 140
913 912
913 140
914 382
915 914
915 382
916 800
917 916
917 800
918 6
919 918
919 6
920 510
921 920
921 510
922 197
923 922
923 197
924 875
925 924
925 875
926 495
927 926
927 495
928 74
929 928
929 74
930 335
931 930
931 335
932 68
933 932
933 68
934 918
935 934
935 918
936 797
937 936
937 797
938 389
939 938
939 389
940 751
941 940
941 751
942 594
943 942
943 594
944 607
945 944
945 607
946 286
947 946
947 286
948 525
949 948
949 525
950 389
951 950
951 389
952 161
953 952
953 161
954 853
955 954
955 853
956 879
957 956
957 879
958 485
959 958
959 485
960 320
961 960
961 320
962 330
963 962
963 330
964 221
965 964
965 221
966 672
967 966
967 672
968 348
969 968
969 348
970 514
971 970
971 514
972 317
973 972
973 317
974 346
975 974
975 346
976 377
977 976
977 377
978 145
979 978
979 145
980 915
981 980
981 915
982 256
983 982
983 256
984 175
985 984
985 175
986 23
987 986
987 23
988 844
989 988
989 844
990 64
991 990
991 64
992 476
993 992
993 476
994 139
995 994
995 139
996 865
997 996
997 865
998 326
999 998
1000 999
1000 326
