10000 10099
2 1
3 2
4 3
5 3
6 4
7 2
8 7
9 5
10 2
11 9
12 3
13 12
14 1
15 5
16 2
17 9
18 9
19 12
20 11
21 18
22 10
23 12
24 15
25 3
26 5
27 5
28 5
29 26
30 27
31 30
32 27
33 30
34 31
35 34
36 27
37 30
38 28
39 5
40 5
41 5
42 39
43 5
44 43
45 43
46 43
47 44
48 47
49 40
50 40
51 45
52 5
53 51
54 42
55 39
56 46
57 5
58 47
59 49
60 48
61 56
62 48
63 53
64 54
65 63
66 59
67 39
68 43
69 63
70 52
71 51
72 58
73 54
74 63
75 46
76 56
77 71
78 48
79 39
80 58
81 43
82 52
83 39
84 47
85 51
86 45
87 59
88 44
89 81
90 78
91 40
92 42
93 80
94 92
95 39
96 82
97 94
98 70
99 48
100 75
101 54
102 78
103 73
104 102
105 97
106 66
107 80
108 91
109 96
110 60
111 45
112 68
113 98
114 58
115 86
116 92
117 112
118 46
119 49
120 110
121 111
122 43
123 71
124 80
125 98
126 111
127 124
128 103
129 90
130 71
131 128
132 90
133 48
134 107
135 107
136 134
137 107
138 136
139 137
140 107
141 140
142 138
143 142
144 135
145 141
146 107
147 139
148 135
149 141
150 149
151 146
152 140
153 134
154 144
155 139
156 142
157 151
158 155
159 136
160 137
161 107
162 139
163 158
164 148
165 156
166 163
167 138
168 162
169 152
170 156
171 146
172 152
173 107
174 152
175 149
176 175
177 139
178 142
179 151
180 153
181 154
182 154
183 166
184 147
185 184
186 185
187 186
188 187
189 188
190 189
191 190
192 191
193 192
194 193
195 194
196 195
197 196
198 197
199 198
200 199
201 200
202 201
203 202
204 203
205 204
206 205
207 206
208 207
209 208
210 209
211 210
212 211
213 212
214 213
215 214
216 215
217 216
218 217
219 218
220 219
221 220
222 221
223 222
224 223
225 224
226 225
227 226
228 227
229 228
230 229
231 230
232 231
233 232
234 233
235 234
236 235
237 236
238 237
239 238
240 239
241 240
242 241
243 242
244 243
245 244
246 245
247 246
248 247
249 248
250 249
251 250
252 251
253 252
254 253
255 254
256 255
257 256
258 257
259 258
260 259
261 260
262 261
263 262
264 263
265 264
266 265
267 266
268 267
268 147
269 252
270 252
271 270
272 269
273 270
274 273
275 252
276 274
277 252
278 252
279 272
280 271
281 269
282 271
283 269
284 280
285 271
286 275
287 276
288 286
289 288
290 277
291 285
292 279
293 279
294 270
295 276
296 269
297 270
298 283
299 273
300 287
301 293
302 295
303 279
304 294
305 286
306 296
307 292
308 289
309 302
310 277
311 281
312 294
313 288
314 310
315 303
316 303
317 316
318 286
319 286
320 278
321 308
322 303
323 294
324 298
325 293
326 222
327 326
328 222
329 328
330 326
331 330
332 222
333 329
334 62
335 334
336 334
337 336
338 62
339 334
340 334
341 339
342 341
343 338
344 340
345 343
346 334
347 337
348 343
349 344
350 338
351 349
352 343
353 335
354 335
355 345
356 346
357 345
358 352
359 337
360 351
361 336
362 350
363 358
364 343
365 353
366 97
367 366
368 367
369 368
369 97
370 101
371 370
372 101
373 371
374 370
375 372
376 370
377 370
378 372
379 376
380 379
381 370
382 375
383 371
384 375
385 371
386 372
387 383
388 380
389 371
390 389
391 382
392 385
393 381
394 383
395 378
396 393
397 385
398 390
399 378
400 392
401 370
402 374
403 401
404 374
405 402
406 391
407 404
408 390
409 370
410 384
411 380
412 55
413 412
414 55
415 413
416 415
417 416
418 415
419 415
420 412
421 416
422 420
423 418
424 420
425 106
426 425
427 426
428 427
429 428
430 429
431 430
432 431
433 432
434 433
435 434
436 435
437 436
438 437
439 438
440 439
441 440
442 441
443 442
444 443
445 444
446 445
447 446
448 447
449 448
450 449
451 450
452 451
453 452
454 453
455 454
456 455
457 456
458 457
459 458
459 106
460 66
461 460
462 461
462 66
463 281
464 281
465 464
466 465
467 463
468 281
469 466
470 465
471 469
472 281
473 281
474 467
475 468
476 473
477 468
478 477
479 470
480 468
481 463
482 465
483 477
484 472
485 479
486 478
487 464
488 468
489 468
490 484
491 484
492 490
493 469
494 476
495 489
496 484
497 469
498 485
499 463
500 488
501 493
502 488
503 478
504 487
505 478
506 477
507 496
508 503
509 492
510 468
511 477
512 473
513 481
514 497
515 494
516 481
517 500
518 488
519 473
520 518
521 484
522 490
523 488
524 190
525 524
526 525
527 526
528 527
529 528
530 529
531 530
532 531
533 532
534 533
535 534
536 535
537 536
538 537
539 538
540 539
541 540
542 541
543 542
544 543
545 544
546 545
547 546
548 547
549 548
550 549
551 550
552 551
553 552
554 553
555 554
556 555
557 556
558 557
559 558
560 559
561 560
562 561
563 562
564 563
565 564
566 565
567 566
568 567
569 568
570 569
571 570
572 571
573 572
574 573
575 574
576 575
577 576
578 577
579 578
580 579
581 580
582 581
583 582
584 583
585 584
586 585
587 586
588 587
589 588
590 589
591 590
592 591
593 592
594 593
595 594
596 595
597 596
598 597
599 598
600 599
601 600
602 601
603 602
604 603
605 604
606 605
607 606
608 607
609 608
610 609
611 610
612 611
613 612
614 613
615 614
616 615
617 616
618 617
619 618
620 619
620 190
621 48
622 48
623 622
624 48
625 622
626 622
627 622
628 623
629 622
630 623
631 623
632 623
633 629
634 624
635 627
636 631
637 630
638 627
639 626
640 622
641 623
642 641
643 48
644 48
645 623
646 641
647 634
648 647
649 623
650 634
651 647
652 647
653 629
654 628
655 631
656 642
657 656
658 633
659 48
660 657
661 625
662 634
663 655
664 656
665 647
666 629
667 627
668 626
669 643
670 623
671 639
672 663
673 627
674 642
675 645
676 644
677 655
678 666
679 671
680 623
681 644
682 675
683 681
684 640
685 627
686 655
687 642
688 669
689 657
690 652
691 630
692 639
693 679
694 680
695 657
696 646
697 694
698 627
699 636
700 633
701 660
702 698
703 627
704 676
705 624
706 642
707 676
708 696
709 666
710 697
711 693
712 667
713 634
714 622
715 512
716 512
717 155
718 717
719 718
720 719
721 720
722 721
723 722
724 723
725 724
726 725
727 726
728 727
729 728
730 729
731 730
732 731
733 732
734 733
735 734
736 735
737 736
738 737
739 738
740 739
741 740
742 741
743 742
744 743
745 744
746 745
747 746
748 747
749 748
750 749
751 750
752 751
753 752
754 753
755 754
756 755
757 756
758 757
759 758
760 759
761 760
762 761
763 762
764 763
765 764
766 765
767 766
768 767
769 768
770 769
771 770
772 771
773 772
774 773
775 774
776 775
777 776
778 777
779 778
780 779
781 780
782 781
783 782
784 783
784 155
785 38
786 785
787 38
788 787
789 788
790 786
791 785
792 785
793 786
794 791
795 793
796 791
797 791
798 792
799 793
800 38
801 800
802 799
803 790
804 789
805 787
806 795
807 801
808 793
809 801
810 794
811 792
812 797
813 794
814 786
815 811
816 790
817 807
818 797
819 788
820 798
821 818
822 785
823 789
824 807
825 384
826 825
827 826
828 827
829 828
830 829
831 830
832 831
833 832
834 833
835 834
836 835
837 836
838 837
839 838
840 839
841 840
842 841
843 842
844 843
845 844
846 845
847 846
848 847
849 848
850 849
851 850
852 851
853 852
854 853
855 854
856 855
857 856
858 857
859 858
860 859
861 860
862 861
863 862
864 863
864 384
865 509
866 865
867 866
868 867
869 868
870 869
871 870
872 871
873 872
874 873
875 874
876 875
877 876
878 877
879 878
880 879
881 880
882 881
883 882
884 883
885 884
886 885
887 886
888 887
889 888
890 889
891 890
892 891
893 892
893 509
894 276
895 894
896 895
897 896
898 897
899 898
900 899
901 900
902 901
903 902
904 903
905 904
906 905
907 906
908 907
908 276
909 457
910 909
911 910
912 911
913 912
914 913
915 914
916 915
917 916
918 917
919 918
920 919
921 920
922 921
923 922
924 923
925 924
926 925
927 926
928 927
929 928
930 929
931 930
932 931
933 932
934 933
935 934
936 935
937 936
938 937
939 938
940 939
941 940
942 941
943 942
944 943
945 944
946 945
947 946
948 947
949 948
950 949
951 950
952 951
953 952
954 953
955 954
956 955
957 956
958 957
959 958
960 959
961 960
962 961
963 962
964 963
965 964
966 965
967 966
968 967
969 968
970 969
971 970
971 457
972 289
973 289
974 289
975 973
976 974
977 972
978 289
979 972
980 978
981 978
982 972
983 982
984 723
985 723
986 723
987 984
988 723
989 986
990 988
991 990
992 987
993 991
994 990
995 994
996 984
997 990
998 997
999 995
1000 992
1001 993
1002 989
1003 723
1004 997
1005 1000
1006 996
1007 992
1008 1000
1009 1006
1010 1002
1011 985
1012 1007
1013 1002
1014 985
1015 1006
1016 997
1017 994
1018 1016
1019 1012
1020 986
1021 1006
1022 1015
1023 1006
1024 987
1025 1004
1026 1004
1027 1017
1028 1027
1029 1008
1030 1005
1031 1009
1032 1029
1033 1003
1034 990
1035 1017
1036 1003
1037 1021
1038 1027
1039 1008
1040 1020
1041 1019
1042 989
1043 991
1044 985
1045 1007
1046 1005
1047 1028
1048 463
1049 1048
1050 1049
1051 463
1052 1050
1053 1048
1054 1048
1055 1053
1056 1050
1057 1054
1058 1053
1059 1057
1060 1058
1061 1058
1062 1055
1063 1062
1064 1055
1065 1056
1066 1051
1067 463
1068 1067
1069 1055
1070 1030
1071 1030
1072 1030
1073 1030
1074 1070
1075 1030
1076 1030
1077 1030
1078 1077
1079 1030
1080 1079
1081 1079
1082 1081
1083 1070
1084 1080
1085 1072
1086 1073
1087 1076
1088 1071
1089 1087
1090 1089
1091 1076
1092 1077
1093 1086
1094 1091
1095 1078
1096 1072
1097 1071
1098 1090
1099 1079
1100 1097
1101 1080
1102 1089
1103 1077
1104 1095
1105 1095
1106 1080
1107 1081
1108 1105
1109 1103
1110 1070
1111 1072
1112 1111
1113 1089
1114 1092
1115 1083
1116 1030
1117 1075
1118 1070
1119 1090
1120 1115
1121 1073
1122 1096
1123 1107
1124 1119
1125 1103
1126 1112
1127 1083
1128 1088
1129 1100
1130 1101
1131 1077
1132 1094
1133 1130
1134 1084
1135 1092
1136 1115
1137 1084
1138 1124
1139 1103
1140 1128
1141 1086
1142 1127
1143 1142
1144 1137
1145 697
1146 1145
1147 1146
1148 1147
1149 1148
1150 1149
1151 1150
1152 1151
1153 1152
1154 1153
1155 1154
1156 1155
1157 1156
1158 1157
1159 1158
1160 1159
1161 1160
1162 1161
1163 1162
1164 1163
1165 1164
1166 1165
1167 1166
1168 1167
1169 1168
1170 1169
1171 1170
1172 1171
1173 1172
1174 1173
1175 1174
1176 1175
1177 1176
1178 1177
1179 1178
1180 1179
1181 1180
1182 1181
1183 1182
1184 1183
1185 1184
1186 1185
1187 1186
1188 1187
1189 1188
1190 1189
1191 1190
1192 1191
1193 1192
1194 1193
1195 1194
1196 1195
1197 1196
1198 1197
1199 1198
1200 1199
1201 1200
1202 1201
1202 697
1203 846
1204 846
1205 1204
1206 1205
1207 1203
1208 1204
1209 1204
1210 1203
1211 1207
1212 1208
1213 1205
1214 1210
1215 1210
1216 1211
1217 1203
1218 1203
1219 1217
1220 1206
1221 1204
1222 1211
1223 1211
1224 1223
1225 1014
1226 1014
1227 1225
1228 1014
1229 1014
1230 1229
1231 1228
1232 1230
1233 1232
1234 1231
1235 1226
1236 1235
1237 1229
1238 1014
1239 1228
1240 1229
1241 1235
1242 1240
1243 1230
1244 1238
1245 1231
1246 1244
1247 1014
1248 1228
1249 1238
1250 1229
1251 1227
1252 1241
1253 1248
1254 1244
1255 1226
1256 1243
1257 1252
1258 1235
1259 1253
1260 945
1261 945
1262 945
1263 1262
1264 1260
1265 1263
1266 1261
1267 1264
1268 1266
1269 1268
1270 1262
1271 1264
1272 1268
1273 1263
1274 1262
1275 1269
1276 1266
1277 1269
1278 1275
1279 1275
1280 1273
1281 1263
1282 1279
1283 1269
1284 1266
1285 1261
1286 1278
1287 1277
1288 1274
1289 109
1290 1289
1291 1290
1292 1290
1293 1289
1294 1292
1295 1289
1296 1294
1297 1294
1298 1290
1299 1291
1300 1298
1301 109
1302 1296
1303 1293
1304 109
1305 1303
1306 1289
1307 1301
1308 1304
1309 1291
1310 1306
1311 1301
1312 1300
1313 1297
1314 1311
1315 1300
1316 1295
1317 1289
1318 1300
1319 1289
1320 1307
1321 1300
1322 1294
1323 1304
1324 1321
1325 1293
1326 1289
1327 1319
1328 1309
1329 1328
1330 1300
1331 1309
1332 1328
1333 1304
1334 1295
1335 1299
1336 1292
1337 1326
1338 1307
1339 1323
1340 1292
1341 1314
1342 1310
1343 1306
1344 1305
1345 1319
1346 1321
1347 1315
1348 1321
1349 1326
1350 1333
1351 1343
1352 1332
1353 1319
1354 1341
1355 1327
1356 1322
1357 1298
1358 1350
1359 1357
1360 1327
1361 1343
1362 1357
1363 665
1364 1363
1365 1364
1366 1365
1367 1366
1368 1367
1369 1368
1370 1369
1371 1370
1372 1371
1373 1372
1374 1373
1375 1374
1376 1375
1377 1376
1378 1377
1379 1378
1380 1379
1381 1380
1382 1381
1383 1382
1384 1383
1385 1384
1386 1385
1387 1386
1388 1387
1389 1388
1390 1389
1391 1390
1392 1391
1393 1392
1394 1393
1395 1394
1396 1395
1397 1396
1398 1397
1399 1398
1400 1399
1401 1400
1402 1401
1403 1402
1404 1403
1405 1404
1406 1405
1407 1406
1408 1407
1409 1408
1410 1409
1411 1410
1412 1411
1413 1412
1414 1413
1415 1414
1416 1415
1417 1416
1418 1417
1419 1418
1420 1419
1421 1420
1422 1421
1423 1422
1424 1423
1425 1424
1426 1425
1427 1426
1428 1427
1429 1428
1430 1429
1431 1430
1432 1431
1433 1432
1434 1433
1435 1434
1436 1435
1437 1436
1438 1437
1439 1438
1440 1439
1441 1440
1441 665
1442 802
1443 802
1444 1442
1445 1444
1446 1444
1447 1443
1448 1446
1449 1443
1450 1444
1451 1449
1452 1444
1453 1449
1454 1449
1455 1443
1456 1448
1457 1447
1458 1447
1459 1449
1460 1451
1461 1449
1462 1449
1463 1455
1464 1442
1465 1447
1466 1451
1467 291
1468 1467
1469 1468
1470 1469
1471 1470
1472 1471
1473 1472
1474 1473
1475 1474
1476 1475
1477 1476
1478 1477
1479 1478
1480 1479
1481 1480
1482 1481
1483 1482
1484 1483
1485 1484
1486 1485
1487 1486
1488 1487
1489 1488
1490 1489
1491 1490
1492 1491
1493 1492
1494 1493
1495 1494
1496 1495
1497 1496
1498 1497
1499 1498
1500 1499
1501 1500
1502 1501
1503 1502
1504 1503
1505 1504
1506 1505
1507 1506
1508 1507
1509 1508
1510 1509
1511 1510
1512 1511
1513 1512
1514 1513
1515 1514
1516 1515
1516 291
1517 1515
1518 1515
1519 1515
1520 1519
1521 1515
1522 1518
1523 1521
1524 1523
1525 1521
1526 1522
1527 1526
1528 1515
1529 1527
1530 1520
1531 1515
1532 1519
1533 1522
1534 1525
1535 1534
1536 1530
1537 1534
1538 1534
1539 1536
1540 1537
1541 1528
1542 1032
1543 1032
1544 1542
1545 1542
1546 1544
1547 1545
1548 1542
1549 1542
1550 1543
1551 1032
1552 1543
1553 1549
1554 1543
1555 1544
1556 1550
1557 1553
1558 1553
1559 1542
1560 1554
1561 1547
1562 1560
1563 1559
1564 1554
1565 1561
1566 1550
1567 1552
1568 1557
1569 1550
1570 1547
1571 1556
1572 1556
1573 1557
1574 1560
1575 1574
1576 1549
1577 1551
1578 1557
1579 1544
1580 1565
1581 1544
1582 1577
1583 1576
1584 1561
1585 1567
1586 1568
1587 1557
1588 1577
1589 1555
1590 1562
1591 1558
1592 1566
1593 1566
1594 1570
1595 1588
1596 1582
1597 1032
1598 1559
1599 1556
1600 1554
1601 1590
1602 1576
1603 1569
1604 1572
1605 561
1606 561
1607 1605
1608 1607
1609 561
1610 1608
1611 1607
1612 1607
1613 1605
1614 1610
1615 1610
1616 1608
1617 1607
1618 1609
1619 1610
1620 1608
1621 1611
1622 1612
1623 1617
1624 561
1625 1617
1626 1618
1627 1610
1628 1606
1629 1606
1630 1622
1631 1616
1632 1617
1633 1617
1634 1619
1635 1606
1636 1617
1637 1609
1638 1616
1639 1609
1640 1612
1641 1623
1642 1623
1643 1637
1644 1618
1645 1642
1646 1640
1647 1624
1648 1610
1649 1622
1650 1608
1651 1626
1652 1618
1653 1605
1654 1652
1655 1612
1656 1636
1657 1611
1658 1657
1659 1625
1660 1659
1661 1653
1662 1650
1663 1637
1664 1618
1665 1607
1666 1659
1667 1625
1668 1621
1669 1609
1670 1612
1671 1643
1672 1614
1673 1612
1674 1605
1675 561
1676 1665
1677 1658
1678 1612
1679 1640
1680 1669
1681 770
1682 1681
1683 770
1684 1682
1685 1684
1686 1681
1687 1683
1688 1683
1689 1681
1690 1688
1691 1690
1692 1685
1693 1691
1694 1687
1695 1688
1696 1693
1697 1684
1698 1002
1699 1698
1700 1699
1701 1700
1702 1701
1703 1702
1704 1703
1705 1704
1706 1705
1707 1706
1708 1707
1709 1708
1710 1709
1711 1710
1712 1711
1713 1712
1714 1713
1715 1714
1716 1715
1717 1716
1718 1717
1719 1718
1720 1719
1721 1720
1722 1721
1723 1722
1724 1723
1725 1724
1726 1725
1727 1726
1728 1727
1729 1728
1730 1729
1731 1730
1732 1731
1733 1732
1734 1733
1735 1734
1736 1735
1737 1736
1738 1737
1739 1738
1740 1739
1741 1740
1742 1741
1743 1742
1744 1743
1745 1744
1746 1745
1747 1746
1748 1747
1749 1748
1750 1749
1751 1750
1751 1002
1752 561
1753 1752
1754 1753
1755 1754
1756 1755
1757 1756
1758 1757
1759 1758
1760 1759
1761 1760
1762 1761
1763 1762
1764 1763
1765 1764
1766 1765
1767 1766
1768 1767
1769 1768
1770 1769
1771 1770
1772 1771
1773 1772
1774 1773
1775 1774
1776 1775
1777 1776
1778 1777
1779 1778
1780 1779
1781 1780
1782 1781
1783 1782
1784 1783
1785 1784
1786 1785
1787 1786
1788 1787
1789 1788
1790 1789
1791 1790
1792 1791
1793 1792
1794 1793
1795 1794
1796 1795
1797 1796
1798 1797
1799 1798
1800 1799
1801 1800
1802 1801
1803 1802
1804 1803
1805 1804
1806 1805
1807 1806
1808 1807
1809 1808
1810 1809
1811 1810
1812 1811
1813 1812
1814 1813
1815 1814
1816 1815
1817 1816
1818 1817
1819 1818
1820 1819
1821 1820
1822 1821
1823 1822
1824 1823
1825 1824
1826 1825
1827 1826
1828 1827
1829 1828
1830 1829
1831 1830
1832 1831
1833 1832
1834 1833
1835 1834
1836 1835
1837 1836
1838 1837
1838 561
1839 1475
1840 1839
1841 1840
1842 1841
1843 1842
1844 1843
1845 1844
1846 1845
1847 1846
1848 1847
1849 1848
1850 1849
1851 1850
1852 1851
1853 1852
1854 1853
1855 1854
1856 1855
1857 1856
1858 1857
1859 1858
1860 1859
1861 1860
1862 1861
1863 1862
1864 1863
1865 1864
1866 1865
1867 1866
1868 1867
1869 1868
1870 1869
1871 1870
1872 1871
1873 1872
1874 1873
1875 1874
1876 1875
1876 1475
1877 19
1878 19
1879 1878
1880 19
1881 19
1882 1881
1883 1882
1884 19
1885 1883
1886 1885
1887 1878
1888 1885
1889 1888
1890 1888
1891 1890
1892 1878
1893 1883
1894 1893
1895 1887
1896 1882
1897 1893
1898 1891
1899 1898
1900 1888
1901 1880
1902 1901
1903 1881
1904 1888
1905 1900
1906 1893
1907 1903
1908 1892
1909 1885
1910 1902
1911 1908
1912 1904
1913 1904
1914 1905
1915 1881
1916 1891
1917 1889
1918 1913
1919 1885
1920 1911
1921 1907
1922 1903
1923 1540
1924 1923
1925 1924
1926 1925
1927 1926
1928 1927
1929 1928
1930 1929
1931 1930
1932 1931
1933 1932
1934 1933
1935 1934
1936 1935
1937 1936
1938 1937
1939 1938
1940 1939
1941 1940
1942 1941
1943 1942
1944 1943
1945 1944
1946 1945
1947 1946
1948 1947
1949 1948
1950 1949
1951 1950
1952 1951
1953 1952
1954 1953
1955 1954
1956 1955
1957 1956
1958 1957
1959 1958
1960 1959
1961 1960
1962 1961
1963 1962
1964 1963
1965 1964
1966 1965
1967 1966
1968 1967
1969 1968
1970 1969
1971 1970
1972 1971
1973 1972
1974 1973
1975 1974
1976 1975
1977 1976
1978 1977
1979 1978
1980 1979
1980 1540
1981 234
1982 1981
1983 1982
1984 1983
1985 1984
1986 1985
1987 1986
1988 1987
1989 1988
1990 1989
1991 1990
1992 1991
1993 1992
1994 1993
1995 1994
1996 1995
1997 1996
1998 1997
1999 1998
2000 1999
2001 2000
2002 2001
2003 2002
2004 2003
2004 234
2005 482
2006 2005
2007 2006
2008 2007
2009 2008
2010 2009
2011 2010
2012 2011
2013 2012
2014 2013
2015 2014
2016 2015
2017 2016
2018 2017
2019 2018
2020 2019
2021 2020
2022 2021
2023 2022
2024 2023
2025 2024
2026 2025
2027 2026
2028 2027
2029 2028
2030 2029
2031 2030
2032 2031
2033 2032
2033 482
2034 320
2035 320
2036 2035
2037 2034
2038 320
2039 2038
2040 2036
2041 2038
2042 2037
2043 2041
2044 2034
2045 1677
2046 2045
2047 2045
2048 1677
2049 2045
2050 2046
2051 1677
2052 2049
2053 2045
2054 2045
2055 2048
2056 2046
2057 2052
2058 2045
2059 590
2060 2059
2061 2060
2062 590
2063 2062
2064 2061
2065 2064
2066 2063
2067 2065
2068 2060
2069 2065
2070 2065
2071 2067
2072 2070
2073 2067
2074 2072
2075 2061
2076 2070
2077 2064
2078 2076
2079 2063
2080 2068
2081 2077
2082 2081
2083 2078
2084 2077
2085 2068
2086 2074
2087 2059
2088 2067
2089 2082
2090 2082
2091 2078
2092 2084
2093 2084
2094 2090
2095 2080
2096 2062
2097 2061
2098 1532
2099 2098
2100 2099
2101 2100
2102 2101
2103 2102
2104 2103
2105 2104
2106 2105
2107 2106
2108 2107
2109 2108
2110 2109
2111 2110
2112 2111
2113 2112
2114 2113
2115 2114
2116 2115
2117 2116
2117 1532
2118 50
2119 2118
2120 50
2121 50
2122 2118
2123 2122
2124 2119
2125 2124
2126 2119
2127 2120
2128 2123
2129 2122
2130 2127
2131 2124
2132 2123
2133 2128
2134 2118
2135 2134
2136 2129
2137 2118
2138 2129
2139 2137
2140 2118
2141 2123
2142 2125
2143 2123
2144 50
2145 2122
2146 2142
2147 2141
2148 2142
2149 2134
2150 2119
2151 2131
2152 2140
2153 2135
2154 2138
2155 2139
2156 2134
2157 2146
2158 2124
2159 2145
2160 2152
2161 2137
2162 2160
2163 2135
2164 2121
2165 2129
2166 2119
2167 2136
2168 2130
2169 2130
2170 2169
2171 2140
2172 2154
2173 2147
2174 2123
2175 2166
2176 2171
2177 2155
2178 2135
2179 2152
2180 2179
2181 2137
2182 2165
2183 2123
2184 2165
2185 2125
2186 2153
2187 2156
2188 2160
2189 2156
2190 2128
2191 2159
2192 2168
2193 2124
2194 2184
2195 2192
2196 2170
2197 2182
2198 2147
2199 2118
2200 2195
2201 2131
2202 2176
2203 2178
2204 2183
2205 2135
2206 2155
2207 2130
2208 2154
2209 2189
2210 2195
2211 2201
2212 2173
2213 2160
2214 2146
2215 2136
2216 412
2217 412
2218 2216
2219 412
2220 412
2221 2218
2222 2216
2223 2218
2224 2219
2225 2222
2226 2220
2227 2218
2228 412
2229 2218
2230 2225
2231 2223
2232 2223
2233 2039
2234 2233
2235 2234
2236 2235
2237 2236
2238 2237
2239 2238
2240 2239
2241 2240
2242 2241
2243 2242
2244 2243
2245 2244
2246 2245
2247 2246
2248 2247
2249 2248
2250 2249
2251 2250
2252 2251
2253 2252
2254 2253
2255 2254
2256 2255
2257 2256
2258 2257
2259 2258
2260 2259
2261 2260
2262 2261
2263 2262
2264 2263
2265 2264
2266 2265
2267 2266
2268 2267
2269 2268
2270 2269
2271 2270
2272 2271
2273 2272
2274 2273
2275 2274
2276 2275
2277 2276
2278 2277
2279 2278
2280 2279
2281 2280
2282 2281
2283 2282
2284 2283
2285 2284
2286 2285
2287 2286
2288 2287
2289 2288
2290 2289
2290 2039
2291 1331
2292 2291
2293 2292
2294 2293
2295 2294
2296 2295
2297 2296
2298 2297
2299 2298
2300 2299
2301 2300
2302 2301
2303 2302
2304 2303
2305 2304
2306 2305
2307 2306
2308 2307
2309 2308
2310 2309
2311 2310
2312 2311
2313 2312
2314 2313
2315 2314
2316 2315
2317 2316
2318 2317
2319 2318
2320 2319
2321 2320
2322 2321
2323 2322
2324 2323
2325 2324
2326 2325
2327 2326
2328 2327
2329 2328
2330 2329
2331 2330
2332 2331
2333 2332
2334 2333
2335 2334
2336 2335
2337 2336
2338 2337
2339 2338
2340 2339
2341 2340
2342 2341
2343 2342
2344 2343
2345 2344
2346 2345
2347 2346
2348 2347
2349 2348
2350 2349
2351 2350
2352 2351
2353 2352
2354 2353
2355 2354
2356 2355
2357 2356
2358 2357
2359 2358
2360 2359
2361 2360
2362 2361
2363 2362
2364 2363
2365 2364
2366 2365
2367 2366
2368 2367
2369 2368
2370 2369
2371 2370
2372 2371
2373 2372
2374 2373
2375 2374
2376 2375
2377 2376
2378 2377
2379 2378
2380 2379
2381 2380
2382 2381
2383 2382
2384 2383
2385 2384
2386 2385
2387 2386
2388 2387
2389 2388
2389 1331
2390 397
2391 2390
2392 2391
2393 2392
2394 2393
2395 2394
2396 2395
2397 2396
2398 2397
2399 2398
2400 2399
2401 2400
2402 2401
2403 2402
2404 2403
2405 2404
2406 2405
2407 2406
2408 2407
2409 2408
2410 2409
2411 2410
2412 2411
2413 2412
2414 2413
2415 2414
2416 2415
2417 2416
2418 2417
2419 2418
2420 2419
2421 2420
2422 2421
2423 2422
2424 2423
2424 397
2425 988
2426 2425
2427 2426
2428 2425
2429 2425
2430 988
2431 2427
2432 2431
2433 2426
2434 2432
2435 2434
2436 2425
2437 2436
2438 2434
2439 2433
2440 2433
2441 2425
2442 2438
2443 2429
2444 2439
2445 2426
2446 2436
2447 2435
2448 2432
2449 2432
2450 2439
2451 2438
2452 2435
2453 2428
2454 988
2455 2425
2456 988
2457 2429
2458 2445
2459 2453
2460 2439
2461 2447
2462 2435
2463 2445
2464 2447
2465 2438
2466 2432
2467 2443
2468 2448
2469 2460
2470 2464
2471 2427
2472 2448
2473 2435
2474 2440
2475 2439
2476 2459
2477 2431
2478 2426
2479 988
2480 2466
2481 2446
2482 2435
2483 2442
2484 2456
2485 2436
2486 988
2487 2448
2488 2449
2489 2470
2490 2461
2491 2489
2492 2441
2493 2427
2494 2441
2495 2457
2496 2475
2497 2476
2498 2454
2499 2441
2500 2447
2501 2447
2502 2486
2503 2477
2504 2467
2505 2460
2506 2489
2507 2482
2508 2499
2509 2485
2510 2494
2511 2429
2512 2457
2513 2450
2514 2452
2515 2459
2516 988
2517 2516
2518 2517
2519 2518
2520 2519
2521 2520
2522 2521
2523 2522
2524 2523
2525 2524
2526 2525
2527 2526
2528 2527
2529 2528
2530 2529
2531 2530
2532 2531
2533 2532
2534 2533
2535 2534
2536 2535
2537 2536
2538 2537
2539 2538
2540 2539
2541 2540
2542 2541
2543 2542
2544 2543
2545 2544
2546 2545
2547 2546
2548 2547
2549 2548
2550 2549
2551 2550
2552 2551
2553 2552
2554 2553
2555 2554
2556 2555
2557 2556
2558 2557
2559 2558
2560 2559
2561 2560
2562 2561
2563 2562
2564 2563
2565 2564
2566 2565
2567 2566
2568 2567
2569 2568
2569 988
2570 151
2571 151
2572 2570
2573 151
2574 2572
2575 2570
2576 2573
2577 151
2578 151
2579 2570
2580 2570
2581 151
2582 2576
2583 2582
2584 2579
2585 2579
2586 2573
2587 2575
2588 2576
2589 151
2590 151
2591 2581
2592 2578
2593 2578
2594 2577
2595 2590
2596 2572
2597 2575
2598 2572
2599 2574
2600 2590
2601 2583
2602 2574
2603 2574
2604 2594
2605 2588
2606 2600
2607 2575
2608 2602
2609 2588
2610 2581
2611 2573
2612 2602
2613 2597
2614 2594
2615 2595
2616 2590
2617 2601
2618 2570
2619 2593
2620 2585
2621 2583
2622 2584
2623 2603
2624 2591
2625 2592
2626 1340
2627 1340
2628 1340
2629 2627
2630 1340
2631 2628
2632 2629
2633 2630
2634 2628
2635 2626
2636 2629
2637 2629
2638 2626
2639 2638
2640 2634
2641 2640
2642 2638
2643 2638
2644 2642
2645 1340
2646 2643
2647 2643
2648 1340
2649 2631
2650 2641
2651 2639
2652 2646
2653 2645
2654 1340
2655 2652
2656 2636
2657 2627
2658 2630
2659 2630
2660 1774
2661 1774
2662 1774
2663 1774
2664 2661
2665 2664
2666 2663
2667 2666
2668 2660
2669 1774
2670 2664
2671 2667
2672 2669
2673 1774
2674 2664
2675 2662
2676 2667
2677 2669
2678 1774
2679 1774
2680 2663
2681 2666
2682 2675
2683 1774
2684 2668
2685 2667
2686 2675
2687 2673
2688 2679
2689 2661
2690 2660
2691 2666
2692 2660
2693 2678
2694 2663
2695 2677
2696 2682
2697 2676
2698 2692
2699 2684
2700 2665
2701 2661
2702 2695
2703 2697
2704 2696
2705 2673
2706 2702
2707 2698
2708 2698
2709 2675
2710 2674
2711 2697
2712 2709
2713 2673
2714 2700
2715 2668
2716 2668
2717 2698
2718 2691
2719 2674
2720 2664
2721 2668
2722 2661
2723 2716
2724 2679
2725 2720
2726 2706
2727 2100
2728 2727
2729 2727
2730 1948
2731 2730
2732 2730
2733 2731
2734 2732
2735 2732
2736 2734
2737 1948
2738 2730
2739 1948
2740 2734
2741 2730
2742 2738
2743 2740
2744 2739
2745 2737
2746 2745
2747 2731
2748 2734
2749 2747
2750 2748
2751 2738
2752 2733
2753 2731
2754 2735
2755 2747
2756 2733
2757 2754
2758 2731
2759 2751
2760 2758
2761 2760
2762 2750
2763 2750
2764 2761
2765 2757
2766 2765
2767 2766
2768 2767
2769 2768
2770 2769
2771 2770
2772 2771
2773 2772
2774 2773
2775 2774
2776 2775
2777 2776
2778 2777
2779 2778
2780 2779
2781 2780
2782 2781
2783 2782
2784 2783
2785 2784
2786 2785
2787 2786
2788 2787
2789 2788
2790 2789
2791 2790
2792 2791
2793 2792
2794 2793
2795 2794
2796 2795
2797 2796
2798 2797
2799 2798
2800 2799
2801 2800
2802 2801
2803 2802
2803 2757
2804 1646
2805 2804
2806 2804
2807 2806
2808 2806
2809 2808
2810 2807
2811 2806
2812 1646
2813 2811
2814 1646
2815 2811
2816 2811
2817 2815
2818 2813
2819 1443
2820 1443
2821 1443
2822 1443
2823 1443
2824 604
2825 2824
2826 2825
2827 2826
2828 2827
2829 2828
2830 2829
2831 2830
2832 2831
2833 2832
2834 2833
2835 2834
2836 2835
2837 2836
2838 2837
2839 2838
2840 2839
2841 2840
2842 2841
2843 2842
2844 2843
2845 2844
2846 2845
2847 2846
2848 2847
2849 2848
2850 2849
2851 2850
2852 2851
2853 2852
2854 2853
2855 2854
2856 2855
2857 2856
2858 2857
2859 2858
2860 2859
2861 2860
2862 2861
2863 2862
2864 2863
2865 2864
2866 2865
2867 2866
2868 2867
2869 2868
2870 2869
2871 2870
2872 2871
2873 2872
2874 2873
2875 2874
2876 2875
2877 2876
2878 2877
2879 2878
2880 2879
2881 2880
2882 2881
2883 2882
2884 2883
2885 2884
2886 2885
2887 2886
2888 2887
2889 2888
2890 2889
2891 2890
2892 2891
2893 2892
2894 2893
2895 2894
2896 2895
2897 2896
2898 2897
2899 2898
2900 2899
2901 2900
2902 2901
2903 2902
2904 2903
2905 2904
2906 2905
2907 2906
2908 2907
2909 2908
2910 2909
2911 2910
2912 2911
2913 2912
2914 2913
2915 2914
2915 604
2916 1675
2917 1675
2918 2917
2919 2918
2920 2918
2921 1675
2922 2920
2923 2916
2924 2916
2925 2922
2926 2922
2927 2916
2928 2923
2929 2921
2930 2921
2931 2926
2932 2919
2933 2929
2934 2933
2935 2919
2936 2923
2937 2934
2938 2937
2939 2922
2940 1675
2941 2918
2942 2931
2943 2921
2944 1675
2945 2937
2946 2937
2947 2921
2948 2932
2949 2932
2950 2920
2951 2948
2952 2924
2953 2931
2954 2934
2955 2922
2956 2936
2957 2935
2958 2923
2959 2952
2960 2925
2961 208
2962 208
2963 208
2964 2962
2965 208
2966 208
2967 2963
2968 2962
2969 2968
2970 2965
2971 2966
2972 208
2973 2962
2974 2969
2975 2973
2976 2974
2977 2961
2978 2963
2979 2970
2980 2962
2981 2974
2982 2962
2983 2969
2984 2963
2985 2982
2986 2964
2987 2975
2988 2986
2989 2985
2990 2988
2991 2976
2992 2978
2993 2976
2994 2990
2995 2970
2996 2984
2997 2974
2998 2962
2999 2992
3000 2996
3001 2986
3002 2997
3003 2983
3004 2986
3005 2995
3006 2990
3007 2493
3008 2493
3009 3007
3010 2493
3011 3007
3012 3009
3013 3011
3014 3009
3015 3013
3016 3013
3017 3016
3018 3016
3019 3010
3020 3013
3021 3010
3022 3013
3023 3007
3024 3023
3025 3012
3026 3023
3027 3025
3028 3027
3029 3007
3030 3010
3031 3018
3032 3028
3033 3031
3034 3033
3035 3018
3036 3024
3037 3013
3038 3026
3039 3019
3040 3032
3041 3029
3042 3033
3043 3026
3044 3007
3045 3028
3046 3029
3047 3007
3048 3030
3049 3023
3050 3045
3051 3032
3052 3033
3053 3031
3054 3053
3055 3024
3056 3047
3057 3014
3058 3050
3059 3056
3060 3007
3061 3036
3062 3034
3063 3018
3064 3014
3065 3011
3066 2493
3067 3008
3068 3030
3069 3007
3070 3037
3071 3024
3072 2835
3073 2835
3074 2835
3075 3073
3076 3074
3077 3076
3078 3072
3079 3075
3080 3077
3081 3073
3082 3077
3083 2835
3084 2835
3085 2835
3086 2835
3087 3079
3088 3075
3089 3075
3090 3079
3091 3075
3092 3091
3093 3077
3094 3093
3095 3080
3096 3081
3097 3096
3098 3090
3099 3084
3100 3084
3101 3082
3102 3075
3103 3096
3104 3096
3105 3077
3106 3077
3107 3089
3108 3081
3109 3074
3110 3106
3111 1240
3112 1240
3113 3112
3114 1240
3115 3112
3116 3112
3117 3113
3118 3112
3119 3118
3120 3115
3121 3114
3122 3120
3123 3116
3124 3122
3125 3111
3126 3115
3127 3124
3128 3121
3129 3118
3130 3121
3131 3127
3132 3122
3133 3124
3134 3120
3135 3112
3136 3129
3137 3115
3138 3113
3139 3130
3140 3119
3141 3139
3142 3137
3143 1240
3144 3134
3145 3133
3146 3130
3147 3120
3148 3143
3149 3124
3150 3111
3151 3131
3152 3145
3153 3134
3154 3127
3155 3124
3156 3154
3157 3115
3158 3147
3159 3117
3160 3145
3161 3157
3162 3131
3163 3134
3164 3146
3165 3141
3166 3157
3167 3164
3168 3159
3169 3165
3170 3122
3171 3117
3172 3143
3173 3167
3174 3151
3175 3133
3176 3164
3177 3139
3178 3170
3179 3128
3180 3125
3181 3125
3182 3178
3183 3152
3184 3129
3185 3145
3186 3162
3187 3132
3188 3157
3189 2880
3190 2880
3191 2880
3192 3190
3193 3190
3194 3190
3195 3193
3196 1675
3197 3196
3198 3197
3199 3198
3200 3199
3201 3200
3202 3201
3203 3202
3204 3203
3205 3204
3206 3205
3207 3206
3208 3207
3209 3208
3210 3209
3211 3210
3212 3211
3213 3212
3214 3213
3215 3214
3216 3215
3217 3216
3218 3217
3219 3218
3220 3219
3221 3220
3222 3221
3223 3222
3224 3223
3225 3224
3226 3225
3227 3226
3228 3227
3229 3228
3230 3229
3231 3230
3232 3231
3233 3232
3234 3233
3235 3234
3236 3235
3237 3236
3238 3237
3239 3238
3240 3239
3241 3240
3242 3241
3243 3242
3244 3243
3245 3244
3246 3245
3247 3246
3248 3247
3249 3248
3250 3249
3251 3250
3252 3251
3253 3252
3254 3253
3255 3254
3256 3255
3257 3256
3258 3257
3259 3258
3260 3259
3261 3260
3262 3261
3263 3262
3264 3263
3265 3264
3266 3265
3267 3266
3268 3267
3269 3268
3270 3269
3271 3270
3272 3271
3273 3272
3274 3273
3275 3274
3276 3275
3277 3276
3278 3277
3279 3278
3280 3279
3281 3280
3282 3281
3283 3282
3284 3283
3285 3284
3286 3285
3287 3286
3287 1675
3288 959
3289 3288
3290 3289
3291 3290
3292 3291
3293 3292
3294 3293
3295 3294
3296 3295
3297 3296
3298 3297
3299 3298
3300 3299
3301 3300
3302 3301
3303 3302
3304 3303
3305 3304
3306 3305
3307 3306
3308 3307
3309 3308
3310 3309
3311 3310
3312 3311
3313 3312
3313 959
3314 3291
3315 3291
3316 3315
3317 3316
3318 3315
3319 3318
3320 3314
3321 3320
3322 3314
3323 3291
3324 3321
3325 3320
3326 3317
3327 3315
3328 3317
3329 3314
3330 3329
3331 3315
3332 3328
3333 3325
3334 3326
3335 3319
3336 3317
3337 3322
3338 3328
3339 3321
3340 3323
3341 3316
3342 3340
3343 3326
3344 3330
3345 3337
3346 3314
3347 3326
3348 3334
3349 3346
3350 3324
3351 3325
3352 3334
3353 3335
3354 3326
3355 3320
3356 3338
3357 3316
3358 3355
3359 3357
3360 3348
3361 3341
3362 3359
3363 3341
3364 3352
3365 3347
3366 3322
3367 3355
3368 3318
3369 3325
3370 3331
3371 3318
3372 3354
3373 3344
3374 3328
3375 3328
3376 3330
3377 3319
3378 3365
3379 3361
3380 3376
3381 3343
3382 3366
3383 3336
3384 3374
3385 3356
3386 3353
3387 3372
3388 3359
3389 1807
3390 3389
3391 3390
3392 3391
3393 3392
3394 3393
3395 3394
3396 3395
3397 3396
3398 3397
3399 3398
3400 3399
3401 3400
3402 3401
3403 3402
3404 3403
3405 3404
3406 3405
3407 3406
3408 3407
3409 3408
3410 3409
3411 3410
3412 3411
3413 3412
3414 3413
3415 3414
3416 3415
3417 3416
3418 3417
3419 3418
3420 3419
3421 3420
3422 3421
3423 3422
3424 3423
3425 3424
3426 3425
3427 3426
3428 3427
3429 3428
3430 3429
3431 3430
3432 3431
3433 3432
3434 3433
3435 3434
3436 3435
3437 3436
3438 3437
3439 3438
3440 3439
3441 3440
3442 3441
3443 3442
3444 3443
3445 3444
3446 3445
3447 3446
3448 3447
3449 3448
3450 3449
3451 3450
3452 3451
3453 3452
3454 3453
3455 3454
3456 3455
3457 3456
3458 3457
3459 3458
3460 3459
3461 3460
3462 3461
3463 3462
3463 1807
3464 2648
3465 3464
3466 3465
3467 3464
3468 3466
3469 3467
3470 3467
3471 2648
3472 3464
3473 3468
3474 3472
3475 3470
3476 3469
3477 3471
3478 3471
3479 3471
3480 3466
3481 2648
3482 3470
3483 3475
3484 3472
3485 3478
3486 3469
3487 3483
3488 3481
3489 3465
3490 3485
3491 3479
3492 3464
3493 3472
3494 3472
3495 3467
3496 3491
3497 3475
3498 3489
3499 3469
3500 3490
3501 3473
3502 3485
3503 3473
3504 3498
3505 3482
3506 3465
3507 3501
3508 3481
3509 3506
3510 3465
3511 3469
3512 3477
3513 3497
3514 3506
3515 3508
3516 3505
3517 3497
3518 3502
3519 3505
3520 3473
3521 3471
3522 3467
3523 3475
3524 3497
3525 3491
3526 3475
3527 3469
3528 3510
3529 3479
3530 3501
3531 3486
3532 3511
3533 3467
3534 3478
3535 3475
3536 2151
3537 3536
3538 3537
3539 3538
3540 3539
3541 3540
3542 3541
3543 3542
3544 3543
3545 3544
3546 3545
3547 3546
3548 3547
3549 3548
3550 3549
3551 3550
3552 3551
3553 3552
3554 3553
3555 3554
3556 3555
3557 3556
3558 3557
3559 3558
3560 3559
3561 3560
3562 3561
3563 3562
3564 3563
3565 3564
3566 3565
3567 3566
3568 3567
3569 3568
3570 3569
3571 3570
3572 3571
3573 3572
3574 3573
3575 3574
3576 3575
3577 3576
3578 3577
3579 3578
3580 3579
3580 2151
3581 263
3582 3581
3583 3582
3584 3583
3585 3584
3586 3585
3587 3586
3588 3587
3589 3588
3590 3589
3591 3590
3592 3591
3593 3592
3594 3593
3595 3594
3596 3595
3597 3596
3598 3597
3599 3598
3600 3599
3601 3600
3602 3601
3603 3602
3604 3603
3605 3604
3606 3605
3607 3606
3608 3607
3609 3608
3610 3609
3611 3610
3612 3611
3613 3612
3614 3613
3615 3614
3616 3615
3617 3616
3618 3617
3619 3618
3620 3619
3621 3620
3622 3621
3623 3622
3624 3623
3625 3624
3626 3625
3627 3626
3628 3627
3629 3628
3630 3629
3631 3630
3632 3631
3633 3632
3634 3633
3635 3634
3635 263
3636 2705
3637 3636
3638 3637
3639 3638
3640 3639
3641 3640
3642 3641
3643 3642
3644 3643
3645 3644
3646 3645
3647 3646
3648 3647
3649 3648
3650 3649
3651 3650
3652 3651
3653 3652
3654 3653
3655 3654
3656 3655
3657 3656
3658 3657
3659 3658
3660 3659
3661 3660
3662 3661
3663 3662
3664 3663
3665 3664
3666 3665
3667 3666
3668 3667
3669 3668
3670 3669
3671 3670
3672 3671
3673 3672
3674 3673
3675 3674
3676 3675
3677 3676
3678 3677
3679 3678
3680 3679
3681 3680
3682 3681
3683 3682
3684 3683
3685 3684
3686 3685
3687 3686
3688 3687
3689 3688
3690 3689
3691 3690
3692 3691
3693 3692
3694 3693
3695 3694
3696 3695
3697 3696
3698 3697
3699 3698
3700 3699
3701 3700
3702 3701
3703 3702
3704 3703
3705 3704
3706 3705
3707 3706
3708 3707
3709 3708
3710 3709
3711 3710
3712 3711
3713 3712
3714 3713
3715 3714
3716 3715
3717 3716
3718 3717
3719 3718
3720 3719
3720 2705
3721 2154
3722 3721
3723 3722
3724 3723
3725 3724
3726 3725
3727 3726
3728 3727
3729 3728
3730 3729
3731 3730
3732 3731
3733 3732
3734 3733
3735 3734
3736 3735
3737 3736
3738 3737
3739 3738
3740 3739
3741 3740
3742 3741
3743 3742
3744 3743
3745 3744
3746 3745
3747 3746
3748 3747
3749 3748
3750 3749
3751 3750
3752 3751
3753 3752
3754 3753
3755 3754
3756 3755
3757 3756
3758 3757
3759 3758
3760 3759
3761 3760
3762 3761
3763 3762
3764 3763
3765 3764
3766 3765
3767 3766
3768 3767
3769 3768
3770 3769
3771 3770
3772 3771
3773 3772
3774 3773
3775 3774
3776 3775
3777 3776
3778 3777
3779 3778
3780 3779
3781 3780
3782 3781
3783 3782
3784 3783
3784 2154
3785 1445
3786 3785
3787 3786
3788 3787
3789 3788
3790 3789
3791 3790
3792 3791
3793 3792
3794 3793
3795 3794
3796 3795
3797 3796
3798 3797
3799 3798
3800 3799
3801 3800
3802 3801
3803 3802
3804 3803
3805 3804
3806 3805
3807 3806
3808 3807
3809 3808
3810 3809
3811 3810
3812 3811
3813 3812
3814 3813
3815 3814
3816 3815
3817 3816
3818 3817
3819 3818
3820 3819
3821 3820
3822 3821
3823 3822
3824 3823
3825 3824
3826 3825
3827 3826
3828 3827
3829 3828
3830 3829
3831 3830
3832 3831
3833 3832
3834 3833
3835 3834
3836 3835
3837 3836
3837 1445
3838 2277
3839 3838
3840 3839
3841 3840
3842 3841
3843 3842
3844 3843
3845 3844
3846 3845
3847 3846
3848 3847
3849 3848
3850 3849
3851 3850
3852 3851
3853 3852
3854 3853
3855 3854
3856 3855
3857 3856
3858 3857
3859 3858
3860 3859
3861 3860
3862 3861
3863 3862
3864 3863
3865 3864
3866 3865
3867 3866
3868 3867
3869 3868
3870 3869
3871 3870
3872 3871
3873 3872
3874 3873
3875 3874
3876 3875
3877 3876
3878 3877
3879 3878
3880 3879
3881 3880
3882 3881
3883 3882
3884 3883
3885 3884
3886 3885
3887 3886
3888 3887
3889 3888
3890 3889
3891 3890
3892 3891
3893 3892
3894 3893
3895 3894
3896 3895
3897 3896
3898 3897
3899 3898
3900 3899
3901 3900
3902 3901
3903 3902
3904 3903
3905 3904
3906 3905
3907 3906
3908 3907
3909 3908
3910 3909
3911 3910
3912 3911
3913 3912
3914 3913
3914 2277
3915 1842
3916 3915
3917 3916
3918 3917
3919 3918
3920 3919
3921 3920
3922 3921
3923 3922
3924 3923
3925 3924
3926 3925
3927 3926
3928 3927
3929 3928
3930 3929
3931 3930
3932 3931
3933 3932
3934 3933
3935 3934
3936 3935
3937 3936
3938 3937
3939 3938
3940 3939
3941 3940
3942 3941
3943 3942
3944 3943
3945 3944
3946 3945
3947 3946
3948 3947
3949 3948
3950 3949
3951 3950
3951 1842
3952 976
3953 3952
3954 3953
3955 3953
3956 976
3957 976
3958 3956
3959 976
3960 3954
3961 3956
3962 3959
3963 3954
3964 3962
3965 3961
3966 3961
3967 976
3968 3964
3969 3964
3970 976
3971 3964
3972 3970
3973 3958
3974 3968
3975 3973
3976 3954
3977 3973
3978 976
3979 3964
3980 523
3981 3980
3982 3981
3983 3982
3984 3983
3985 3984
3986 3985
3987 3986
3988 3987
3989 3988
3990 3989
3991 3990
3992 3991
3993 3992
3994 3993
3995 3994
3996 3995
3997 3996
3998 3997
3999 3998
4000 3999
4001 4000
4002 4001
4003 4002
4004 4003
4005 4004
4006 4005
4007 4006
4008 4007
4009 4008
4010 4009
4011 4010
4012 4011
4013 4012
4014 4013
4015 4014
4016 4015
4017 4016
4018 4017
4019 4018
4020 4019
4021 4020
4022 4021
4023 4022
4024 4023
4025 4024
4026 4025
4027 4026
4028 4027
4029 4028
4030 4029
4031 4030
4032 4031
4033 4032
4034 4033
4035 4034
4036 4035
4037 4036
4038 4037
4039 4038
4040 4039
4041 4040
4042 4041
4043 4042
4044 4043
4045 4044
4046 4045
4047 4046
4048 4047
4048 523
4049 2847
4050 2847
4051 4049
4052 4050
4053 4051
4054 4050
4055 4050
4056 4055
4057 4051
4058 2847
4059 4055
4060 4051
4061 2847
4062 4059
4063 4049
4064 2847
4065 4051
4066 4064
4067 4053
4068 4058
4069 2847
4070 4063
4071 4067
4072 4050
4073 4066
4074 4054
4075 4074
4076 4054
4077 4064
4078 4063
4079 4060
4080 4070
4081 2847
4082 4072
4083 4051
4084 4077
4085 4061
4086 4080
4087 4064
4088 4078
4089 4072
4090 4068
4091 4086
4092 4080
4093 4057
4094 4093
4095 4052
4096 4058
4097 4073
4098 4089
4099 4068
4100 4083
4101 4088
4102 4069
4103 4067
4104 4051
4105 4049
4106 4093
4107 4075
4108 2847
4109 4100
4110 4063
4111 4090
4112 4099
4113 4075
4114 4111
4115 4093
4116 4072
4117 4055
4118 4104
4119 4055
4120 4065
4121 4058
4122 4113
4123 4099
4124 4052
4125 4107
4126 4119
4127 4119
4128 4088
4129 4053
4130 4120
4131 4077
4132 4088
4133 1706
4134 1706
4135 4134
4136 4134
4137 4134
4138 4137
4139 1706
4140 4134
4141 4134
4142 4135
4143 4141
4144 4142
4145 4134
4146 4138
4147 4139
4148 4137
4149 4140
4150 1706
4151 4146
4152 4145
4153 4146
4154 4147
4155 4148
4156 4147
4157 4150
4158 4151
4159 4145
4160 4147
4161 4160
4162 4153
4163 4136
4164 4134
4165 4162
4166 4154
4167 4163
4168 4166
4169 4157
4170 4149
4171 4134
4172 4154
4173 4148
4174 4171
4175 4170
4176 4159
4177 4144
4178 4140
4179 4164
4180 4153
4181 4145
4182 4163
4183 4156
4184 4156
4185 4179
4186 4152
4187 4140
4188 4138
4189 4170
4190 4142
4191 4158
4192 4136
4193 4174
4194 4139
4195 4187
4196 4153
4197 4186
4198 4192
4199 4184
4200 1706
4201 4143
4202 4181
4203 4195
4204 4156
4205 4203
4206 4150
4207 4199
4208 4143
4209 4149
4210 4145
4211 2647
4212 4211
4213 4212
4214 4213
4215 4214
4216 4215
4217 4216
4218 4217
4219 4218
4220 4219
4221 4220
4222 4221
4223 4222
4224 4223
4225 4224
4226 4225
4227 4226
4228 4227
4229 4228
4230 4229
4231 4230
4232 4231
4233 4232
4234 4233
4235 4234
4236 4235
4237 4236
4238 4237
4239 4238
4240 4239
4241 4240
4242 4241
4243 4242
4244 4243
4245 4244
4246 4245
4247 4246
4248 4247
4249 4248
4250 4249
4251 4250
4252 4251
4253 4252
4254 4253
4255 4254
4256 4255
4257 4256
4258 4257
4259 4258
4260 4259
4261 4260
4262 4261
4263 4262
4264 4263
4265 4264
4266 4265
4267 4266
4268 4267
4269 4268
4270 4269
4271 4270
4272 4271
4273 4272
4274 4273
4275 4274
4276 4275
4277 4276
4278 4277
4279 4278
4280 4279
4281 4280
4282 4281
4283 4282
4284 4283
4285 4284
4286 4285
4287 4286
4288 4287
4289 4288
4290 4289
4291 4290
4292 4291
4293 4292
4294 4293
4295 4294
4296 4295
4297 4296
4298 4297
4299 4298
4300 4299
4301 4300
4302 4301
4303 4302
4304 4303
4305 4304
4306 4305
4307 4306
4307 2647
4308 1913
4309 4308
4310 4309
4311 4308
4312 4311
4313 1913
4314 4309
4315 4311
4316 1913
4317 4311
4318 1913
4319 4309
4320 4318
4321 4316
4322 4311
4323 4321
4324 1913
4325 4322
4326 4318
4327 4312
4328 4317
4329 4328
4330 4312
4331 4316
4332 4314
4333 4310
4334 4316
4335 4316
4336 4324
4337 4325
4338 4321
4339 4330
4340 4323
4341 4319
4342 4336
4343 4339
4344 4324
4345 4316
4346 4309
4347 4315
4348 4324
4349 4310
4350 4348
4351 4342
4352 4319
4353 4314
4354 4333
4355 4352
4356 4309
4357 4347
4358 4335
4359 4342
4360 4320
4361 4329
4362 4356
4363 4331
4364 4309
4365 4362
4366 4353
4367 4312
4368 4364
4369 4368
4370 4324
4371 4332
4372 1314
4373 4372
4374 4373
4375 4374
4376 4375
4377 4376
4378 4377
4379 4378
4380 4379
4381 4380
4382 4381
4383 4382
4384 4383
4385 4384
4386 4385
4387 4386
4388 4387
4389 4388
4390 4389
4391 4390
4392 4391
4393 4392
4394 4393
4395 4394
4396 4395
4397 4396
4398 4397
4399 4398
4400 4399
4401 4400
4402 4401
4403 4402
4404 4403
4405 4404
4405 1314
4406 2947
4407 4406
4408 4407
4409 4408
4410 4409
4411 4410
4412 4411
4413 4412
4414 4413
4415 4414
4416 4415
4417 4416
4418 4417
4419 4418
4420 4419
4421 4420
4422 4421
4423 4422
4424 4423
4425 4424
4426 4425
4427 4426
4428 4427
4429 4428
4430 4429
4431 4430
4432 4431
4433 4432
4434 4433
4435 4434
4436 4435
4437 4436
4438 4437
4439 4438
4440 4439
4441 4440
4442 4441
4443 4442
4444 4443
4445 4444
4446 4445
4447 4446
4448 4447
4449 4448
4450 4449
4451 4450
4452 4451
4453 4452
4454 4453
4455 4454
4456 4455
4457 4456
4458 4457
4459 4458
4460 4459
4461 4460
4462 4461
4463 4462
4464 4463
4465 4464
4466 4465
4467 4466
4468 4467
4469 4468
4470 4469
4471 4470
4472 4471
4473 4472
4474 4473
4475 4474
4476 4475
4477 4476
4478 4477
4479 4478
4480 4479
4481 4480
4482 4481
4483 4482
4484 4483
4485 4484
4486 4485
4487 4486
4488 4487
4489 4488
4490 4489
4491 4490
4492 4491
4493 4492
4494 4493
4495 4494
4496 4495
4497 4496
4498 4497
4499 4498
4500 4499
4501 4500
4502 4501
4502 2947
4503 2711
4504 4503
4505 4503
4506 4504
4507 4504
4508 4506
4509 4504
4510 2711
4511 4505
4512 4507
4513 2711
4514 4513
4515 4514
4516 4509
4517 4514
4518 4506
4519 4518
4520 4504
4521 4506
4522 4513
4523 4506
4524 4523
4525 4510
4526 4524
4527 2711
4528 4510
4529 4513
4530 4523
4531 4514
4532 4505
4533 4528
4534 4533
4535 4528
4536 4521
4537 4526
4538 4533
4539 4510
4540 2711
4541 4524
4542 2711
4543 4505
4544 4506
4545 4503
4546 4536
4547 4516
4548 4545
4549 4537
4550 4529
4551 4506
4552 4550
4553 4524
4554 4533
4555 4539
4556 4511
4557 4537
4558 2711
4559 4551
4560 4547
4561 1305
4562 4561
4563 4562
4564 4563
4565 4564
4566 4565
4567 4566
4568 4567
4569 4568
4570 4569
4571 4570
4572 4571
4573 4572
4574 4573
4575 4574
4576 4575
4577 4576
4578 4577
4579 4578
4580 4579
4581 4580
4582 4581
4583 4582
4584 4583
4584 1305
4585 4371
4586 4585
4587 4586
4588 4587
4589 4588
4590 4589
4591 4590
4592 4591
4593 4592
4594 4593
4595 4594
4596 4595
4597 4596
4598 4597
4599 4598
4600 4599
4601 4600
4602 4601
4603 4602
4604 4603
4605 4604
4606 4605
4607 4606
4608 4607
4609 4608
4610 4609
4611 4610
4612 4611
4613 4612
4614 4613
4615 4614
4616 4615
4617 4616
4618 4617
4619 4618
4620 4619
4621 4620
4622 4621
4623 4622
4624 4623
4625 4624
4626 4625
4627 4626
4628 4627
4629 4628
4630 4629
4631 4630
4631 4371
4632 29
4633 4632
4634 1006
4635 4634
4636 4635
4637 4636
4638 4637
4639 4638
4640 4639
4641 4640
4642 4641
4643 4642
4644 4643
4645 4644
4646 4645
4647 4646
4648 4647
4649 4648
4650 4649
4650 1006
4651 423
4652 4651
4653 4652
4654 4653
4655 4654
4656 4655
4657 4656
4658 4657
4659 4658
4660 4659
4661 4660
4662 4661
4663 4662
4664 4663
4665 4664
4666 4665
4667 4666
4668 4667
4669 4668
4670 4669
4671 4670
4672 4671
4673 4672
4674 4673
4675 4674
4676 4675
4677 4676
4678 4677
4679 4678
4680 4679
4681 4680
4682 4681
4683 4682
4684 4683
4685 4684
4686 4685
4687 4686
4688 4687
4689 4688
4690 4689
4691 4690
4692 4691
4693 4692
4694 4693
4695 4694
4696 4695
4697 4696
4698 4697
4699 4698
4700 4699
4701 4700
4702 4701
4703 4702
4704 4703
4705 4704
4706 4705
4707 4706
4708 4707
4709 4708
4710 4709
4711 4710
4712 4711
4713 4712
4714 4713
4715 4714
4716 4715
4717 4716
4718 4717
4719 4718
4720 4719
4721 4720
4722 4721
4723 4722
4724 4723
4725 4724
4726 4725
4727 4726
4728 4727
4729 4728
4730 4729
4731 4730
4732 4731
4733 4732
4734 4733
4735 4734
4736 4735
4737 4736
4738 4737
4738 423
4739 3858
4740 3858
4741 4740
4742 3858
4743 4741
4744 3858
4745 4742
4746 4740
4747 4739
4748 4742
4749 4744
4750 4745
4751 4744
4752 4740
4753 4745
4754 4747
4755 4748
4756 4753
4757 3858
4758 4745
4759 4744
4760 4740
4761 3858
4762 4744
4763 4762
4764 4762
4765 4747
4766 4753
4767 4766
4768 4751
4769 4766
4770 4756
4771 4752
4772 4760
4773 4758
4774 4756
4775 4743
4776 4757
4777 4763
4778 4753
4779 4763
4780 4741
4781 4742
4782 4773
4783 4773
4784 4762
4785 4747
4786 4751
4787 4756
4788 4764
4789 4746
4790 4784
4791 4746
4792 4771
4793 4762
4794 4768
4795 4783
4796 4763
4797 4770
4798 4753
4799 4789
4800 4751
4801 4768
4802 4757
4803 4753
4804 4777
4805 4768
4806 4755
4807 4750
4808 4755
4809 4782
4810 4766
4811 4774
4812 4783
4813 4001
4814 4001
4815 4814
4816 4814
4817 4816
4818 4813
4819 4817
4820 4001
4821 4813
4822 4818
4823 4820
4824 4816
4825 4814
4826 4823
4827 4816
4828 4815
4829 4825
4830 4001
4831 4813
4832 4821
4833 4824
4834 4826
4835 4824
4836 4830
4837 4818
4838 4824
4839 4835
4840 4833
4841 4832
4842 4839
4843 4823
4844 4825
4845 4813
4846 4830
4847 4822
4848 4827
4849 4001
4850 4829
4851 4850
4852 4849
4853 4820
4854 4815
4855 4828
4856 4846
4857 4848
4858 4855
4859 4835
4860 4855
4861 4815
4862 4824
4863 4837
4864 4848
4865 4719
4866 4865
4867 4866
4868 4867
4869 4868
4870 4869
4871 4870
4872 4871
4873 4872
4874 4873
4875 4874
4876 4875
4877 4876
4878 4877
4879 4878
4880 4879
4881 4880
4882 4881
4883 4882
4884 4883
4885 4884
4886 4885
4887 4886
4888 4887
4889 4888
4890 4889
4891 4890
4892 4891
4893 4892
4894 4893
4895 4894
4896 4895
4897 4896
4898 4897
4899 4898
4900 4899
4901 4900
4902 4901
4903 4902
4904 4903
4905 4904
4906 4905
4907 4906
4908 4907
4909 4908
4910 4909
4911 4910
4912 4911
4913 4912
4914 4913
4915 4914
4916 4915
4917 4916
4918 4917
4919 4918
4920 4919
4921 4920
4922 4921
4923 4922
4924 4923
4925 4924
4926 4925
4927 4926
4928 4927
4929 4928
4930 4929
4931 4930
4932 4931
4933 4932
4934 4933
4935 4934
4936 4935
4937 4936
4938 4937
4939 4938
4940 4939
4941 4940
4942 4941
4943 4942
4944 4943
4945 4944
4946 4945
4947 4946
4948 4947
4948 4719
4949 3070
4950 4949
4951 4950
4952 4951
4953 4952
4954 4953
4955 4954
4956 4955
4957 4956
4958 4957
4959 4958
4960 4959
4961 4960
4962 4961
4963 4962
4964 4963
4965 4964
4966 4965
4967 4966
4968 4967
4969 4968
4970 4969
4971 4970
4972 4971
4973 4972
4974 4973
4975 4974
4976 4975
4977 4976
4978 4977
4979 4978
4980 4979
4980 3070
4981 3314
4982 4981
4983 4982
4984 4983
4985 4984
4986 4985
4987 4986
4988 4987
4989 4988
4990 4989
4991 4990
4992 4991
4993 4992
4994 4993
4995 4994
4996 4995
4997 4996
4998 4997
4999 4998
5000 4999
5001 5000
5002 5001
5003 5002
5004 5003
5005 5004
5006 5005
5007 5006
5008 5007
5009 5008
5010 5009
5011 5010
5012 5011
5013 5012
5014 5013
5015 5014
5016 5015
5017 5016
5018 5017
5019 5018
5020 5019
5021 5020
5022 5021
5023 5022
5024 5023
5025 5024
5026 5025
5027 5026
5028 5027
5029 5028
5030 5029
5031 5030
5032 5031
5033 5032
5034 5033
5035 5034
5036 5035
5037 5036
5038 5037
5039 5038
5040 5039
5041 5040
5042 5041
5043 5042
5044 5043
5045 5044
5046 5045
5047 5046
5048 5047
5049 5048
5050 5049
5051 5050
5052 5051
5053 5052
5054 5053
5055 5054
5056 5055
5057 5056
5058 5057
5059 5058
5060 5059
5061 5060
5062 5061
5063 5062
5064 5063
5065 5064
5066 5065
5067 5066
5068 5067
5068 3314
5069 3942
5070 3942
5071 5069
5072 5070
5073 5072
5074 5069
5075 3942
5076 3942
5077 5069
5078 5073
5079 5078
5080 5069
5081 3942
5082 5075
5083 5075
5084 5076
5085 5081
5086 5084
5087 5083
5088 5086
5089 5074
5090 5080
5091 5084
5092 3186
5093 5092
5094 5093
5095 5094
5096 5095
5097 5096
5098 5097
5099 5098
5100 5099
5101 5100
5102 5101
5103 5102
5104 5103
5105 5104
5105 3186
5106 3703
5107 5106
5108 5107
5109 5108
5110 5109
5111 5110
5112 5111
5113 5112
5114 5113
5115 5114
5116 5115
5117 5116
5118 5117
5119 5118
5120 5119
5121 5120
5122 5121
5123 5122
5124 5123
5125 5124
5126 5125
5127 5126
5128 5127
5129 5128
5130 5129
5131 5130
5132 5131
5133 5132
5134 5133
5135 5134
5136 5135
5137 5136
5138 5137
5139 5138
5140 5139
5141 5140
5142 5141
5143 5142
5144 5143
5145 5144
5145 3703
5146 1146
5147 5146
5148 5147
5149 5148
5150 5149
5151 5150
5152 5151
5153 5152
5154 5153
5155 5154
5156 5155
5157 5156
5158 5157
5159 5158
5160 5159
5161 5160
5162 5161
5163 5162
5164 5163
5165 5164
5166 5165
5167 5166
5168 5167
5169 5168
5170 5169
5171 5170
5172 5171
5173 5172
5174 5173
5175 5174
5176 5175
5177 5176
5178 5177
5179 5178
5180 5179
5181 5180
5182 5181
5183 5182
5184 5183
5185 5184
5186 5185
5187 5186
5188 5187
5189 5188
5190 5189
5191 5190
5192 5191
5193 5192
5194 5193
5195 5194
5196 5195
5197 5196
5198 5197
5199 5198
5200 5199
5201 5200
5202 5201
5203 5202
5204 5203
5205 5204
5206 5205
5207 5206
5208 5207
5209 5208
5210 5209
5211 5210
5212 5211
5213 5212
5214 5213
5215 5214
5216 5215
5217 5216
5218 5217
5219 5218
5220 5219
5221 5220
5222 5221
5223 5222
5224 5223
5225 5224
5226 5225
5227 5226
5228 5227
5229 5228
5230 5229
5231 5230
5232 5231
5233 5232
5234 5233
5235 5234
5236 5235
5237 5236
5238 5237
5239 5238
5240 5239
5241 5240
5242 5241
5243 5242
5243 1146
5244 2529
5245 5244
5246 5245
5247 5246
5248 5247
5249 5248
5250 5249
5251 5250
5252 5251
5253 5252
5254 5253
5255 5254
5256 5255
5257 5256
5258 5257
5259 5258
5260 5259
5261 5260
5261 2529
5262 3020
5263 5262
5264 5263
5265 5264
5266 5265
5267 5266
5268 5267
5268 3020
5269 1656
5270 5269
5271 5270
5272 5271
5273 5272
5274 5273
5275 5274
5276 5275
5277 5276
5278 5277
5279 5278
5280 5279
5281 5280
5282 5281
5283 5282
5284 5283
5285 5284
5286 5285
5287 5286
5288 5287
5289 5288
5290 5289
5291 5290
5292 5291
5293 5292
5294 5293
5295 5294
5296 5295
5297 5296
5298 5297
5299 5298
5300 5299
5301 5300
5302 5301
5303 5302
5304 5303
5305 5304
5306 5305
5307 5306
5308 5307
5309 5308
5310 5309
5311 5310
5312 5311
5313 5312
5314 5313
5315 5314
5316 5315
5317 5316
5318 5317
5319 5318
5320 5319
5321 5320
5322 5321
5323 5322
5324 5323
5325 5324
5326 5325
5327 5326
5328 5327
5329 5328
5330 5329
5331 5330
5332 5331
5333 5332
5334 5333
5335 5334
5336 5335
5337 5336
5338 5337
5339 5338
5340 5339
5341 5340
5342 5341
5343 5342
5344 5343
5345 5344
5346 5345
5347 5346
5348 5347
5349 5348
5350 5349
5351 5350
5352 5351
5352 1656
5353 2964
5354 5353
5355 5354
5356 5355
5357 5356
5358 5357
5359 5358
5360 5359
5361 5360
5362 5361
5363 5362
5364 5363
5365 5364
5366 5365
5367 5366
5368 5367
5369 5368
5370 5369
5371 5370
5372 5371
5373 5372
5374 5373
5375 5374
5376 5375
5377 5376
5378 5377
5379 5378
5380 5379
5381 5380
5382 5381
5383 5382
5384 5383
5385 5384
5386 5385
5387 5386
5388 5387
5389 5388
5390 5389
5391 5390
5392 5391
5393 5392
5394 5393
5395 5394
5396 5395
5397 5396
5398 5397
5399 5398
5400 5399
5401 5400
5402 5401
5403 5402
5404 5403
5405 5404
5406 5405
5407 5406
5408 5407
5409 5408
5410 5409
5410 2964
5411 1771
5412 1771
5413 5412
5414 5411
5415 5412
5416 5413
5417 5412
5418 5415
5419 5415
5420 5415
5421 5418
5422 5420
5423 5411
5424 5421
5425 5413
5426 1771
5427 5414
5428 5414
5429 5415
5430 5415
5431 5414
5432 5431
5433 5431
5434 5412
5435 5415
5436 5428
5437 5428
5438 5426
5439 5419
5440 5437
5441 5413
5442 5438
5443 5423
5444 5432
5445 5444
5446 5445
5447 5413
5448 5441
5449 5443
5450 5440
5451 5415
5452 5420
5453 5438
5454 5453
5455 5438
5456 5452
5457 5437
5458 5420
5459 5419
5460 5453
5461 1771
5462 5411
5463 5428
5464 5459
5465 5421
5466 5435
5467 5460
5468 5423
5469 5461
5470 5457
5471 5464
5472 5428
5473 5418
5474 5446
5475 5431
5476 5463
5477 1771
5478 5411
5479 5456
5480 5427
5481 5426
5482 5413
5483 5416
5484 5472
5485 5417
5486 5474
5487 5434
5488 5452
5489 5412
5490 1771
5491 5438
5492 5451
5493 5460
5494 5415
5495 5485
5496 5465
5497 5435
5498 5470
5499 5454
5500 5491
5501 5498
5502 5460
5503 5438
5504 5492
5505 5439
5506 5466
5507 5414
5508 5433
5509 5486
5510 1381
5511 5510
5512 5511
5513 5512
5514 5513
5515 5514
5516 5515
5517 5516
5518 5517
5519 5518
5520 5519
5521 5520
5522 5521
5523 5522
5524 5523
5525 5524
5526 5525
5527 5526
5528 5527
5529 5528
5530 5529
5531 5530
5532 5531
5533 5532
5534 5533
5535 5534
5536 5535
5537 5536
5538 5537
5539 5538
5540 5539
5541 5540
5542 5541
5543 5542
5544 5543
5545 5544
5546 5545
5547 5546
5548 5547
5549 5548
5550 5549
5551 5550
5552 5551
5553 5552
5554 5553
5555 5554
5556 5555
5557 5556
5558 5557
5559 5558
5560 5559
5561 5560
5562 5561
5563 5562
5564 5563
5565 5564
5566 5565
5567 5566
5568 5567
5569 5568
5570 5569
5571 5570
5572 5571
5573 5572
5574 5573
5575 5574
5576 5575
5577 5576
5578 5577
5579 5578
5580 5579
5581 5580
5582 5581
5583 5582
5584 5583
5585 5584
5586 5585
5587 5586
5588 5587
5589 5588
5590 5589
5591 5590
5592 5591
5593 5592
5594 5593
5595 5594
5596 5595
5597 5596
5598 5597
5599 5598
5600 5599
5601 5600
5602 5601
5603 5602
5604 5603
5605 5604
5606 5605
5607 5606
5607 1381
5608 1721
5609 5608
5610 1721
5611 5610
5612 5608
5613 1721
5614 5609
5615 5608
5616 5614
5617 5615
5618 5616
5619 3244
5620 5619
5621 5619
5622 3244
5623 5622
5624 5623
5625 5623
5626 5619
5627 5619
5628 5621
5629 5622
5630 5620
5631 5625
5632 5625
5633 5632
5634 5623
5635 5629
5636 3244
5637 5636
5638 5630
5639 5631
5640 5634
5641 5640
5642 5639
5643 5638
5644 5632
5645 5627
5646 5621
5647 5629
5648 5647
5649 5626
5650 5645
5651 5639
5652 5626
5653 5619
5654 5629
5655 5633
5656 5627
5657 5645
5658 5641
5659 5645
5660 5620
5661 5640
5662 5657
5663 5631
5664 5620
5665 5637
5666 5644
5667 5652
5668 5654
5669 5644
5670 5656
5671 5654
5672 5659
5673 5660
5674 5525
5675 5674
5676 5675
5677 5676
5678 5677
5679 5678
5680 5679
5681 5680
5682 5681
5683 5682
5684 5683
5685 5684
5686 5685
5687 5686
5688 5687
5689 5688
5690 5689
5691 5690
5692 5691
5693 5692
5694 5693
5695 5694
5696 5695
5697 5696
5698 5697
5699 5698
5700 5699
5701 5700
5702 5701
5703 5702
5704 5703
5705 5704
5706 5705
5707 5706
5708 5707
5709 5708
5710 5709
5711 5710
5712 5711
5713 5712
5714 5713
5715 5714
5716 5715
5717 5716
5718 5717
5719 5718
5719 5525
5720 5693
5721 5693
5722 5693
5723 5720
5724 5721
5725 5723
5726 5693
5727 5725
5728 5727
5729 5724
5730 5724
5731 5721
5732 5727
5733 5730
5734 5731
5735 5734
5736 336
5737 336
5738 5736
5739 5738
5740 5737
5741 5738
5742 5741
5743 5742
5744 5738
5745 5736
5746 5738
5747 5738
5748 5741
5749 5740
5750 5738
5751 5740
5752 5738
5753 5748
5754 5751
5755 1168
5756 5755
5757 5756
5758 5755
5759 5757
5760 1567
5761 1567
5762 5760
5763 1567
5764 1567
5765 5760
5766 5763
5767 5766
5768 5762
5769 5765
5770 5760
5771 5762
5772 5765
5773 1567
5774 5771
5775 5769
5776 5767
5777 5775
5778 5773
5779 5769
5780 5776
5781 5766
5782 5775
5783 5780
5784 5770
5785 5775
5786 2120
5787 5786
5788 2120
5789 5786
5790 5789
5791 5786
5792 5790
5793 5788
5794 5791
5795 5786
5796 5794
5797 5786
5798 5795
5799 5795
5800 5788
5801 5789
5802 5800
5803 5800
5804 5800
5805 5786
5806 5797
5807 5789
5808 5804
5809 5795
5810 5806
5811 5808
5812 5798
5813 5788
5814 5796
5815 5810
5816 5814
5817 5806
5818 5789
5819 5817
5820 5818
5821 5796
5822 5806
5823 5814
5824 5808
5825 5801
5826 5795
5827 5801
5828 5800
5829 5815
5830 5795
5831 5807
5832 5826
5833 5803
5834 5810
5835 5834
5836 5800
5837 5810
5838 5830
5839 5805
5840 5795
5841 5830
5842 5786
5843 5837
5844 5837
5845 5815
5846 5830
5847 5839
5848 5791
5849 5834
5850 5812
5851 5801
5852 5827
5853 5797
5854 5787
5855 5840
5856 5805
5857 2120
5858 5791
5859 5791
5860 5853
5861 5851
5862 5860
5863 5790
5864 5788
5865 4749
5866 5865
5867 5866
5868 5867
5869 5868
5870 5869
5871 5870
5872 5871
5873 5872
5874 5873
5875 5874
5876 5875
5877 5876
5878 5877
5879 5878
5880 5879
5880 4749
5881 82
5882 5881
5883 5882
5884 82
5885 5883
5886 5883
5887 5885
5888 5886
5889 5139
5890 5889
5891 5890
5892 5891
5893 5892
5894 5893
5895 5894
5896 5895
5897 5896
5898 5897
5899 5898
5900 5899
5901 5900
5902 5901
5903 5902
5904 5903
5905 5904
5906 5905
5907 5906
5908 5907
5909 5908
5910 5909
5911 5910
5912 5911
5913 5912
5914 5913
5915 5914
5916 5915
5917 5916
5918 5917
5919 5918
5920 5919
5921 5920
5922 5921
5923 5922
5924 5923
5925 5924
5926 5925
5927 5926
5928 5927
5929 5928
5930 5929
5931 5930
5932 5931
5933 5932
5934 5933
5935 5934
5936 5935
5937 5936
5938 5937
5939 5938
5940 5939
5941 5940
5942 5941
5943 5942
5944 5943
5945 5944
5946 5945
5946 5139
5947 1118
5948 5947
5949 5948
5950 5949
5951 5950
5952 5951
5953 5952
5954 5953
5955 5954
5956 5955
5957 5956
5958 5957
5959 5958
5960 5959
5961 5960
5962 5961
5963 5962
5964 5963
5965 5964
5966 5965
5967 5966
5968 5967
5969 5968
5970 5969
5971 5970
5972 5971
5973 5972
5974 5973
5975 5974
5976 5975
5977 5976
5978 5977
5979 5978
5980 5979
5981 5980
5982 5981
5983 5982
5984 5983
5985 5984
5986 5985
5987 5986
5988 5987
5989 5988
5990 5989
5991 5990
5992 5991
5993 5992
5994 5993
5995 5994
5996 5995
5997 5996
5998 5997
5999 5998
6000 5999
6001 6000
6002 6001
6003 6002
6004 6003
6005 6004
6006 6005
6007 6006
6008 6007
6009 6008
6010 6009
6011 6010
6012 6011
6013 6012
6014 6013
6015 6014
6016 6015
6017 6016
6018 6017
6019 6018
6020 6019
6021 6020
6022 6021
6023 6022
6024 6023
6025 6024
6026 6025
6027 6026
6028 6027
6029 6028
6030 6029
6030 1118
6031 2956
6032 6031
6033 6032
6034 6033
6035 6034
6036 6035
6037 6036
6038 6037
6039 6038
6040 6039
6041 6040
6042 6041
6043 6042
6044 6043
6045 6044
6046 6045
6047 6046
6048 6047
6049 6048
6050 6049
6051 6050
6052 6051
6053 6052
6054 6053
6055 6054
6056 6055
6057 6056
6058 6057
6059 6058
6060 6059
6061 6060
6062 6061
6063 6062
6064 6063
6065 6064
6066 6065
6067 6066
6068 6067
6069 6068
6070 6069
6071 6070
6072 6071
6073 6072
6074 6073
6075 6074
6076 6075
6077 6076
6078 6077
6079 6078
6080 6079
6081 6080
6082 6081
6083 6082
6084 6083
6085 6084
6086 6085
6087 6086
6087 2956
6088 2186
6089 6088
6090 6089
6091 6090
6092 6091
6093 6092
6094 6093
6095 6094
6096 6095
6097 6096
6098 6097
6099 6098
6100 6099
6101 6100
6102 6101
6103 6102
6104 6103
6105 6104
6106 6105
6107 6106
6108 6107
6109 6108
6110 6109
6111 6110
6112 6111
6113 6112
6114 6113
6115 6114
6116 6115
6117 6116
6118 6117
6119 6118
6120 6119
6121 6120
6122 6121
6123 6122
6124 6123
6125 6124
6126 6125
6127 6126
6128 6127
6129 6128
6130 6129
6131 6130
6132 6131
6133 6132
6134 6133
6135 6134
6136 6135
6137 6136
6138 6137
6139 6138
6140 6139
6141 6140
6142 6141
6143 6142
6144 6143
6145 6144
6146 6145
6147 6146
6148 6147
6149 6148
6150 6149
6150 2186
6151 2133
6152 6151
6153 6152
6154 6153
6155 6154
6156 6155
6157 6156
6158 6157
6159 6158
6160 6159
6161 6160
6162 6161
6163 6162
6164 6163
6165 6164
6166 6165
6167 6166
6168 6167
6169 6168
6170 6169
6171 6170
6172 6171
6173 6172
6174 6173
6175 6174
6176 6175
6177 6176
6178 6177
6179 6178
6180 6179
6181 6180
6182 6181
6183 6182
6184 6183
6185 6184
6186 6185
6187 6186
6188 6187
6189 6188
6190 6189
6191 6190
6192 6191
6193 6192
6194 6193
6195 6194
6196 6195
6197 6196
6198 6197
6199 6198
6200 6199
6201 6200
6202 6201
6203 6202
6204 6203
6205 6204
6206 6205
6207 6206
6208 6207
6209 6208
6210 6209
6211 6210
6212 6211
6213 6212
6214 6213
6215 6214
6216 6215
6217 6216
6218 6217
6219 6218
6220 6219
6221 6220
6222 6221
6223 6222
6224 6223
6225 6224
6226 6225
6227 6226
6228 6227
6229 6228
6230 6229
6231 6230
6232 6231
6233 6232
6234 6233
6235 6234
6236 6235
6237 6236
6238 6237
6239 6238
6240 6239
6241 6240
6242 6241
6243 6242
6244 6243
6245 6244
6246 6245
6247 6246
6248 6247
6249 6248
6249 2133
6250 5447
6251 6250
6252 5447
6253 6252
6254 5447
6255 5447
6256 6254
6257 6255
6258 6251
6259 6250
6260 6251
6261 6252
6262 6255
6263 6252
6264 6251
6265 6261
6266 6258
6267 6256
6268 6261
6269 6265
6270 6253
6271 6268
6272 6268
6273 6253
6274 6270
6275 6264
6276 6273
6277 6265
6278 6265
6279 6252
6280 6275
6281 5447
6282 6257
6283 6268
6284 6266
6285 6257
6286 6267
6287 6264
6288 6255
6289 6265
6290 6253
6291 6267
6292 6279
6293 5447
6294 515
6295 6294
6296 6295
6297 6296
6298 6297
6299 6298
6300 6299
6301 6300
6302 6301
6303 6302
6304 6303
6305 6304
6306 6305
6307 6306
6308 6307
6309 6308
6310 6309
6311 6310
6312 6311
6313 6312
6314 6313
6315 6314
6316 6315
6317 6316
6318 6317
6319 6318
6320 6319
6321 6320
6322 6321
6323 6322
6324 6323
6325 6324
6326 6325
6327 6326
6328 6327
6329 6328
6330 6329
6331 6330
6332 6331
6333 6332
6334 6333
6335 6334
6336 6335
6337 6336
6338 6337
6339 6338
6340 6339
6341 6340
6342 6341
6343 6342
6344 6343
6345 6344
6345 515
6346 4906
6347 6346
6348 6347
6349 6348
6350 6349
6351 6350
6352 6351
6353 6352
6354 6353
6355 6354
6356 6355
6357 6356
6358 6357
6359 6358
6360 6359
6361 6360
6362 6361
6363 6362
6364 6363
6365 6364
6366 6365
6366 4906
6367 5199
6368 6367
6369 6368
6370 6369
6371 6370
6372 6371
6373 6372
6374 6373
6375 6374
6376 6375
6377 6376
6378 6377
6379 6378
6380 6379
6381 6380
6382 6381
6383 6382
6384 6383
6385 6384
6386 6385
6387 6386
6388 6387
6389 6388
6390 6389
6391 6390
6391 5199
6392 1511
6393 1511
6394 6392
6395 6393
6396 6394
6397 6392
6398 6396
6399 6398
6400 6396
6401 6396
6402 6399
6403 6393
6404 6396
6405 6394
6406 6405
6407 6393
6408 6395
6409 6402
6410 6392
6411 6401
6412 6396
6413 6407
6414 6405
6415 6403
6416 6404
6417 6406
6418 6399
6419 6402
6420 6394
6421 5571
6422 6421
6423 6422
6424 6423
6425 6424
6426 6425
6427 6426
6428 6427
6429 6428
6430 6429
6431 6430
6432 6431
6433 6432
6434 6433
6435 6434
6436 6435
6437 6436
6438 6437
6439 6438
6440 6439
6441 6440
6442 6441
6443 6442
6444 6443
6445 6444
6446 6445
6447 6446
6447 5571
6448 4256
6449 6448
6450 6449
6451 6450
6452 6450
6453 6451
6454 6452
6455 6454
6456 6448
6457 4256
6458 6457
6459 6454
6460 6458
6461 6448
6462 6448
6463 6461
6464 6459
6465 6454
6466 6465
6467 6456
6468 6465
6469 6467
6470 6460
6471 6452
6472 6449
6473 6471
6474 6456
6475 6468
6476 6468
6477 6461
6478 6465
6479 6465
6480 6458
6481 6451
6482 6478
6483 6449
6484 6450
6485 6460
6486 6476
6487 6455
6488 6456
6489 6473
6490 6451
6491 6483
6492 6454
6493 6488
6494 6474
6495 6471
6496 6453
6497 6449
6498 6484
6499 6455
6500 6489
6501 6486
6502 6450
6503 6481
6504 6450
6505 6471
6506 6495
6507 6505
6508 6469
6509 6484
6510 6492
6511 6487
6512 4256
6513 6460
6514 6491
6515 6500
6516 6461
6517 6475
6518 6514
6519 6449
6520 6461
6521 6479
6522 6509
6523 6476
6524 6514
6525 6464
6526 6481
6527 6488
6528 6471
6529 6450
6530 6464
6531 6458
6532 6496
6533 6515
6534 4256
6535 6463
6536 6448
6537 6450
6538 6463
6539 6495
6540 6472
6541 3046
6542 6541
6543 6542
6544 6543
6545 6544
6546 6545
6547 6546
6548 6547
6549 6548
6550 6549
6551 6550
6552 6551
6553 6552
6554 6553
6555 6554
6556 6555
6557 6556
6558 6557
6559 6558
6560 6559
6561 6560
6562 6561
6563 6562
6564 6563
6565 6564
6566 6565
6567 6566
6568 6567
6569 6568
6570 6569
6571 6570
6572 6571
6573 6572
6574 6573
6575 6574
6576 6575
6577 6576
6578 6577
6579 6578
6580 6579
6581 6580
6582 6581
6583 6582
6584 6583
6585 6584
6586 6585
6587 6586
6588 6587
6589 6588
6590 6589
6591 6590
6592 6591
6593 6592
6594 6593
6595 6594
6596 6595
6597 6596
6598 6597
6599 6598
6600 6599
6601 6600
6602 6601
6603 6602
6604 6603
6605 6604
6606 6605
6607 6606
6608 6607
6609 6608
6610 6609
6611 6610
6612 6611
6613 6612
6614 6613
6615 6614
6616 6615
6617 6616
6618 6617
6619 6618
6620 6619
6621 6620
6622 6621
6623 6622
6624 6623
6624 3046
6625 209
6626 6625
6627 6626
6628 6627
6629 6628
6630 6629
6631 6630
6632 6631
6633 6632
6634 6633
6635 6634
6636 6635
6637 6636
6638 6637
6639 6638
6640 6639
6641 6640
6642 6641
6643 6642
6644 6643
6645 6644
6646 6645
6647 6646
6648 6647
6649 6648
6650 6649
6651 6650
6652 6651
6653 6652
6654 6653
6655 6654
6656 6655
6657 6656
6658 6657
6659 6658
6660 6659
6661 6660
6662 6661
6663 6662
6664 6663
6665 6664
6666 6665
6667 6666
6668 6667
6669 6668
6670 6669
6671 6670
6672 6671
6673 6672
6674 6673
6675 6674
6676 6675
6677 6676
6678 6677
6679 6678
6680 6679
6681 6680
6682 6681
6683 6682
6683 209
6684 192
6685 6684
6686 6685
6687 6686
6688 6687
6689 6688
6690 6689
6691 6690
6692 6691
6693 6692
6694 6693
6695 6694
6696 6695
6697 6696
6698 6697
6699 6698
6700 6699
6701 6700
6702 6701
6703 6702
6704 6703
6705 6704
6706 6705
6707 6706
6708 6707
6709 6708
6710 6709
6711 6710
6712 6711
6713 6712
6714 6713
6715 6714
6715 192
6716 4559
6717 4559
6718 6717
6719 6716
6720 6716
6721 6719
6722 6720
6723 6717
6724 6721
6725 6720
6726 6719
6727 6719
6728 4559
6729 6721
6730 6718
6731 6730
6732 6724
6733 6722
6734 6721
6735 6721
6736 6731
6737 6726
6738 6720
6739 3180
6740 6739
6741 6740
6742 6741
6743 6742
6744 6743
6745 6744
6746 6745
6747 6746
6748 6747
6749 6748
6750 6749
6751 6750
6752 6751
6753 6752
6754 6753
6755 6754
6756 6755
6757 6756
6758 6757
6759 6758
6760 6759
6761 6760
6762 6761
6763 6762
6764 6763
6765 6764
6766 6765
6767 6766
6768 6767
6769 6768
6770 6769
6771 6770
6772 6771
6773 6772
6774 6773
6775 6774
6776 6775
6777 6776
6778 6777
6779 6778
6780 6779
6781 6780
6782 6781
6783 6782
6784 6783
6785 6784
6786 6785
6787 6786
6788 6787
6789 6788
6790 6789
6791 6790
6792 6791
6793 6792
6794 6793
6795 6794
6796 6795
6797 6796
6798 6797
6799 6798
6800 6799
6801 6800
6802 6801
6803 6802
6804 6803
6805 6804
6806 6805
6807 6806
6808 6807
6809 6808
6810 6809
6811 6810
6812 6811
6813 6812
6814 6813
6815 6814
6816 6815
6817 6816
6817 3180
6818 2884
6819 6818
6820 6819
6821 6820
6822 6819
6823 6818
6824 6822
6825 2884
6826 6823
6827 2884
6828 6826
6829 6820
6830 6821
6831 6819
6832 6823
6833 6820
6834 6820
6835 6829
6836 2884
6837 6821
6838 6833
6839 6832
6840 6837
6841 6833
6842 6839
6843 6821
6844 6836
6845 6821
6846 2884
6847 6843
6848 6836
6849 2884
6850 6843
6851 6848
6852 6823
6853 6835
6854 6826
6855 6843
6856 6818
6857 6829
6858 6837
6859 6819
6860 6855
6861 6858
6862 6852
6863 6841
6864 6841
6865 6845
6866 6856
6867 6841
6868 3518
6869 6868
6870 6869
6871 6870
6872 6871
6873 6872
6874 6873
6875 6874
6876 6875
6877 6876
6878 6877
6879 6878
6880 6879
6881 6880
6882 6881
6883 6882
6884 6883
6885 6884
6886 6885
6887 6886
6888 6887
6889 6888
6890 6889
6891 6890
6892 6891
6893 6892
6894 6893
6895 6894
6896 6895
6897 6896
6898 6897
6899 6898
6900 6899
6901 6900
6902 6901
6903 6902
6904 6903
6905 6904
6906 6905
6907 6906
6908 6907
6909 6908
6910 6909
6911 6910
6912 6911
6913 6912
6914 6913
6915 6914
6916 6915
6917 6916
6918 6917
6919 6918
6920 6919
6921 6920
6922 6921
6923 6922
6924 6923
6925 6924
6926 6925
6927 6926
6928 6927
6929 6928
6930 6929
6931 6930
6932 6931
6933 6932
6934 6933
6935 6934
6936 6935
6937 6936
6938 6937
6938 3518
6939 1850
6940 1850
6941 1850
6942 6940
6943 6941
6944 6942
6945 6939
6946 6942
6947 6942
6948 6940
6949 1850
6950 6949
6951 6950
6952 6949
6953 6942
6954 6943
6955 6953
6956 6950
6957 6949
6958 6946
6959 6941
6960 6946
6961 6943
6962 6957
6963 6940
6964 6957
6965 6963
6966 6943
6967 6963
6968 6958
6969 6946
6970 6953
6971 6941
6972 6958
6973 6944
6974 6946
6975 6966
6976 1850
6977 6966
6978 6954
6979 6972
6980 6967
6981 6973
6982 6948
6983 6955
6984 6939
6985 6974
6986 6939
6987 6971
6988 6951
6989 6959
6990 6950
6991 6943
6992 6942
6993 6957
6994 6956
6995 6976
6996 6959
6997 6968
6998 6977
6999 6958
7000 6950
7001 6994
7002 6990
7003 7000
7004 6967
7005 6952
7006 2881
7007 7006
7008 7007
7009 7008
7010 7009
7011 7010
7012 7011
7013 7012
7014 7013
7015 7014
7016 7015
7017 7016
7018 7017
7019 7018
7020 7019
7021 7020
7022 7021
7023 7022
7024 7023
7025 7024
7026 7025
7027 7026
7028 7027
7029 7028
7030 7029
7031 7030
7032 7031
7033 7032
7034 7033
7035 7034
7036 7035
7037 7036
7038 7037
7039 7038
7039 2881
7040 811
7041 7040
7042 811
7043 7040
7044 7041
7045 7044
7046 7041
7047 811
7048 7045
7049 7045
7050 7048
7051 7048
7052 811
7053 7049
7054 7040
7055 7052
7056 7052
7057 7048
7058 7049
7059 7056
7060 811
7061 7058
7062 7053
7063 7048
7064 7061
7065 7051
7066 7050
7067 7046
7068 7063
7069 811
7070 7063
7071 7055
7072 7040
7073 7040
7074 7054
7075 7049
7076 7058
7077 7076
7078 7043
7079 7055
7080 7057
7081 7078
7082 7067
7083 7055
7084 7068
7085 7058
7086 7058
7087 7067
7088 7048
7089 7079
7090 7041
7091 7073
7092 7067
7093 7081
7094 7050
7095 7051
7096 7077
7097 7092
7098 7066
7099 7052
7100 7041
7101 7073
7102 7061
7103 7097
7104 7045
7105 7095
7106 7077
7107 3149
7108 7107
7109 7108
7110 7109
7111 7110
7112 7111
7113 7112
7114 7113
7115 7114
7116 7115
7117 7116
7118 7117
7119 7118
7120 7119
7121 7120
7122 7121
7123 7122
7124 7123
7125 7124
7126 7125
7127 7126
7128 7127
7129 7128
7130 7129
7131 7130
7132 7131
7133 7132
7134 7133
7135 7134
7136 7135
7137 7136
7138 7137
7139 7138
7140 7139
7141 7140
7142 7141
7143 7142
7144 7143
7145 7144
7146 7145
7147 7146
7148 7147
7149 7148
7150 7149
7151 7150
7152 7151
7153 7152
7154 7153
7155 7154
7156 7155
7157 7156
7158 7157
7159 7158
7160 7159
7161 7160
7162 7161
7163 7162
7164 7163
7165 7164
7166 7165
7167 7166
7168 7167
7169 7168
7170 7169
7171 7170
7172 7171
7173 7172
7174 7173
7175 7174
7176 7175
7177 7176
7178 7177
7179 7178
7180 7179
7181 7180
7182 7181
7183 7182
7184 7183
7185 7184
7186 7185
7187 7186
7188 7187
7189 7188
7190 7189
7190 3149
7191 5229
7192 7191
7193 7192
7193 5229
7194 4099
7195 4099
7196 7194
7197 7194
7198 7197
7199 7198
7200 7198
7201 7200
7202 7200
7203 7201
7204 4099
7205 7198
7206 7195
7207 7198
7208 7202
7209 7207
7210 7208
7211 7208
7212 7201
7213 7208
7214 7201
7215 7194
7216 7197
7217 7201
7218 7200
7219 7200
7220 7210
7221 7210
7222 7199
7223 7221
7224 7221
7225 7200
7226 4099
7227 7201
7228 7204
7229 7197
7230 7200
7231 7196
7232 7201
7233 7211
7234 7203
7235 7198
7236 7198
7237 7226
7238 7214
7239 7221
7240 7208
7241 7229
7242 7206
7243 7194
7244 7236
7245 7221
7246 7201
7247 7243
7248 7229
7249 7198
7250 7217
7251 7237
7252 7207
7253 7244
7254 7217
7255 7219
7256 7232
7257 7223
7258 7253
7259 7222
7260 7256
7261 7255
7262 7233
7263 7202
7264 7216
7265 4099
7266 7230
7267 7260
7268 7258
7269 7252
7270 7195
7271 7270
7272 7209
7273 1405
7274 7273
7275 7274
7276 7275
7277 7276
7278 7277
7279 7278
7280 7279
7281 7280
7281 1405
7282 3204
7283 7282
7284 7283
7285 7284
7286 7285
7287 7286
7288 7287
7289 7288
7290 7289
7291 7290
7292 7291
7293 7292
7294 7293
7295 7294
7296 7295
7297 7296
7298 7297
7299 7298
7300 7299
7301 7300
7302 7301
7303 7302
7304 7303
7305 7304
7306 7305
7307 7306
7308 7307
7309 7308
7310 7309
7311 7310
7312 7311
7313 7312
7314 7313
7315 7314
7316 7315
7317 7316
7318 7317
7319 7318
7320 7319
7321 7320
7322 7321
7323 7322
7324 7323
7325 7324
7326 7325
7327 7326
7328 7327
7329 7328
7330 7329
7331 7330
7332 7331
7333 7332
7334 7333
7335 7334
7336 7335
7337 7336
7338 7337
7339 7338
7340 7339
7341 7340
7342 7341
7343 7342
7344 7343
7345 7344
7345 3204
7346 1844
7347 7346
7348 7347
7349 7348
7350 7349
7351 7350
7352 7351
7353 7352
7354 7353
7355 7354
7356 7355
7357 7356
7358 7357
7359 7358
7360 7359
7361 7360
7362 7361
7363 7362
7364 7363
7365 7364
7366 7365
7367 7366
7368 7367
7369 7368
7370 7369
7371 7370
7372 7371
7373 7372
7374 7373
7375 7374
7376 7375
7377 7376
7378 7377
7379 7378
7380 7379
7381 7380
7382 7381
7383 7382
7384 7383
7385 7384
7386 7385
7387 7386
7388 7387
7389 7388
7390 7389
7391 7390
7392 7391
7393 7392
7394 7393
7395 7394
7396 7395
7397 7396
7398 7397
7399 7398
7400 7399
7401 7400
7402 7401
7403 7402
7404 7403
7405 7404
7405 1844
7406 853
7407 7406
7408 7407
7408 853
7409 5736
7410 7409
7411 7410
7412 7411
7413 7412
7414 7413
7415 7414
7416 7415
7417 7416
7418 7417
7419 7418
7420 7419
7421 7420
7422 7421
7423 7422
7424 7423
7425 7424
7426 7425
7427 7426
7428 7427
7429 7428
7430 7429
7431 7430
7432 7431
7433 7432
7434 7433
7435 7434
7436 7435
7437 7436
7438 7437
7439 7438
7440 7439
7441 7440
7442 7441
7443 7442
7444 7443
7445 7444
7446 7445
7447 7446
7448 7447
7449 7448
7450 7449
7451 7450
7452 7451
7453 7452
7454 7453
7455 7454
7456 7455
7457 7456
7458 7457
7459 7458
7460 7459
7461 7460
7462 7461
7463 7462
7464 7463
7465 7464
7466 7465
7467 7466
7468 7467
7469 7468
7470 7469
7471 7470
7472 7471
7473 7472
7474 7473
7475 7474
7476 7475
7477 7476
7478 7477
7479 7478
7479 5736
7480 2015
7481 7480
7482 7481
7483 7482
7484 7480
7485 7483
7486 7480
7487 7482
7488 7484
7489 7487
7490 7482
7491 7487
7492 7483
7493 7488
7494 7486
7495 7493
7496 7482
7497 7484
7498 7481
7499 7487
7500 7489
7501 7486
7502 7490
7503 7481
7504 7496
7505 7504
7506 7491
7507 7500
7508 7486
7509 4782
7510 4782
7511 7509
7512 4782
7513 4782
7514 7511
7515 7511
7516 7510
7517 7513
7518 7515
7519 7511
7520 7519
7521 7518
7522 7521
7523 7521
7524 7509
7525 7522
7526 7525
7527 7510
7528 7517
7529 7516
7530 7510
7531 7520
7532 7525
7533 7524
7534 7516
7535 7520
7536 7516
7537 7531
7538 7512
7539 7534
7540 7525
7541 7520
7542 7521
7543 7533
7544 7512
7545 7535
7546 7544
7547 7545
7548 7544
7549 7530
7550 7549
7551 7509
7552 7551
7553 7514
7554 7540
7555 7522
7556 7518
7557 7543
7558 7549
7559 7539
7560 7546
7561 7548
7562 7526
7563 7509
7564 7511
7565 4782
7566 7556
7567 7562
7568 7541
7569 7513
7570 7537
7571 7556
7572 7526
7573 7525
7574 7527
7575 7544
7576 7565
7577 7541
7578 7576
7579 7512
7580 7538
7581 7510
7582 4782
7583 7529
7584 5450
7585 5450
7586 5450
7587 7585
7588 7584
7589 7585
7590 7586
7591 7590
7592 7591
7593 7584
7594 7591
7595 7585
7596 7585
7597 7588
7598 5335
7599 5335
7600 7598
7601 7600
7602 5335
7603 5335
7604 7601
7605 7600
7606 7605
7607 5335
7608 7601
7609 7603
7610 7606
7611 7605
7612 7606
7613 7600
7614 7602
7615 7609
7616 7602
7617 7616
7618 7615
7619 7601
7620 7606
7621 7610
7622 7612
7623 7604
7624 7617
7625 7608
7626 7611
7627 7599
7628 7613
7629 7609
7630 7607
7631 7615
7632 7620
7633 7609
7634 7610
7635 7634
7636 7609
7637 7628
7638 7631
7639 7619
7640 7616
7641 7635
7642 7603
7643 7630
7644 7613
7645 7621
7646 7622
7647 7646
7648 7612
7649 7644
7650 7645
7651 7637
7652 7645
7653 7605
7654 5335
7655 7643
7656 7642
7657 7640
7658 7633
7659 7613
7660 7598
7661 7629
7662 7603
7663 7605
7664 7607
7665 7632
7666 5335
7667 7664
7668 7618
7669 7598
7670 7612
7671 7648
7672 7599
7673 7670
7674 7659
7675 7615
7676 7650
7677 7625
7678 7658
7679 7624
7680 7612
7681 7674
7682 7673
7683 7612
7684 7630
7685 7615
7686 7640
7687 7683
7688 7635
7689 7662
7690 7602
7691 7683
7692 2026
7693 2026
7694 2026
7695 2026
7696 7695
7697 2026
7698 7694
7699 7692
7700 7698
7701 7696
7702 7698
7703 7692
7704 7699
7705 7693
7706 7699
7707 7702
7708 7695
7709 7707
7710 7699
7711 7695
7712 7699
7713 7699
7714 7702
7715 7706
7716 7705
7717 7704
7718 7699
7719 2026
7720 7699
7721 7701
7722 2026
7723 2026
7724 7700
7725 7718
7726 7721
7727 7711
7728 7705
7729 7694
7730 7704
7731 7705
7732 7704
7733 7714
7734 7730
7735 7709
7736 7701
7737 7725
7738 7697
7739 7717
7740 7718
7741 7708
7742 7711
7743 7718
7744 7737
7745 7731
7746 7694
7747 7697
7748 7710
7749 7737
7750 7696
7751 7703
7752 7740
7753 7731
7754 7726
7755 7741
7756 7708
7757 7722
7758 7756
7759 7732
7760 7706
7761 7760
7762 7756
7763 7738
7764 7763
7765 7755
7766 7692
7767 7739
7768 7692
7769 7755
7770 7718
7771 7769
7772 7713
7773 4792
7774 7773
7775 7774
7776 7775
7777 7776
7778 7777
7779 7778
7780 7779
7781 7780
7782 7781
7782 4792
7783 4311
7784 7783
7785 4311
7786 7784
7787 7783
7788 4311
7789 7784
7790 7788
7791 7783
7792 7790
7793 7792
7794 7783
7795 7791
7796 7786
7797 7792
7798 7794
7799 7785
7800 4311
7801 7793
7802 7792
7803 7801
7804 7787
7805 7799
7806 7803
7807 4970
7808 4970
7809 7807
7810 7809
7811 7808
7812 7810
7813 7811
7814 7808
7815 7808
7816 7814
7817 4970
7818 7814
7819 7811
7820 7815
7821 7818
7822 7814
7823 7813
7824 7808
7825 7809
7826 7820
7827 7822
7828 7814
7829 7810
7830 7810
7831 7808
7832 7829
7833 4970
7834 7812
7835 7819
7836 7819
7837 7818
7838 7827
7839 7817
7840 7825
7841 7833
7842 7837
7843 7831
7844 7837
7845 7813
7846 7811
7847 7842
7848 7835
7849 2363
7850 7849
7851 2363
7852 7849
7853 7849
7854 7851
7855 7853
7856 7850
7857 7852
7858 7851
7859 7850
7860 7856
7861 7858
7862 7849
7863 7860
7864 7860
7865 7856
7866 7849
7867 7857
7868 7858
7869 7853
7870 7858
7871 7867
7872 7858
7873 7858
7874 7865
7875 7850
7876 7861
7877 7866
7878 7868
7879 7877
7880 7853
7881 7867
7882 7872
7883 2363
7884 2363
7885 7853
7886 7851
7887 7859
7888 7853
7889 7876
7890 7869
7891 7875
7892 7878
7893 7889
7894 7856
7895 7893
7896 7885
7897 7860
7898 7893
7899 7872
7900 7870
7901 7859
7902 7875
7903 7871
7904 7899
7905 7854
7906 7891
7907 7855
7908 7895
7909 7855
7910 7880
7911 7882
7912 7851
7913 7908
7914 7880
7915 7902
7916 7901
7917 7865
7918 7884
7919 7891
7920 7860
7921 7908
7922 7890
7923 7906
7924 7921
7925 7861
7926 7921
7927 7886
7928 7871
7929 7899
7930 7882
7931 7882
7932 7865
7933 7872
7934 7889
7935 7849
7936 7918
7937 7883
7938 7885
7939 7862
7940 7852
7941 7907
7942 1956
7943 1956
7944 7942
7945 7944
7946 7942
7947 7942
7948 7944
7949 7945
7950 7944
7951 7949
7952 7950
7953 7946
7954 7950
7955 7947
7956 7947
7957 7946
7958 7948
7959 7947
7960 7958
7961 1956
7962 7957
7963 7942
7964 7963
7965 7951
7966 7959
7967 7959
7968 7967
7969 7966
7970 7943
7971 7946
7972 7948
7973 7948
7974 7946
7975 7949
7976 7958
7977 7962
7978 7948
7979 7972
7980 7950
7981 7967
7982 7973
7983 7969
7984 7982
7985 7978
7986 7965
7987 7967
7988 7950
7989 7963
7990 7960
7991 7974
7992 7958
7993 7958
7994 7969
7995 7993
7996 7983
7997 7961
7998 7979
7999 7965
8000 7976
8001 7969
8002 7947
8003 8002
8004 7943
8005 7952
8006 7999
8007 7980
8008 7999
8009 7954
8010 8006
8011 7980
8012 7954
8013 7979
8014 8000
8015 8012
8016 7972
8017 7991
8018 3652
8019 8018
8020 8019
8020 3652
8021 1847
8022 8021
8023 8022
8024 8023
8025 8024
8026 8025
8027 8026
8028 8027
8029 8028
8030 8029
8031 8030
8032 8031
8033 8032
8034 8033
8035 8034
8036 8035
8037 8036
8038 8037
8039 8038
8040 8039
8041 8040
8042 8041
8043 8042
8044 8043
8045 8044
8046 8045
8047 8046
8048 8047
8049 8048
8050 8049
8051 8050
8052 8051
8053 8052
8054 8053
8055 8054
8056 8055
8057 8056
8058 8057
8059 8058
8060 8059
8061 8060
8062 8061
8063 8062
8064 8063
8065 8064
8066 8065
8067 8066
8068 8067
8069 8068
8070 8069
8071 8070
8072 8071
8073 8072
8074 8073
8075 8074
8076 8075
8077 8076
8078 8077
8079 8078
8080 8079
8081 8080
8082 8081
8083 8082
8084 8083
8085 8084
8086 8085
8087 8086
8088 8087
8089 8088
8090 8089
8091 8090
8092 8091
8093 8092
8094 8093
8095 8094
8096 8095
8097 8096
8098 8097
8099 8098
8100 8099
8100 1847
8101 2587
8102 8101
8103 2587
8104 2587
8105 2587
8106 8102
8107 2587
8108 8105
8109 8107
8110 8106
8111 2587
8112 2587
8113 8101
8114 8108
8115 8112
8116 8104
8117 8115
8118 8105
8119 8112
8120 8115
8121 8110
8122 8103
8123 8122
8124 8102
8125 8114
8126 8105
8127 8111
8128 8114
8129 8128
8130 8117
8131 8107
8132 8109
8133 8111
8134 8109
8135 8132
8136 8115
8137 8102
8138 2587
8139 8132
8140 8118
8141 8131
8142 8132
8143 8139
8144 8110
8145 8127
8146 8124
8147 8132
8148 8121
8149 8117
8150 8105
8151 8105
8152 8120
8153 8151
8154 8106
8155 8142
8156 8104
8157 8101
8158 8126
8159 615
8160 615
8161 8159
8162 8160
8163 8162
8164 615
8165 8164
8166 8164
8167 8161
8168 8167
8169 8166
8170 8169
8171 8162
8172 8163
8173 8172
8174 615
8175 8169
8176 8172
8177 8159
8178 8173
8179 8168
8180 8159
8181 8163
8182 8169
8183 8181
8184 8166
8185 8166
8186 8166
8187 8185
8188 8165
8189 8179
8190 8189
8191 8171
8192 8180
8193 8188
8194 8190
8195 8166
8196 8161
8197 8174
8198 8180
8199 8189
8200 8169
8201 8195
8202 8172
8203 8189
8204 8173
8205 8181
8206 8183
8207 8193
8208 8176
8209 8175
8210 8167
8211 8184
8212 8191
8213 8160
8214 8166
8215 8199
8216 8193
8217 8178
8218 6117
8219 8218
8220 8219
8221 8220
8222 8221
8223 8222
8224 8223
8225 8224
8226 8225
8227 8226
8228 8227
8229 8228
8230 8229
8231 8230
8232 8231
8233 8232
8234 8233
8235 8234
8236 8235
8237 8236
8238 8237
8239 8238
8240 8239
8241 8240
8242 8241
8243 8242
8244 8243
8245 8244
8246 8245
8247 8246
8248 8247
8249 8248
8250 8249
8251 8250
8252 8251
8253 8252
8254 8253
8255 8254
8256 8255
8257 8256
8258 8257
8259 8258
8260 8259
8261 8260
8262 8261
8263 8262
8264 8263
8265 8264
8266 8265
8267 8266
8268 8267
8268 6117
8269 739
8270 8269
8271 8269
8272 2443
8273 2443
8274 2443
8275 2443
8276 8273
8277 8272
8278 8277
8279 8277
8280 8274
8281 8279
8282 8278
8283 8279
8284 2443
8285 8283
8286 8272
8287 8281
8288 8098
8289 8098
8290 8289
8291 8288
8292 8289
8293 8289
8294 8289
8295 8294
8296 8098
8297 8292
8298 8098
8299 8297
8300 8098
8301 8294
8302 8298
8303 8098
8304 8291
8305 8302
8306 8297
8307 8298
8308 8302
8309 8288
8310 8297
8311 8297
8312 8295
8313 8290
8314 8296
8315 8289
8316 8303
8317 8312
8318 8295
8319 8317
8320 8299
8321 8310
8322 8292
8323 8298
8324 8293
8325 8320
8326 8324
8327 8291
8328 8293
8329 8305
8330 8324
8331 8298
8332 8328
8333 8296
8334 8330
8335 8326
8336 8325
8337 8298
8338 8336
8339 8291
8340 8335
8341 8325
8342 8311
8343 8341
8344 8301
8345 8323
8346 8320
8347 8322
8348 8327
8349 8329
8350 8327
8351 8291
8352 8296
8353 8301
8354 8344
8355 8330
8356 8330
8357 8332
8358 8301
8359 8311
8360 8299
8361 8337
8362 8329
8363 8347
8364 1845
8365 8364
8366 8365
8367 7556
8368 8367
8369 8368
8370 8369
8371 8370
8372 8371
8373 8372
8374 8373
8375 8374
8376 8375
8377 8376
8378 8377
8379 8378
8380 8379
8381 8380
8382 8381
8383 8382
8384 8383
8385 8384
8386 8385
8387 8386
8388 8387
8389 8388
8390 8389
8391 8390
8392 8391
8393 8392
8394 8393
8395 8394
8396 8395
8397 8396
8398 8397
8399 8398
8400 8399
8401 8400
8402 8401
8403 8402
8404 8403
8405 8404
8406 8405
8407 8406
8408 8407
8409 8408
8410 8409
8411 8410
8412 8411
8413 8412
8414 8413
8415 8414
8416 8415
8417 8416
8418 8417
8419 8418
8420 8419
8421 8420
8422 8421
8423 8422
8424 8423
8425 8424
8426 8425
8427 8426
8428 8427
8429 8428
8430 8429
8431 8430
8432 8431
8433 8432
8434 8433
8435 8434
8436 8435
8437 8436
8438 8437
8439 8438
8440 8439
8441 8440
8442 8441
8443 8442
8444 8443
8444 7556
8445 3393
8446 8445
8447 8446
8448 8447
8449 8448
8450 8449
8451 8450
8452 8451
8453 8452
8454 8453
8455 8454
8456 8455
8457 8456
8458 8457
8459 8458
8460 8459
8461 8460
8462 8461
8463 8462
8464 8463
8465 8464
8466 8465
8467 8466
8468 8467
8468 3393
8469 2878
8470 8469
8471 8469
8472 2878
8473 8471
8474 8473
8475 8469
8476 8472
8477 8469
8478 8471
8479 8474
8480 8469
8481 8471
8482 8476
8483 8477
8484 8482
8485 8476
8486 8481
8487 8481
8488 8482
8489 8480
8490 8485
8491 8479
8492 8472
8493 8491
8494 8492
8495 8478
8496 8478
8497 8473
8498 8474
8499 8480
8500 8482
8501 8474
8502 8478
8503 8484
8504 8473
8505 8494
8506 8482
8507 8505
8508 8482
8509 2878
8510 8504
8511 8267
8512 8511
8513 8512
8514 8513
8515 8514
8516 8515
8517 8516
8518 8517
8519 8518
8520 8519
8520 8267
8521 6722
8522 6722
8523 6722
8524 8521
8525 8523
8526 8521
8527 8523
8528 8525
8529 8527
8530 8524
8531 8529
8532 6722
8533 8525
8534 6722
8535 8532
8536 8533
8537 8534
8538 8522
8539 8530
8540 6722
8541 8527
8542 8539
8543 8534
8544 8522
8545 8542
8546 8522
8547 8537
8548 8533
8549 8539
8550 8543
8551 8549
8552 8533
8553 8536
8554 8523
8555 8540
8556 8553
8557 8531
8558 8526
8559 8541
8560 8544
8561 8532
8562 8535
8563 8546
8564 8548
8565 8533
8566 8533
8567 8546
8568 8563
8569 8542
8570 8529
8571 8569
8572 8529
8573 5489
8574 8573
8575 8574
8576 8575
8577 8576
8578 8577
8579 8578
8580 8579
8581 8580
8582 8581
8583 8582
8584 8583
8585 8584
8586 8585
8587 8586
8588 8587
8589 8588
8590 8589
8591 8590
8592 8591
8593 8592
8594 8593
8595 8594
8596 8595
8597 8596
8598 8597
8599 8598
8599 5489
8600 2017
8601 8600
8602 8601
8603 8602
8604 8603
8605 8604
8606 8605
8607 8606
8608 8607
8609 8608
8610 8609
8611 8610
8612 8611
8613 8612
8614 8613
8615 8614
8616 8615
8617 8616
8618 8617
8619 8618
8620 8619
8621 8620
8622 8621
8623 8622
8624 8623
8625 8624
8626 8625
8627 8626
8628 8627
8629 8628
8630 8629
8631 8630
8632 8631
8633 8632
8634 8633
8635 8634
8636 8635
8637 8636
8638 8637
8639 8638
8640 8639
8641 8640
8642 8641
8643 8642
8644 8643
8645 8644
8646 8645
8647 8646
8648 8647
8649 8648
8650 8649
8651 8650
8652 8651
8653 8652
8654 8653
8655 8654
8656 8655
8657 8656
8658 8657
8659 8658
8660 8659
8661 8660
8662 8661
8663 8662
8664 8663
8665 8664
8666 8665
8667 8666
8668 8667
8669 8668
8670 8669
8671 8670
8672 8671
8673 8672
8674 8673
8675 8674
8676 8675
8677 8676
8678 8677
8679 8678
8680 8679
8681 8680
8682 8681
8683 8682
8684 8683
8685 8684
8686 8685
8687 8686
8688 8687
8689 8688
8690 8689
8691 8690
8691 2017
8692 7907
8693 8692
8694 8692
8695 8692
8696 8695
8697 8694
8698 8692
8699 8696
8700 8698
8701 8698
8702 8701
8703 8701
8704 8694
8705 8703
8706 8693
8707 8695
8708 8696
8709 8703
8710 8702
8711 8706
8712 8694
8713 8701
8714 8702
8715 8712
8716 8692
8717 8715
8718 8698
8719 8699
8720 8712
8721 8700
8722 8704
8723 7907
8724 7907
8725 8708
8726 8723
8727 8706
8728 8719
8729 8728
8730 8699
8731 8706
8732 8705
8733 8713
8734 8716
8735 8709
8736 8694
8737 8717
8738 8711
8739 8734
8740 8719
8741 8718
8742 8703
8743 8706
8744 8742
8745 8721
8746 8745
8747 8695
8748 8695
8749 8708
8750 8748
8751 8732
8752 8710
8753 8719
8754 8709
8755 8736
8756 8752
8757 8700
8758 8699
8759 8738
8760 8744
8761 8693
8762 8724
8763 8711
8764 8718
8765 8761
8766 8693
8767 8700
8768 8744
8769 8733
8770 8757
8771 8720
8772 8761
8773 8727
8774 8749
8775 8723
8776 8711
8777 8710
8778 7907
8779 8714
8780 8710
8781 8736
8782 8753
8783 8708
8784 8735
8785 8728
8786 8754
8787 8710
8788 8726
8789 8755
8790 8702
8791 3002
8792 8791
8793 8792
8794 8793
8795 8794
8796 8795
8797 8796
8798 8797
8799 8798
8800 8799
8801 8800
8802 8801
8803 8802
8804 8803
8805 8804
8806 8805
8807 8806
8808 8807
8809 8808
8810 8809
8811 8810
8812 8811
8813 8812
8813 3002
8814 2359
8815 2359
8816 2359
8817 8814
8818 8815
8819 8817
8820 8819
8821 2359
8822 8816
8823 8822
8824 8818
8825 8821
8826 8821
8827 8821
8828 8825
8829 8825
8830 8815
8831 8823
8832 8829
8833 8816
8834 8823
8835 8824
8836 8835
8837 8834
8838 8826
8839 8832
8840 8832
8841 8817
8842 8815
8843 8842
8844 8825
8845 8817
8846 8837
8847 8836
8848 8822
8849 8836
8850 8820
8851 8843
8852 8848
8853 8838
8854 8815
8855 8841
8856 8838
8857 8818
8858 8829
8859 8823
8860 8839
8861 8851
8862 8851
8863 8837
8864 8837
8865 8848
8866 8816
8867 8862
8868 8858
8869 8817
8870 8827
8871 8851
8872 8855
8873 8855
8874 8869
8875 8824
8876 8844
8877 8857
8878 8857
8879 8818
8880 8853
8881 2359
8882 8865
8883 8865
8884 8852
8885 8835
8886 8851
8887 8837
8888 8832
8889 8886
8890 8864
8891 8819
8892 8857
8893 8873
8894 8824
8895 8851
8896 8855
8897 8864
8898 8892
8899 8866
8900 8814
8901 8876
8902 8836
8903 8885
8904 8816
8905 8894
8906 2359
8907 8893
8908 8873
8909 8877
8910 8906
8911 2390
8912 2390
8913 2390
8914 2390
8915 8913
8916 8913
8917 8913
8918 8914
8919 8918
8920 8913
8921 8917
8922 8911
8923 8922
8924 2390
8925 8915
8926 8916
8927 8920
8928 8913
8929 8923
8930 8916
8931 8914
8932 8930
8933 8923
8934 8926
8935 8924
8936 8911
8937 8931
8938 8918
8939 8919
8940 8924
8941 8933
8942 8931
8943 8932
8944 8925
8945 2390
8946 8935
8947 8914
8948 8924
8949 8930
8950 8914
8951 8924
8952 8924
8953 8948
8954 8948
8955 8919
8956 8953
8957 8927
8958 4693
8959 8958
8960 8958
8961 8960
8962 4693
8963 8959
8964 8959
8965 8958
8966 8962
8967 4693
8968 8965
8969 8966
8970 8961
8971 8961
8972 8971
8973 8972
8974 8966
8975 8960
8976 8969
8977 8975
8978 8970
8979 8963
8980 8977
8981 8970
8982 8979
8983 8980
8984 8958
8985 8976
8986 8965
8987 8958
8988 8987
8989 8983
8990 8984
8991 8973
8992 8981
8993 8989
8994 8973
8995 8982
8996 8982
8997 8990
8998 8981
8999 8961
9000 8991
9001 8979
9002 8966
9003 8972
9004 8999
9005 8999
9006 8997
9007 8975
9008 8985
9009 5068
9010 5068
9011 9009
9012 9010
9013 9009
9014 9009
9015 9011
9016 9012
9017 9013
9018 9014
9019 9016
9020 9009
9021 9016
9022 9009
9023 9011
9024 9021
9025 9013
9026 9023
9027 9022
9028 9014
9029 9027
9030 9010
9031 9009
9032 9024
9033 9018
9034 9020
9035 9030
9036 9009
9037 9017
9038 9013
9039 9030
9040 9029
9041 9032
9042 9014
9043 9041
9044 9022
9045 9013
9046 9017
9047 9034
9048 9029
9049 9045
9050 9009
9051 9018
9052 9024
9053 9044
9054 9026
9055 9039
9056 9018
9057 9010
9058 9057
9059 9036
9060 9055
9061 9020
9062 9034
9063 9062
9064 9061
9065 9010
9066 9049
9067 9025
9068 9060
9069 9037
9070 9060
9071 9033
9072 9030
9073 9026
9074 9034
9075 9035
9076 9048
9077 9040
9078 9034
9079 9021
9080 9015
9081 9071
9082 9079
9083 9013
9084 9040
9085 9054
9086 9038
9087 9029
9088 9024
9089 9074
9090 9056
9091 9043
9092 9060
9093 9059
9094 9053
9095 9074
9096 9011
9097 7949
9098 9097
9099 9098
9100 9099
9101 9100
9102 9101
9103 9102
9104 9103
9105 9104
9106 9105
9107 9106
9108 9107
9109 9108
9110 9109
9111 9110
9112 9111
9113 9112
9114 9113
9115 9114
9116 9115
9117 9116
9118 9117
9118 7949
9119 2738
9120 9119
9121 9120
9122 2738
9123 2738
9124 2738
9125 2738
9126 9125
9127 9126
9128 9119
9129 9124
9130 9124
9131 9127
9132 9125
9133 9121
9134 9130
9135 9131
9136 9123
9137 9129
9138 9135
9139 9119
9140 2738
9141 9129
9142 9129
9143 9119
9144 2738
9145 9140
9146 9123
9147 9128
9148 9135
9149 9142
9150 9121
9151 9122
9152 9119
9153 9129
9154 9130
9155 9147
9156 9122
9157 9131
9158 9131
9159 9154
9160 9157
9161 9125
9162 9155
9163 9162
9164 9129
9165 9126
9166 9138
9167 9154
9168 9125
9169 9165
9170 9121
9171 9138
9172 9145
9173 9172
9174 9157
9175 9133
9176 9134
9177 9143
9178 2479
9179 9178
9180 9179
9181 9180
9182 9181
9183 9182
9184 9183
9185 9184
9186 9185
9187 9186
9188 9187
9189 9188
9190 9189
9191 9190
9192 9191
9193 9192
9194 9193
9195 9194
9196 9195
9197 9196
9198 9197
9199 9198
9199 2479
9200 5751
9201 5751
9202 9201
9203 5751
9204 9203
9205 9200
9206 9202
9207 5751
9208 9207
9209 9200
9210 9205
9211 9200
9212 9207
9213 9205
9214 6603
9215 6603
9216 9214
9217 6603
9218 9214
9219 9216
9220 9214
9221 9214
9222 6603
9223 9218
9224 9217
9225 9218
9226 9214
9227 9217
9228 6695
9229 6695
9230 9228
9231 9229
9232 9229
9233 9231
9234 9228
9235 9228
9236 9234
9237 9234
9238 9237
9239 9232
9240 9229
9241 9229
9242 9232
9243 9232
9244 6695
9245 9234
9246 9231
9247 9228
9248 9233
9249 9233
9250 9248
9251 9241
9252 9235
9253 9234
9254 9228
9255 9251
9256 9231
9257 9241
9258 9230
9259 9257
9260 9253
9261 9243
9262 9238
9263 9256
9264 9251
9265 9243
9266 9240
9267 9241
9268 9260
9269 9257
9270 9268
9271 9258
9272 9257
9273 9245
9274 9230
9275 9265
9276 9233
9277 9255
9278 9247
9279 9261
9280 6695
9281 9270
9282 9264
9283 9267
9284 9258
9285 9266
9286 9278
9287 9278
9288 9234
9289 9278
9290 9266
9291 9279
9292 9272
9293 9263
9294 9276
9295 9286
9296 9263
9297 9279
9298 9288
9299 9295
9300 9254
9301 9243
9302 8237
9303 9302
9304 9303
9305 9304
9306 9305
9307 9306
9308 9307
9309 9308
9309 8237
9310 6349
9311 9310
9312 9310
9313 9310
9314 9310
9315 9312
9316 6349
9317 9314
9318 9310
9319 9317
9320 9312
9321 9313
9322 9310
9323 9319
9324 9318
9325 9322
9326 9310
9327 9317
9328 9322
9329 9314
9330 9323
9331 9319
9332 9319
9333 9328
9334 9322
9335 9321
9336 9310
9337 9326
9338 9332
9339 9320
9340 9310
9341 9335
9342 9316
9343 9334
9344 9343
9345 9316
9346 9318
9347 9317
9348 9318
9349 9327
9350 9316
9351 9335
9352 9349
9353 9339
9354 9347
9355 9344
9356 9345
9357 9337
9358 9335
9359 9324
9360 9349
9361 9320
9362 9317
9363 9347
9364 9330
9365 9327
9366 9347
9367 9344
9368 9348
9369 9365
9370 9338
9371 9340
9372 9363
9373 9320
9374 9370
9375 6349
9376 9318
9377 9331
9378 9325
9379 6349
9380 9331
9381 9311
9382 9311
9383 9315
9384 9328
9385 9335
9386 9365
9387 1275
9388 9387
9389 9388
9390 1275
9391 1275
9392 1275
9393 9388
9394 9387
9395 9389
9396 9390
9397 9391
9398 9390
9399 9398
9400 9392
9401 9393
9402 9398
9403 9399
9404 9394
9405 9400
9406 9400
9407 9403
9408 1275
9409 9393
9410 9399
9411 9400
9412 836
9413 9412
9414 9413
9415 9414
9416 9415
9417 9416
9418 9417
9419 9418
9420 9419
9421 9420
9422 9421
9423 9422
9424 9423
9425 9424
9426 9425
9426 836
9427 1493
9428 1493
9429 1493
9430 1493
9431 9430
9432 1493
9433 9430
9434 9427
9435 9429
9436 1493
9437 9427
9438 1493
9439 9433
9440 9427
9441 1493
9442 9436
9443 9432
9444 9429
9445 9436
9446 9433
9447 9440
9448 9435
9449 9430
9450 9431
9451 9427
9452 9442
9453 9434
9454 9435
9455 9450
9456 9434
9457 9432
9458 9454
9459 9447
9460 9442
9461 9443
9462 9453
9463 1493
9464 9452
9465 9437
9466 9458
9467 9442
9468 9454
9469 9444
9470 9433
9471 9452
9472 9455
9473 9442
9474 9428
9475 9438
9476 9463
9477 9438
9478 9475
9479 9456
9480 9477
9481 9470
9482 9428
9483 9478
9484 9452
9485 9431
9486 9432
9487 9483
9488 9487
9489 9482
9490 9428
9491 9440
9492 9490
9493 9470
9494 9442
9495 9427
9496 9433
9497 9442
9498 9493
9499 9432
9500 1493
9501 9445
9502 9476
9503 9459
9504 9494
9505 9449
9506 9432
9507 9446
9508 9437
9509 9466
9510 9489
9511 9470
9512 9460
9513 9453
9514 9485
9515 9491
9516 9478
9517 3633
9518 9517
9519 9518
9520 9519
9521 9520
9522 9521
9523 9522
9524 9523
9525 9524
9526 9525
9527 9526
9528 9527
9529 9528
9530 9529
9531 9530
9532 9531
9533 9532
9534 9533
9535 9534
9536 9535
9537 9536
9538 9537
9539 9538
9540 9539
9541 9540
9542 9541
9543 9542
9544 9543
9545 9544
9546 9545
9547 9546
9548 9547
9549 9548
9550 9549
9551 9550
9552 9551
9553 9552
9554 9553
9555 9554
9556 9555
9557 9556
9558 9557
9559 9558
9560 9559
9561 9560
9562 9561
9563 9562
9564 9563
9565 9564
9566 9565
9567 9566
9568 9567
9569 9568
9570 9569
9571 9570
9572 9571
9573 9572
9574 9573
9575 9574
9576 9575
9577 9576
9578 9577
9579 9578
9580 9579
9581 9580
9582 9581
9583 9582
9584 9583
9585 9584
9586 9585
9587 9586
9588 9587
9589 9588
9589 3633
9590 3337
9591 9590
9592 3337
9593 9590
9594 9592
9595 9591
9596 9590
9597 3337
9598 9594
9599 9590
9600 3337
9601 9592
9602 9601
9603 9599
9604 9601
9605 9595
9606 9596
9607 9594
9608 9600
9609 9603
9610 9591
9611 9601
9612 9591
9613 9595
9614 9599
9615 9610
9616 9592
9617 9614
9618 9590
9619 9605
9620 9608
9621 9614
9622 9608
9623 9591
9624 9604
9625 9596
9626 9592
9627 9590
9628 9594
9629 9606
9630 9619
9631 9590
9632 9631
9633 9615
9634 9625
9635 9596
9636 9604
9637 9619
9638 9595
9639 9601
9640 9612
9641 9632
9642 9596
9643 9607
9644 9628
9645 9606
9646 9606
9647 9591
9648 9617
9649 9636
9650 9615
9651 9614
9652 9606
9653 9616
9654 9602
9655 9605
9656 9627
9657 9619
9658 9604
9659 9629
9660 9623
9661 9595
9662 9623
9663 9625
9664 9657
9665 9659
9666 9607
9667 9622
9668 9610
9669 9614
9670 9644
9671 9664
9672 9659
9673 9653
9674 9634
9675 9608
9676 3835
9677 3835
9678 9676
9679 9676
9680 9678
9681 3835
9682 9680
9683 9679
9684 9680
9685 9676
9686 3835
9687 9685
9688 9684
9689 9688
9690 9688
9691 9686
9692 9690
9693 3835
9694 9690
9695 9691
9696 9694
9697 9694
9698 9682
9699 9688
9700 9677
9701 9681
9702 9686
9703 9697
9704 9690
9705 9678
9706 9704
9707 9694
9708 9683
9709 9677
9710 9706
9711 9691
9712 9677
9713 9705
9714 9686
9715 9688
9716 9687
9717 9706
9718 9683
9719 9714
9720 9691
9721 9718
9722 9683
9723 9720
9724 9677
9725 9712
9726 9699
9727 3835
9728 9708
9729 9677
9730 9684
9731 9727
9732 9710
9733 9696
9734 9707
9735 9716
9736 9732
9737 9709
9738 9713
9739 9677
9740 9729
9741 3835
9742 9695
9743 9740
9744 9696
9745 9714
9746 9690
9747 9708
9748 9745
9749 9748
9750 9686
9751 9718
9752 9722
9753 9710
9754 9700
9755 7743
9756 9755
9757 9756
9758 9757
9759 9758
9760 9759
9761 9760
9762 9761
9763 9762
9763 7743
9764 8055
9765 9764
9766 9765
9766 8055
9767 8098
9768 9767
9769 9768
9770 8098
9771 9767
9772 9769
9773 9769
9774 9768
9775 9768
9776 9770
9777 8098
9778 9769
9779 9773
9780 8098
9781 9767
9782 9777
9783 9769
9784 9779
9785 9773
9786 9776
9787 9774
9788 9768
9789 9779
9790 9789
9791 9777
9792 9777
9793 9789
9794 9769
9795 9792
9796 9793
9797 9787
9798 9788
9799 9774
9800 9769
9801 9770
9802 9787
9803 9790
9804 9803
9805 9779
9806 9777
9807 9805
9808 9793
9809 9773
9810 9799
9811 9770
9812 9788
9813 9798
9814 9771
9815 9807
9816 9804
9817 9776
9818 9785
9819 9768
9820 9774
9821 9820
9822 9821
9823 9784
9824 9823
9825 9819
9826 9786
9827 9776
9828 9792
9829 9785
9830 9782
9831 9812
9832 9800
9833 8098
9834 9804
9835 9805
9836 9804
9837 9799
9838 9824
9839 9829
9840 9796
9841 9819
9842 9783
9843 9836
9844 5670
9845 9844
9846 9845
9847 9846
9848 9847
9849 9848
9850 9849
9851 9850
9852 9851
9853 9852
9854 9853
9855 9854
9856 9855
9857 9856
9858 9857
9858 5670
9859 9682
9860 9859
9861 9860
9862 9861
9863 9862
9864 9863
9865 9864
9866 9865
9867 9866
9868 9867
9869 9868
9870 9869
9871 9870
9872 9871
9873 9872
9874 9873
9875 9874
9876 9875
9877 9876
9878 9877
9879 9878
9880 9879
9881 9880
9882 9881
9883 9882
9884 9883
9885 9884
9886 9885
9887 9886
9888 9887
9889 9888
9890 9889
9891 9890
9892 9891
9893 9892
9894 9893
9895 9894
9896 9895
9897 9896
9898 9897
9899 9898
9900 9899
9901 9900
9902 9901
9903 9902
9904 9903
9905 9904
9906 9905
9907 9906
9908 9907
9909 9908
9910 9909
9911 9910
9912 9911
9913 9912
9914 9913
9915 9914
9916 9915
9917 9916
9918 9917
9919 9918
9920 9919
9921 9920
9922 9921
9923 9922
9924 9923
9925 9924
9926 9925
9927 9926
9928 9927
9929 9928
9930 9929
9931 9930
9932 9931
9933 9932
9934 9933
9935 9934
9936 9935
9937 9936
9938 9937
9939 9938
9940 9939
9941 9940
9942 9941
9942 9682
9943 7391
9944 9943
9945 9944
9946 9945
9947 9946
9947 7391
9948 9346
9949 9948
9950 9949
9951 9950
9952 9951
9953 9952
9954 9953
9955 9954
9956 9955
9957 9956
9958 9957
9959 9958
9960 9959
9961 9960
9962 9961
9963 9962
9964 9963
9965 9964
9966 9965
9967 9966
9968 9967
9969 9968
9970 9969
9971 9970
9972 9971
9973 9972
9974 9973
9975 9974
9976 9975
9977 9976
9978 9977
9979 9978
9980 9979
9981 9980
9982 9981
9983 9982
9984 9983
9985 9984
9986 9985
9987 9986
9988 9987
9989 9988
9990 9989
9991 9990
9992 9991
9993 9992
9994 9993
9995 9994
9996 9995
9997 9996
9998 9997
9999 9998
10000 9999
10000 9346
