1000 1001
2 1
3 2
4 3
5 4
6 5
7 6
8 7
9 8
10 9
11 10
12 11
13 12
14 13
15 14
16 15
17 16
18 17
19 18
20 19
21 20
22 21
23 22
24 23
25 24
26 25
27 26
28 27
29 28
30 29
31 30
32 31
33 32
34 33
35 34
36 35
37 36
38 37
39 38
40 39
41 40
42 41
43 42
44 43
45 44
46 45
47 46
48 47
49 48
50 49
51 50
52 51
53 52
54 53
55 54
56 55
57 56
58 57
59 58
60 59
61 60
62 61
63 62
64 63
65 64
66 65
67 66
68 67
69 68
70 69
71 70
72 71
73 72
74 73
75 74
76 75
77 76
78 77
79 78
80 79
81 80
82 81
83 82
84 83
85 84
86 85
87 86
88 87
89 88
90 89
91 90
92 91
93 92
94 93
95 94
96 95
97 96
98 97
99 98
100 99
101 100
102 101
103 102
104 103
105 104
106 105
107 106
108 107
109 108
110 109
111 110
112 111
113 112
114 113
115 114
116 115
117 116
118 117
119 118
120 119
121 120
122 121
123 122
124 123
125 124
126 125
127 126
128 127
129 128
130 129
131 130
132 131
133 132
134 133
135 134
136 135
137 136
138 137
139 138
140 139
141 140
142 141
143 142
144 143
145 144
146 145
147 146
148 147
149 148
150 149
151 150
152 151
153 152
154 153
155 154
156 155
157 156
158 157
159 158
160 159
161 160
162 161
163 162
164 163
165 164
166 165
167 166
168 167
169 168
170 169
171 170
172 171
173 172
174 173
175 174
176 175
177 176
178 177
179 178
180 179
181 180
182 181
183 182
184 183
185 184
186 185
187 186
188 187
189 188
190 189
191 190
192 191
193 192
194 193
195 194
196 195
197 196
198 197
199 198
200 199
201 200
202 201
203 202
204 203
205 204
206 205
207 206
208 207
209 208
210 209
211 210
212 211
213 212
214 213
215 214
216 215
217 216
218 217
219 218
220 219
221 220
222 221
223 222
224 223
225 224
226 225
227 226
228 227
229 228
230 229
231 230
232 231
233 232
234 233
235 234
236 235
237 236
238 237
239 238
240 239
241 240
242 241
243 242
244 243
245 244
246 245
247 246
248 247
249 248
250 249
251 250
252 251
253 252
254 253
255 254
256 255
257 256
258 257
259 258
260 259
261 260
262 261
263 262
264 263
265 264
266 265
267 266
268 267
269 268
270 269
271 270
272 271
273 272
274 273
275 274
276 275
277 276
278 277
279 278
280 279
281 280
282 281
283 282
284 283
285 284
286 285
287 286
288 287
289 288
290 289
291 290
292 291
293 292
294 293
295 294
296 295
297 296
298 297
299 298
300 299
301 300
302 301
303 302
304 303
305 304
306 305
307 306
308 307
309 308
310 309
311 310
312 311
313 312
314 313
315 314
316 315
317 316
318 317
319 318
320 319
321 320
322 321
323 322
324 323
325 324
326 325
327 326
328 327
329 328
330 329
331 330
332 331
333 332
334 333
335 334
336 335
337 336
338 337
339 338
340 339
341 340
342 341
343 342
344 343
345 344
346 345
347 346
348 347
349 348
350 349
351 350
352 351
353 352
354 353
355 354
356 355
357 356
358 357
359 358
359 1
360 7
361 7
362 361
363 361
364 7
365 363
366 364
367 363
368 364
369 363
370 364
371 368
372 360
373 368
374 365
375 370
376 360
377 362
378 366
379 366
380 374
381 364
382 372
383 375
384 380
385 371
386 372
387 375
388 365
389 374
390 372
391 380
392 365
393 364
394 389
395 376
396 389
397 388
398 7
399 378
400 395
401 374
402 391
403 395
404 383
405 398
406 365
407 378
408 393
409 392
410 7
411 381
412 409
413 410
414 368
415 405
416 370
417 361
418 413
419 385
420 383
421 418
422 409
423 420
424 369
425 378
426 382
427 418
428 413
429 389
430 424
431 423
432 406
433 363
434 363
435 373
436 407
437 390
438 433
439 417
440 394
441 374
442 383
443 374
444 396
445 371
446 413
447 433
448 7
449 385
450 396
451 426
452 363
453 421
454 405
455 377
456 397
457 419
458 455
459 454
460 428
461 403
462 449
463 427
464 432
465 412
466 386
467 428
468 368
469 440
470 375
471 390
472 375
473 422
474 456
475 449
476 413
477 457
478 476
479 380
480 424
481 462
482 472
483 425
484 451
485 7
486 482
487 414
488 406
489 406
490 453
491 445
492 389
493 393
494 482
495 452
496 457
497 396
498 463
499 454
500 408
501 456
502 402
503 441
504 431
505 372
506 499
507 466
508 466
509 468
510 429
511 492
512 490
513 387
514 481
515 362
516 436
517 394
518 361
519 400
520 383
521 366
522 417
523 513
524 394
525 451
526 496
527 500
528 506
529 524
530 360
531 510
532 468
533 391
534 362
535 506
536 457
537 462
538 470
539 454
540 491
541 534
542 523
543 371
544 530
545 540
546 506
547 437
548 456
549 508
550 478
551 400
552 393
553 497
554 511
555 476
556 417
557 551
558 505
559 546
560 390
561 430
562 478
563 541
564 412
565 526
566 444
567 410
568 512
569 529
570 563
571 516
572 519
573 477
574 528
575 417
576 398
577 429
578 550
579 498
580 479
581 444
582 396
583 575
584 557
585 565
586 490
587 469
588 432
589 428
590 578
591 495
592 441
593 542
594 489
595 554
596 517
597 571
598 441
599 392
600 495
601 566
602 489
603 496
604 400
605 559
606 456
607 604
608 544
609 586
610 455
611 482
612 490
613 361
614 428
615 444
616 421
617 575
618 579
619 413
620 494
621 363
622 380
623 561
624 442
625 367
626 450
627 381
628 471
629 421
630 470
631 596
632 472
633 575
634 578
635 403
636 404
637 617
638 484
639 622
640 516
641 396
642 523
643 468
644 555
645 385
646 579
647 584
648 502
649 556
650 575
651 474
652 604
653 602
654 522
655 418
656 532
657 632
658 539
659 578
660 510
661 660
662 661
663 662
664 663
665 664
666 665
667 666
668 667
669 668
670 669
671 670
672 671
673 672
674 673
675 674
676 675
677 676
678 677
679 678
680 679
681 680
682 681
683 682
684 683
685 684
686 685
687 686
688 687
689 688
690 689
691 690
692 691
693 692
694 693
695 694
696 695
697 696
698 697
699 698
700 699
701 700
702 701
703 702
704 703
705 704
706 705
707 706
708 707
709 708
710 709
711 710
712 711
713 712
714 713
715 714
716 715
717 716
718 717
719 718
720 719
721 720
722 721
723 722
724 723
725 724
726 725
727 726
728 727
729 728
730 729
731 730
732 731
733 732
734 733
735 734
736 735
737 736
738 737
739 738
740 739
741 740
742 741
743 742
744 743
745 744
746 745
747 746
748 747
749 748
750 749
751 750
752 751
753 752
754 753
755 754
756 755
757 756
758 757
759 758
760 759
761 760
761 510
762 453
763 453
764 762
765 453
766 763
767 765
768 767
769 765
770 765
771 762
772 768
773 768
774 771
775 773
776 762
777 762
778 772
779 767
780 773
781 770
782 769
783 772
784 770
785 765
786 783
787 783
788 765
789 771
790 786
791 775
792 780
793 768
794 762
795 769
796 764
797 792
798 762
799 770
800 790
801 788
802 774
803 794
804 797
805 799
806 800
807 773
808 776
809 777
810 762
811 805
812 785
813 775
814 777
815 802
816 798
817 801
818 800
819 791
820 812
821 807
822 790
823 765
824 783
825 796
826 790
827 822
828 813
829 814
830 785
831 830
832 766
833 780
834 802
835 829
836 821
837 795
838 803
839 800
840 784
841 834
842 807
843 803
844 809
845 770
846 769
847 829
848 769
849 831
850 453
851 838
852 798
853 808
854 788
855 849
856 818
857 835
858 841
859 812
860 803
861 802
862 829
863 767
864 769
865 791
866 769
867 784
868 799
869 782
870 783
871 779
872 866
873 838
874 775
875 864
876 771
877 839
878 816
879 803
880 815
881 783
882 820
883 880
884 795
885 864
886 838
887 837
888 814
889 883
890 813
891 771
892 767
893 789
894 838
895 783
896 877
897 837
898 828
899 803
900 892
901 803
902 863
903 870
904 810
905 868
906 847
907 812
908 849
909 811
910 869
911 800
912 828
913 777
914 825
915 850
916 785
917 798
918 772
919 853
920 865
921 878
922 887
923 855
924 828
925 766
926 793
927 881
928 850
929 892
930 800
931 816
932 918
933 882
934 818
935 838
936 900
937 796
938 819
939 763
940 845
941 829
942 765
943 633
944 943
945 943
946 633
947 946
948 633
949 943
950 947
951 950
952 949
953 946
954 952
955 949
956 633
957 949
958 954
959 946
960 953
961 949
962 952
963 950
964 945
965 957
966 949
967 951
968 947
969 952
970 953
971 958
972 946
973 959
974 948
975 959
976 956
977 947
978 633
979 967
980 956
981 948
982 976
983 976
984 944
985 633
986 970
987 967
988 963
989 950
990 963
991 990
992 963
993 962
994 984
995 959
996 945
997 991
998 965
999 990
1000 996
