10000 10099
2 1
3 2
4 2
5 3
6 3
7 2
8 6
9 2
10 4
11 3
12 10
13 7
14 11
15 8
16 1
17 3
18 13
19 14
20 8
21 10
22 19
23 16
24 20
25 12
26 10
27 7
28 13
29 13
30 28
31 29
32 28
33 13
34 31
35 34
36 35
37 36
38 37
39 38
40 39
41 40
42 41
43 42
44 43
45 44
46 45
47 46
48 47
49 48
50 49
51 50
52 51
53 52
54 53
55 54
56 55
57 56
58 57
59 58
60 59
61 60
62 61
63 62
64 63
65 64
66 65
67 66
68 67
69 68
70 69
71 70
72 71
73 72
74 73
75 74
76 75
77 76
78 77
79 78
80 79
81 80
82 81
83 82
84 83
85 84
86 85
87 86
88 87
89 88
90 89
91 90
92 91
93 92
94 93
95 94
96 95
97 96
98 97
99 98
99 31
100 37
101 37
102 101
103 101
104 100
105 103
106 100
107 104
108 37
109 108
110 108
111 108
112 108
113 110
114 107
115 111
116 104
117 110
118 108
119 111
120 104
121 103
122 100
123 121
124 114
125 118
126 101
127 111
128 120
129 117
130 112
131 37
132 107
133 67
134 67
135 67
136 135
137 134
138 133
139 137
140 67
141 134
142 139
143 134
144 141
145 135
146 145
147 137
148 134
149 147
150 138
151 141
152 137
153 149
154 153
155 139
156 139
157 151
158 136
159 146
160 139
161 150
162 151
163 149
164 137
165 156
166 146
167 145
168 156
169 142
170 167
171 148
172 141
173 8
174 173
175 174
176 175
177 176
178 177
179 178
180 179
181 180
182 181
183 182
184 183
185 184
186 185
187 186
188 187
189 188
190 189
190 8
191 141
192 141
193 191
194 193
195 192
196 194
197 195
198 191
199 195
200 193
201 200
202 195
203 141
204 194
205 200
206 192
207 194
208 204
209 200
210 205
211 198
212 204
213 195
214 198
215 195
216 203
217 209
218 215
219 213
220 205
221 213
222 208
223 196
224 198
225 208
226 216
227 211
228 203
229 205
230 218
231 210
232 204
233 226
234 222
235 195
236 235
237 214
238 193
239 210
240 195
241 218
242 201
243 217
244 237
245 229
246 218
247 141
248 205
249 245
250 243
251 227
252 250
253 203
254 250
255 222
256 255
257 211
258 252
259 211
260 201
261 244
262 141
263 247
264 225
265 192
266 227
267 195
268 238
269 206
270 211
271 205
272 207
273 260
274 217
275 207
276 200
277 230
278 141
279 104
280 104
281 279
282 281
283 281
284 281
285 280
286 284
287 281
288 283
289 282
290 280
291 285
292 287
293 286
294 104
295 290
296 294
297 290
298 290
299 291
300 286
301 281
302 293
303 282
304 295
305 280
306 284
307 297
308 306
309 297
310 295
311 285
312 292
313 286
314 302
315 308
316 295
317 314
318 295
319 286
320 292
321 312
322 294
323 320
324 302
325 296
326 292
327 315
328 290
329 328
330 281
331 313
332 285
333 303
334 290
335 3
336 335
337 335
338 3
339 336
340 339
341 336
342 336
343 3
344 337
345 336
346 341
347 338
348 346
349 336
350 342
351 341
352 346
353 340
354 350
355 353
356 341
357 341
358 354
359 337
360 358
361 360
362 347
363 338
364 343
365 355
366 360
367 353
368 349
369 363
370 365
371 343
372 359
373 351
374 365
375 347
376 340
377 376
378 365
379 339
380 360
381 374
382 342
383 370
384 357
385 349
386 363
387 370
388 362
389 380
390 385
391 348
392 345
393 342
394 358
395 390
396 362
397 337
398 363
399 397
400 377
401 354
402 401
403 344
404 339
405 344
406 343
407 346
408 390
409 391
410 386
411 347
412 386
413 356
414 348
415 411
416 354
417 352
418 346
419 365
420 412
421 279
422 279
423 421
424 422
425 279
426 425
427 422
428 424
429 427
430 425
431 425
432 423
433 423
434 430
435 424
436 421
437 429
438 424
439 421
440 428
441 433
442 434
443 423
444 433
445 436
446 437
447 437
448 295
449 295
450 449
451 448
452 451
453 449
454 449
455 448
456 450
457 454
458 449
459 457
460 451
461 454
462 448
463 458
464 462
465 459
466 460
467 460
468 464
469 449
470 469
471 452
472 456
473 464
474 461
475 467
476 475
477 470
478 474
479 476
480 295
481 475
482 460
483 449
484 234
485 234
486 485
487 234
488 485
489 488
490 485
491 488
492 490
493 487
494 234
495 494
496 491
497 484
498 497
499 498
500 487
501 489
502 495
503 487
504 489
505 502
506 492
507 505
508 486
509 500
510 496
511 499
512 505
513 489
514 499
515 497
516 485
517 513
518 499
519 494
520 495
521 492
522 493
523 488
524 519
525 518
526 509
527 515
528 498
529 524
530 498
531 521
532 521
533 488
534 489
535 521
536 378
537 536
538 537
539 378
540 536
541 536
542 540
543 537
544 543
545 378
546 541
547 542
548 547
549 544
550 539
551 541
552 538
553 542
554 540
555 536
556 550
557 552
558 104
559 558
560 104
561 560
562 559
563 558
564 560
565 559
566 561
567 559
568 560
569 565
570 565
571 566
572 568
573 104
574 567
575 566
576 570
577 564
578 565
579 572
580 569
581 564
582 572
583 566
584 583
585 561
586 573
587 562
588 561
589 583
590 571
591 567
592 574
593 578
594 559
595 580
596 558
597 580
598 585
599 584
600 565
601 594
602 585
603 592
604 603
605 567
606 583
607 560
608 581
609 584
610 584
611 592
612 563
613 607
614 589
615 598
616 596
617 573
618 566
619 574
620 616
621 567
622 615
623 579
624 584
625 601
626 572
627 189
628 627
629 627
630 189
631 627
632 628
633 189
634 628
635 634
636 189
637 636
638 630
639 628
640 637
641 638
642 635
643 642
644 631
645 189
646 635
647 634
648 631
649 644
650 649
651 627
652 636
653 635
654 646
655 650
656 646
657 652
658 644
659 640
660 654
661 627
662 628
663 631
664 629
665 633
666 640
667 629
668 630
669 661
670 646
671 667
672 668
673 640
674 659
675 671
676 673
677 656
678 649
679 638
680 663
681 660
682 666
683 637
684 654
685 684
686 630
687 666
688 665
689 631
690 657
691 676
692 671
693 687
694 659
695 153
696 695
697 153
698 696
699 696
700 697
701 700
702 700
703 699
704 698
705 703
706 704
707 704
708 698
709 706
710 700
711 702
712 708
713 712
714 712
715 697
716 706
717 705
718 698
719 698
720 715
721 699
722 721
723 153
724 708
725 718
726 707
727 699
728 715
729 697
730 719
731 721
732 720
733 711
734 716
735 711
736 726
737 727
738 729
739 701
740 699
741 720
742 698
743 734
744 601
745 601
746 744
747 744
748 746
749 748
750 601
751 747
752 749
753 750
754 746
755 749
756 755
757 754
758 748
759 753
760 745
761 746
762 757
763 756
764 763
765 764
766 756
767 762
768 759
769 760
770 752
771 768
772 751
773 763
774 762
775 747
776 769
777 759
778 763
779 752
780 601
781 747
782 759
783 762
784 780
785 748
786 747
787 771
788 774
789 747
790 787
791 763
792 779
793 768
794 746
795 752
796 792
797 780
798 776
799 788
800 748
801 745
802 787
803 770
804 792
805 788
806 746
807 745
808 773
809 779
810 798
811 747
812 746
813 601
814 807
815 776
816 810
817 755
818 815
819 760
820 751
821 792
822 790
823 813
824 747
825 784
826 805
827 751
828 804
829 760
830 591
831 591
832 591
833 830
834 830
835 591
836 834
837 833
838 833
839 835
840 832
841 840
842 837
843 832
844 835
845 844
846 830
847 844
848 830
849 831
850 837
851 842
852 835
853 831
854 838
855 830
856 852
857 850
858 852
859 858
860 830
861 848
862 832
863 831
864 860
865 864
866 850
867 839
868 832
869 843
870 831
871 840
872 858
873 871
874 862
875 832
876 847
877 591
878 854
879 857
880 833
881 868
882 836
883 876
884 840
885 836
886 845
887 852
888 881
889 867
890 888
891 835
892 867
893 892
894 848
895 865
896 838
897 871
898 857
899 884
900 889
901 866
902 834
903 846
904 896
905 871
906 831
907 842
908 860
909 835
910 863
911 895
912 903
913 849
914 851
915 898
916 899
917 853
918 858
919 904
920 835
921 838
922 846
923 867
924 805
925 924
926 925
927 926
928 927
929 928
930 929
931 930
932 931
933 932
934 933
935 934
936 935
937 936
938 937
939 938
940 939
941 940
942 941
943 942
944 943
945 944
946 945
947 946
948 947
949 948
950 949
951 950
952 951
953 952
954 953
955 954
956 955
957 956
958 957
959 958
960 959
961 960
962 961
963 962
964 963
965 964
966 965
967 966
968 967
969 968
970 969
971 970
972 971
973 972
974 973
975 974
976 975
977 976
978 977
979 978
980 979
981 980
982 981
983 982
984 983
985 984
986 985
987 986
988 987
989 988
990 989
991 990
991 805
992 483
993 992
994 993
995 993
996 993
997 994
998 483
999 992
1000 994
1001 995
1002 998
1003 1002
1004 995
1005 1000
1006 994
1007 993
1008 1000
1009 1005
1010 483
1011 1002
1012 1001
1013 1009
1014 1006
1015 1006
1016 994
1017 1000
1018 1008
1019 996
1020 1018
1021 1002
1022 1008
1023 996
1024 1007
1025 1012
1026 1010
1027 1002
1028 1005
1029 1018
1030 992
1031 993
1032 1011
1033 1013
1034 1033
1035 1025
1036 1032
1037 1002
1038 1000
1039 993
1040 1001
1041 483
1042 1002
1043 1029
1044 1039
1045 1039
1046 1003
1047 550
1048 1047
1049 1048
1050 1049
1051 1050
1052 1051
1053 1052
1054 1053
1055 1054
1056 1055
1057 1056
1058 1057
1059 1058
1060 1059
1061 1060
1062 1061
1063 1062
1064 1063
1065 1064
1066 1065
1067 1066
1068 1067
1069 1068
1070 1069
1071 1070
1071 550
1072 667
1073 1072
1074 1073
1075 1074
1076 1075
1077 1076
1078 1077
1079 1078
1080 1079
1081 1080
1082 1081
1083 1082
1084 1083
1085 1084
1086 1085
1087 1086
1088 1087
1089 1088
1090 1089
1091 1090
1092 1091
1093 1092
1094 1093
1095 1094
1096 1095
1097 1096
1098 1097
1099 1098
1100 1099
1101 1100
1102 1101
1103 1102
1103 667
1104 356
1105 1104
1106 1105
1107 1106
1108 1107
1109 1108
1110 1109
1111 1110
1112 1111
1113 1112
1114 1113
1115 1114
1116 1115
1117 1116
1118 1117
1119 1118
1120 1119
1121 1120
1122 1121
1123 1122
1124 1123
1125 1124
1126 1125
1127 1126
1128 1127
1129 1128
1130 1129
1131 1130
1132 1131
1133 1132
1134 1133
1135 1134
1136 1135
1137 1136
1138 1137
1139 1138
1140 1139
1141 1140
1142 1141
1142 356
1143 1073
1144 1143
1145 1143
1146 1143
1147 1143
1148 1073
1149 1147
1150 1148
1151 1143
1152 1143
1153 1151
1154 1152
1155 1154
1156 1152
1157 1150
1158 1155
1159 1151
1160 1145
1161 1146
1162 1148
1163 1155
1164 1159
1165 1160
1166 1151
1167 1161
1168 1149
1169 1148
1170 1154
1171 1157
1172 1165
1173 1148
1174 1165
1175 1168
1176 1073
1177 1175
1178 1145
1179 1158
1180 1161
1181 1146
1182 1145
1183 1178
1184 1159
1185 1148
1186 1176
1187 1153
1188 1165
1189 1168
1190 1154
1191 1169
1192 1149
1193 1167
1194 1178
1195 1171
1196 1148
1197 1190
1198 1155
1199 1149
1200 1155
1201 1199
1202 1195
1203 1188
1204 1144
1205 1148
1206 1177
1207 1162
1208 1172
1209 1171
1210 1193
1211 1144
1212 1195
1213 1144
1214 1155
1215 1198
1216 1178
1217 1213
1218 1199
1219 483
1220 1219
1221 1220
1222 1221
1223 1222
1224 1223
1225 1224
1226 1225
1227 1226
1228 1227
1229 1228
1230 1229
1231 1230
1232 1231
1233 1232
1234 1233
1235 1234
1236 1235
1237 1236
1238 1237
1239 1238
1240 1239
1241 1240
1242 1241
1243 1242
1243 483
1244 908
1245 908
1246 1244
1247 908
1248 1244
1249 1245
1250 1248
1251 1247
1252 1246
1253 1251
1254 908
1255 1251
1256 1251
1257 908
1258 1253
1259 1250
1260 1251
1261 1246
1262 1254
1263 1260
1264 1256
1265 1259
1266 1252
1267 1257
1268 1267
1269 1258
1270 1263
1271 1246
1272 1264
1273 1189
1274 1189
1275 1189
1276 1275
1277 1274
1278 1273
1279 1276
1280 1275
1281 1278
1282 1279
1283 1278
1284 1282
1285 1277
1286 1282
1287 1282
1288 1278
1289 1288
1290 1278
1291 1280
1292 1282
1293 1282
1294 1281
1295 1279
1296 1281
1297 1295
1298 1293
1299 1282
1300 1289
1301 1291
1302 1299
1303 1276
1304 1273
1305 1274
1306 1278
1307 1282
1308 1276
1309 1300
1310 1301
1311 1299
1312 1276
1313 1306
1314 1275
1315 1296
1316 1291
1317 1296
1318 1296
1319 1292
1320 1278
1321 1303
1322 1294
1323 1287
1324 1316
1325 1279
1326 1276
1327 1322
1328 1275
1329 1320
1330 1315
1331 1312
1332 1316
1333 1189
1334 1327
1335 1306
1336 1298
1337 1279
1338 1274
1339 1294
1340 1283
1341 1320
1342 1286
1343 1338
1344 1189
1345 1344
1346 78
1347 78
1348 1347
1349 1346
1350 78
1351 1349
1352 1349
1353 1351
1354 78
1355 1350
1356 1348
1357 1356
1358 1348
1359 1346
1360 1350
1361 1357
1362 1356
1363 1355
1364 1356
1365 1356
1366 1361
1367 1365
1368 1350
1369 1352
1370 1356
1371 78
1372 1347
1373 1371
1374 1364
1375 1350
1376 1371
1377 1348
1378 1364
1379 1366
1380 1356
1381 1366
1382 1374
1383 1381
1384 1382
1385 1375
1386 1379
1387 1377
1388 1346
1389 1382
1390 1377
1391 1370
1392 1390
1393 1365
1394 1364
1395 1393
1396 1395
1397 1364
1398 1375
1399 1357
1400 1361
1401 1356
1402 1368
1403 1366
1404 1364
1405 1365
1406 1351
1407 1352
1408 1404
1409 1384
1410 1358
1411 1362
1412 1405
1413 1370
1414 1372
1415 1366
1416 1369
1417 1351
1418 1384
1419 1409
1420 1396
1421 1407
1422 1380
1423 1422
1424 1402
1425 1365
1426 1406
1427 923
1428 923
1429 1428
1430 923
1431 923
1432 1431
1433 1431
1434 1432
1435 1429
1436 1435
1437 1434
1438 1432
1439 1429
1440 1439
1441 1440
1442 1427
1443 1441
1444 1441
1445 1437
1446 1445
1447 1446
1448 1435
1449 1442
1450 1447
1451 1444
1452 1433
1453 1450
1454 1430
1455 1453
1456 1437
1457 1430
1458 1442
1459 1454
1460 1436
1461 1448
1462 1448
1463 1437
1464 1431
1465 1432
1466 1449
1467 1451
1468 1435
1469 1441
1470 1433
1471 1451
1472 1429
1473 923
1474 1472
1475 1459
1476 1437
1477 1432
1478 1437
1479 1462
1480 1469
1481 1462
1482 1319
1483 1482
1484 1483
1485 1484
1486 1485
1487 1486
1488 1487
1489 1488
1490 1489
1491 1490
1492 1491
1493 1492
1494 1493
1495 1494
1496 1495
1497 1496
1498 1497
1499 1498
1500 1499
1501 1500
1502 1501
1503 1502
1504 1503
1505 1504
1505 1319
1506 1155
1507 1506
1508 1507
1509 1508
1510 1509
1511 1510
1512 1511
1513 1512
1514 1513
1515 1514
1516 1515
1517 1516
1518 1517
1519 1518
1520 1519
1521 1520
1522 1521
1523 1522
1524 1523
1525 1524
1526 1525
1527 1526
1528 1527
1529 1528
1530 1529
1531 1530
1532 1531
1533 1532
1534 1533
1535 1534
1536 1535
1536 1155
1537 307
1538 1537
1539 1538
1540 1539
1541 1540
1542 1541
1543 1542
1544 1543
1545 1544
1546 1545
1547 1546
1548 1547
1549 1548
1550 1549
1551 1550
1552 1551
1553 1552
1554 1553
1555 1554
1556 1555
1557 1556
1558 1557
1559 1558
1560 1559
1561 1560
1562 1561
1563 1562
1564 1563
1565 1564
1566 1565
1567 1566
1568 1567
1569 1568
1569 307
1570 1177
1571 1570
1572 1570
1573 1572
1574 1570
1575 1572
1576 1571
1577 1571
1578 1572
1579 1577
1580 1573
1581 1177
1582 1580
1583 1575
1584 1575
1585 1579
1586 1582
1587 1570
1588 1586
1589 1575
1590 1571
1591 1572
1592 1583
1593 1177
1594 1582
1595 1575
1596 1570
1597 1586
1598 1576
1599 1594
1600 1593
1601 1588
1602 1597
1603 1571
1604 1582
1605 1576
1606 1599
1607 1572
1608 1593
1609 1608
1610 1603
1611 1603
1612 1605
1613 1601
1614 1603
1615 1597
1616 1572
1617 1586
1618 1575
1619 1613
1620 1602
1621 1599
1622 1578
1623 1617
1624 1622
1625 1607
1626 1578
1627 1624
1628 1624
1629 1570
1630 1570
1631 1624
1632 1571
1633 1596
1634 1594
1635 1615
1636 1586
1637 1588
1638 1595
1639 1622
1640 1608
1641 1582
1642 1619
1643 1575
1644 1625
1645 1585
1646 1056
1647 1646
1648 438
1649 1648
1650 1649
1651 1650
1652 1651
1653 1652
1654 1653
1655 1654
1656 1655
1657 1656
1658 1657
1659 1658
1660 1659
1661 1660
1662 1661
1663 1662
1664 1663
1665 1664
1666 1665
1667 1666
1668 1667
1669 1668
1670 1669
1671 1670
1672 1671
1673 1672
1674 1673
1675 1674
1676 1675
1677 1676
1678 1677
1679 1678
1680 1679
1681 1680
1682 1681
1683 1682
1684 1683
1685 1684
1686 1685
1687 1686
1688 1687
1689 1688
1690 1689
1691 1690
1692 1691
1693 1692
1694 1693
1695 1694
1696 1695
1697 1696
1698 1697
1699 1698
1700 1699
1701 1700
1702 1701
1703 1702
1704 1703
1705 1704
1706 1705
1707 1706
1708 1707
1709 1708
1710 1709
1711 1710
1712 1711
1713 1712
1714 1713
1715 1714
1716 1715
1717 1716
1718 1717
1719 1718
1720 1719
1721 1720
1722 1721
1723 1722
1724 1723
1725 1724
1726 1725
1727 1726
1728 1727
1729 1728
1730 1729
1731 1730
1732 1731
1733 1732
1734 1733
1735 1734
1736 1735
1737 1736
1738 1737
1739 1738
1740 1739
1741 1740
1742 1741
1743 1742
1744 1743
1745 1744
1745 438
1746 960
1747 960
1748 1746
1749 1748
1750 960
1751 1747
1752 1746
1753 1750
1754 1753
1755 1753
1756 1750
1757 1747
1758 1750
1759 1748
1760 1751
1761 1754
1762 1758
1763 1750
1764 1762
1765 1750
1766 1755
1767 1749
1768 1755
1769 1759
1770 1763
1771 1768
1772 1770
1773 1760
1774 1747
1775 1765
1776 1752
1777 1763
1778 1763
1779 1765
1780 1750
1781 1762
1782 1757
1783 1758
1784 1746
1785 1746
1786 1757
1787 1782
1788 1770
1789 1775
1790 1764
1791 1771
1792 1760
1793 1753
1794 1791
1795 1749
1796 1765
1797 1754
1798 1756
1799 1766
1800 1748
1801 1790
1802 1761
1803 1785
1804 1773
1805 1777
1806 1747
1807 960
1808 1758
1809 964
1810 964
1811 1810
1812 1811
1813 1810
1814 1812
1815 1812
1816 1809
1817 1809
1818 1810
1819 1817
1820 1816
1821 1817
1822 1810
1823 1818
1824 1819
1825 1809
1826 1823
1827 1819
1828 1812
1829 1813
1830 1822
1831 1825
1832 1830
1833 964
1834 1828
1835 1811
1836 1820
1837 1834
1838 1834
1839 1810
1840 1815
1841 1827
1842 1814
1843 1818
1844 1820
1845 1818
1846 1837
1847 1836
1848 1836
1849 1829
1850 1830
1851 1823
1852 1834
1853 1821
1854 1819
1855 1821
1856 1809
1857 1825
1858 1810
1859 1819
1860 1855
1861 1831
1862 1855
1863 1859
1864 1811
1865 1830
1866 1821
1867 1849
1868 1828
1869 437
1870 1869
1871 1870
1872 1871
1872 437
1873 478
1874 1873
1875 1874
1876 1875
1877 1876
1878 1877
1879 1878
1880 1879
1881 1880
1882 1881
1883 1882
1884 1883
1885 1884
1886 1885
1887 1886
1888 1887
1889 1888
1890 1889
1891 1890
1892 1891
1893 1892
1894 1893
1895 1894
1896 1895
1897 1896
1898 1897
1899 1898
1900 1899
1901 1900
1902 1901
1903 1902
1904 1903
1905 1904
1906 1905
1907 1906
1908 1907
1909 1908
1910 1909
1911 1910
1912 1911
1913 1912
1914 1913
1915 1914
1916 1915
1917 1916
1918 1917
1919 1918
1920 1919
1921 1920
1922 1921
1923 1922
1924 1923
1925 1924
1926 1925
1927 1926
1928 1927
1929 1928
1930 1929
1931 1930
1932 1931
1933 1932
1934 1933
1935 1934
1936 1935
1937 1936
1938 1937
1939 1938
1940 1939
1941 1940
1942 1941
1943 1942
1944 1943
1945 1944
1946 1945
1947 1946
1948 1947
1949 1948
1950 1949
1951 1950
1951 478
1952 1822
1953 1952
1954 1953
1955 1954
1956 1955
1957 1956
1958 1957
1959 1958
1960 1959
1961 1960
1962 1961
1963 1962
1964 1963
1965 1964
1966 1965
1967 1966
1968 1967
1969 1968
1970 1969
1971 1970
1972 1971
1973 1972
1974 1973
1975 1974
1976 1975
1977 1976
1978 1977
1979 1978
1979 1822
1980 366
1981 366
1982 1981
1983 1820
1984 1820
1985 1983
1986 1984
1987 1984
1988 1985
1989 1820
1990 1986
1991 1989
1992 1986
1993 1989
1994 1992
1995 1994
1996 1993
1997 1983
1998 1987
1999 1990
2000 1994
2001 1991
2002 1996
2003 2002
2004 1820
2005 1820
2006 1992
2007 1987
2008 1983
2009 2006
2010 2003
2011 1985
2012 2008
2013 2012
2014 1998
2015 1985
2016 1030
2017 1030
2018 1030
2019 2018
2020 2016
2021 2017
2022 2016
2023 2020
2024 2016
2025 2019
2026 2017
2027 2026
2028 2025
2029 1030
2030 2022
2031 2026
2032 2021
2033 2021
2034 2024
2035 2031
2036 2018
2037 2025
2038 2030
2039 2031
2040 2030
2041 2020
2042 2022
2043 2025
2044 2041
2045 2024
2046 2035
2047 2016
2048 2022
2049 2035
2050 2040
2051 2018
2052 2025
2053 2051
2054 2032
2055 2025
2056 2028
2057 2027
2058 2021
2059 2046
2060 2049
2061 2058
2062 2041
2063 2025
2064 2056
2065 2043
2066 2050
2067 2030
2068 2023
2069 2061
2070 2047
2071 2036
2072 2043
2073 2046
2074 2021
2075 2024
2076 2063
2077 282
2078 2077
2079 2078
2080 2079
2081 2080
2082 2081
2083 2082
2084 2083
2085 2084
2086 2085
2087 2086
2088 2087
2089 2088
2090 2089
2091 2090
2092 2091
2093 2092
2094 2093
2095 2094
2096 2095
2097 2096
2098 2097
2099 2098
2100 2099
2101 2100
2102 2101
2103 2102
2104 2103
2105 2104
2106 2105
2107 2106
2108 2107
2109 2108
2110 2109
2111 2110
2112 2111
2113 2112
2114 2113
2115 2114
2116 2115
2117 2116
2118 2117
2119 2118
2120 2119
2121 2120
2122 2121
2123 2122
2124 2123
2125 2124
2126 2125
2127 2126
2128 2127
2129 2128
2130 2129
2131 2130
2132 2131
2133 2132
2134 2133
2135 2134
2136 2135
2137 2136
2138 2137
2139 2138
2140 2139
2141 2140
2142 2141
2143 2142
2144 2143
2145 2144
2146 2145
2147 2146
2148 2147
2149 2148
2150 2149
2151 2150
2152 2151
2153 2152
2154 2153
2155 2154
2156 2155
2157 2156
2157 282
2158 1090
2159 2158
2160 2159
2161 2160
2162 2161
2163 2162
2164 2163
2165 2164
2166 2165
2167 2166
2168 2167
2169 2168
2170 2169
2171 2170
2172 2171
2173 2172
2174 2173
2175 2174
2176 2175
2177 2176
2178 2177
2179 2178
2180 2179
2181 2180
2182 2181
2183 2182
2184 2183
2185 2184
2186 2185
2187 2186
2188 2187
2189 2188
2190 2189
2191 2190
2192 2191
2193 2192
2194 2193
2195 2194
2196 2195
2197 2196
2198 2197
2199 2198
2200 2199
2201 2200
2202 2201
2203 2202
2204 2203
2204 1090
2205 1436
2206 2205
2207 2206
2208 2207
2209 2208
2210 2209
2211 2210
2212 2211
2213 2212
2214 2213
2215 2214
2216 2215
2217 2216
2218 2217
2219 2218
2220 2219
2221 2220
2222 2221
2223 2222
2224 2223
2225 2224
2226 2225
2227 2226
2228 2227
2229 2228
2230 2229
2231 2230
2232 2231
2233 2232
2234 2233
2235 2234
2236 2235
2237 2236
2238 2237
2239 2238
2240 2239
2241 2240
2242 2241
2243 2242
2244 2243
2245 2244
2246 2245
2247 2246
2248 2247
2249 2248
2250 2249
2251 2250
2252 2251
2253 2252
2253 1436
2254 673
2255 2254
2256 2255
2257 2256
2258 2257
2259 2258
2260 2259
2261 2260
2262 2261
2263 2262
2264 2263
2265 2264
2266 2265
2267 2266
2268 2267
2269 2268
2270 2269
2271 2270
2272 2271
2273 2272
2274 2273
2275 2274
2276 2275
2277 2276
2278 2277
2279 2278
2280 2279
2281 2280
2282 2281
2283 2282
2284 2283
2285 2284
2286 2285
2287 2286
2288 2287
2289 2288
2290 2289
2291 2290
2292 2291
2293 2292
2294 2293
2295 2294
2296 2295
2297 2296
2298 2297
2299 2298
2300 2299
2301 2300
2302 2301
2303 2302
2304 2303
2304 673
2305 1249
2306 2305
2307 2306
2308 2306
2309 2308
2310 2305
2311 2306
2312 1249
2313 2309
2314 2313
2315 2312
2316 2306
2317 2309
2318 2316
2319 2305
2320 2310
2321 2309
2322 2310
2323 2314
2324 2318
2325 2313
2326 2320
2327 2313
2328 2309
2329 2312
2330 2315
2331 2327
2332 2327
2333 2316
2334 2327
2335 2332
2336 2324
2337 2306
2338 2316
2339 2317
2340 2325
2341 2318
2342 2312
2343 2329
2344 2342
2345 1249
2346 2345
2347 2316
2348 2317
2349 2340
2350 2317
2351 2318
2352 2306
2353 2352
2354 2351
2355 2327
2356 2346
2357 2333
2358 2328
2359 2313
2360 2325
2361 2345
2362 2347
2363 2362
2364 2319
2365 2318
2366 2316
2367 2342
2368 2314
2369 2315
2370 2305
2371 2315
2372 2366
2373 2349
2374 2317
2375 1443
2376 2375
2377 2376
2378 2377
2379 2378
2380 2379
2381 2380
2382 2381
2383 2382
2384 2383
2385 2384
2386 2385
2387 2386
2388 2387
2389 2388
2390 2389
2391 2390
2392 2391
2393 2392
2394 2393
2395 2394
2396 2395
2397 2396
2398 2397
2399 2398
2400 2399
2401 2400
2402 2401
2403 2402
2404 2403
2405 2404
2406 2405
2407 2406
2408 2407
2409 2408
2410 2409
2411 2410
2412 2411
2413 2412
2414 2413
2415 2414
2416 2415
2417 2416
2418 2417
2419 2418
2420 2419
2421 2420
2422 2421
2423 2422
2424 2423
2425 2424
2426 2425
2427 2426
2428 2427
2429 2428
2430 2429
2431 2430
2432 2431
2433 2432
2434 2433
2435 2434
2436 2435
2437 2436
2438 2437
2439 2438
2440 2439
2441 2440
2442 2441
2443 2442
2444 2443
2445 2444
2446 2445
2447 2446
2448 2447
2449 2448
2450 2449
2451 2450
2452 2451
2453 2452
2454 2453
2455 2454
2455 1443
2456 1572
2457 1572
2458 1572
2459 1572
2460 2458
2461 1572
2462 1572
2463 2458
2464 2462
2465 2461
2466 2462
2467 2460
2468 2465
2469 2457
2470 2460
2471 1572
2472 2467
2473 1572
2474 2458
2475 2466
2476 2474
2477 2475
2478 2460
2479 2475
2480 2467
2481 2458
2482 2464
2483 2458
2484 2461
2485 2470
2486 2476
2487 2459
2488 2464
2489 2478
2490 2460
2491 2468
2492 2463
2493 2473
2494 2469
2495 2469
2496 2481
2497 2459
2498 2460
2499 2482
2500 2474
2501 2483
2502 2059
2503 2502
2504 2503
2504 2059
2505 807
2506 807
2507 2506
2508 2506
2509 2507
2510 2507
2511 2507
2512 2505
2513 2512
2514 2507
2515 2508
2516 2507
2517 2512
2518 609
2519 2518
2520 2519
2521 2520
2522 2521
2523 2522
2524 2523
2525 2524
2526 2525
2527 2526
2527 609
2528 1670
2529 2528
2530 2529
2531 2530
2532 2531
2533 2532
2534 2533
2535 2534
2536 2535
2537 2536
2538 2537
2539 2538
2540 2539
2541 2540
2542 2541
2543 2542
2543 1670
2544 308
2545 2544
2546 2545
2547 2546
2548 2547
2549 2548
2550 2549
2551 2550
2552 2551
2553 2552
2554 2553
2555 2554
2556 2555
2557 2556
2558 2557
2559 2558
2560 2559
2561 2560
2562 2561
2563 2562
2564 2563
2565 2564
2566 2565
2567 2566
2568 2567
2569 2568
2570 2569
2571 2570
2572 2571
2573 2572
2574 2573
2575 2574
2576 2575
2577 2576
2578 2577
2579 2578
2580 2579
2581 2580
2582 2581
2583 2582
2584 2583
2585 2584
2586 2585
2587 2586
2588 2587
2589 2588
2590 2589
2591 2590
2592 2591
2593 2592
2594 2593
2595 2594
2596 2595
2596 308
2597 1393
2598 2597
2599 2598
2600 2599
2601 2600
2602 2601
2603 2602
2604 2603
2605 2604
2606 2605
2607 2606
2608 2607
2609 2608
2610 2609
2611 2610
2612 2611
2613 2612
2614 2613
2615 2614
2616 2615
2617 2616
2618 2617
2619 2618
2620 2619
2621 2620
2622 2621
2623 2622
2624 2623
2625 2624
2626 2625
2627 2626
2628 2627
2629 2628
2630 2629
2631 2630
2632 2631
2633 2632
2634 2633
2635 2634
2636 2635
2637 2636
2638 2637
2639 2638
2640 2639
2641 2640
2642 2641
2643 2642
2644 2643
2645 2644
2646 2645
2647 2646
2648 2647
2649 2648
2650 2649
2651 2650
2652 2651
2653 2652
2654 2653
2655 2654
2656 2655
2657 2656
2658 2657
2659 2658
2660 2659
2661 2660
2662 2661
2663 2662
2664 2663
2665 2664
2666 2665
2667 2666
2668 2667
2669 2668
2670 2669
2671 2670
2672 2671
2673 2672
2674 2673
2675 2674
2676 2675
2677 2676
2678 2677
2678 1393
2679 1029
2680 1029
2681 2680
2682 2679
2683 2682
2684 2679
2685 2682
2686 1029
2687 2684
2688 2681
2689 2685
2690 1029
2691 2682
2692 2683
2693 2691
2694 2679
2695 2680
2696 2684
2697 1029
2698 1029
2699 2694
2700 2685
2701 1029
2702 2686
2703 1029
2704 2688
2705 2704
2706 2691
2707 2681
2708 2699
2709 2681
2710 2681
2711 2690
2712 2688
2713 2697
2714 2697
2715 2681
2716 2700
2717 2679
2718 2717
2719 2701
2720 2694
2721 2691
2722 2711
2723 2682
2724 2712
2725 2705
2726 2717
2727 2683
2728 1032
2729 2728
2730 2729
2731 2730
2732 2731
2733 2732
2734 2733
2735 2734
2736 2735
2737 2736
2738 2737
2739 2738
2740 2739
2741 2740
2742 2741
2743 2742
2744 2743
2745 2744
2746 2745
2747 2746
2748 2747
2749 2748
2750 2749
2751 2750
2752 2751
2753 2752
2754 2753
2755 2754
2756 2755
2757 2756
2758 2757
2759 2758
2760 2759
2761 2760
2762 2761
2763 2762
2764 2763
2765 2764
2766 2765
2767 2766
2768 2767
2769 2768
2770 2769
2771 2770
2772 2771
2773 2772
2774 2773
2775 2774
2776 2775
2777 2776
2778 2777
2779 2778
2780 2779
2781 2780
2782 2781
2783 2782
2784 2783
2785 2784
2786 2785
2787 2786
2788 2787
2789 2788
2790 2789
2791 2790
2792 2791
2793 2792
2794 2793
2795 2794
2796 2795
2797 2796
2798 2797
2799 2798
2800 2799
2801 2800
2802 2801
2803 2802
2804 2803
2805 2804
2806 2805
2807 2806
2808 2807
2809 2808
2810 2809
2811 2810
2812 2811
2812 1032
2813 246
2814 2813
2815 2814
2816 2815
2817 2816
2818 2817
2819 2818
2820 2819
2821 2820
2822 2821
2823 2822
2824 2823
2825 2824
2826 2825
2827 2826
2828 2827
2829 2828
2830 2829
2831 2830
2832 2831
2833 2832
2834 2833
2835 2834
2836 2835
2837 2836
2838 2837
2839 2838
2840 2839
2841 2840
2842 2841
2843 2842
2844 2843
2845 2844
2846 2845
2847 2846
2848 2847
2849 2848
2850 2849
2851 2850
2852 2851
2853 2852
2854 2853
2855 2854
2856 2855
2857 2856
2858 2857
2859 2858
2860 2859
2861 2860
2862 2861
2863 2862
2864 2863
2865 2864
2866 2865
2867 2866
2868 2867
2869 2868
2870 2869
2871 2870
2872 2871
2873 2872
2874 2873
2875 2874
2876 2875
2877 2876
2878 2877
2879 2878
2880 2879
2881 2880
2882 2881
2883 2882
2884 2883
2885 2884
2886 2885
2887 2886
2888 2887
2889 2888
2889 246
2890 739
2891 2890
2892 739
2893 2892
2894 2890
2895 2893
2896 2892
2897 739
2898 2895
2899 2896
2900 2899
2901 2890
2902 2895
2903 2900
2904 2902
2905 2902
2906 739
2907 2893
2908 2890
2909 2894
2910 2894
2911 2909
2912 2896
2913 2897
2914 2906
2915 2899
2916 2902
2917 2910
2918 2915
2919 2902
2920 2914
2921 2920
2922 2894
2923 2920
2924 2922
2925 2909
2926 2900
2927 2895
2928 2906
2929 2920
2930 739
2931 2914
2932 2893
2933 2932
2934 2911
2935 2913
2936 2911
2937 2910
2938 2908
2939 2919
2940 2896
2941 2919
2942 2904
2943 2932
2944 2914
2945 2896
2946 2944
2947 2922
2948 2926
2949 2903
2950 2891
2951 2946
2952 2944
2953 2945
2954 2932
2955 2900
2956 2917
2957 2930
2958 2931
2959 2926
2960 2924
2961 2895
2962 2951
2963 2927
2964 2901
2965 2920
2966 2936
2967 2918
2968 2931
2969 2950
2970 2945
2971 2921
2972 2938
2973 2947
2974 2955
2975 2890
2976 2952
2977 2925
2978 2970
2979 2926
2980 2960
2981 2912
2982 2857
2983 2982
2984 2983
2985 2984
2986 2985
2987 2986
2988 2987
2989 2988
2990 2989
2991 2990
2992 2991
2993 2992
2994 2993
2995 2994
2996 2995
2997 2996
2998 2997
2999 2998
3000 2999
3001 3000
3002 3001
3003 3002
3004 3003
3005 3004
3006 3005
3007 3006
3008 3007
3009 3008
3010 3009
3011 3010
3012 3011
3013 3012
3014 3013
3015 3014
3016 3015
3017 3016
3018 3017
3019 3018
3020 3019
3021 3020
3022 3021
3023 3022
3024 3023
3025 3024
3026 3025
3027 3026
3028 3027
3029 3028
3029 2857
3030 2065
3031 3030
3032 3031
3033 3032
3034 3033
3035 3034
3036 3035
3037 3036
3038 3037
3039 3038
3040 3039
3041 3040
3042 3041
3043 3042
3044 3043
3045 3044
3046 3045
3047 3046
3048 3047
3049 3048
3050 3049
3051 3050
3052 3051
3053 3052
3054 3053
3055 3054
3056 3055
3057 3056
3058 3057
3059 3058
3060 3059
3061 3060
3062 3061
3063 3062
3064 3063
3065 3064
3066 3065
3067 3066
3068 3067
3069 3068
3070 3069
3071 3070
3072 3071
3073 3072
3074 3073
3075 3074
3076 3075
3077 3076
3078 3077
3079 3078
3080 3079
3081 3080
3082 3081
3083 3082
3084 3083
3085 3084
3086 3085
3087 3086
3088 3087
3089 3088
3090 3089
3091 3090
3092 3091
3093 3092
3094 3093
3095 3094
3096 3095
3097 3096
3098 3097
3099 3098
3100 3099
3101 3100
3102 3101
3103 3102
3104 3103
3105 3104
3106 3105
3107 3106
3108 3107
3109 3108
3110 3109
3111 3110
3112 3111
3113 3112
3114 3113
3115 3114
3116 3115
3117 3116
3118 3117
3119 3118
3120 3119
3120 2065
3121 1687
3122 3121
3123 3122
3124 3123
3125 3124
3126 3125
3127 3126
3128 3127
3129 3128
3130 3129
3131 3130
3132 3131
3133 3132
3134 3133
3135 3134
3136 3135
3137 3136
3138 3137
3139 3138
3140 3139
3141 3140
3142 3141
3143 3142
3144 3143
3145 3144
3146 3145
3147 3146
3148 3147
3149 3148
3150 3149
3151 3150
3152 3151
3153 3152
3154 3153
3155 3154
3156 3155
3157 3156
3158 3157
3159 3158
3160 3159
3161 3160
3162 3161
3163 3162
3164 3163
3165 3164
3166 3165
3167 3166
3168 3167
3169 3168
3170 3169
3171 3170
3172 3171
3173 3172
3174 3173
3175 3174
3176 3175
3177 3176
3178 3177
3179 3178
3180 3179
3181 3180
3182 3181
3183 3182
3184 3183
3185 3184
3186 3185
3187 3186
3188 3187
3189 3188
3190 3189
3191 3190
3192 3191
3193 3192
3194 3193
3195 3194
3196 3195
3197 3196
3198 3197
3199 3198
3200 3199
3201 3200
3202 3201
3203 3202
3203 1687
3204 3036
3205 3204
3206 3205
3207 3204
3208 3207
3209 3206
3210 3207
3211 3206
3212 3207
3213 3036
3214 3206
3215 3214
3216 3209
3217 3036
3218 3209
3219 3208
3220 3036
3221 3205
3222 3221
3223 3213
3224 3221
3225 3220
3226 3225
3227 3212
3228 3227
3229 3206
3230 3215
3231 3225
3232 3220
3233 3216
3234 3218
3235 3225
3236 3212
3237 3226
3238 3232
3239 3216
3240 3207
3241 3219
3242 3230
3243 3235
3244 3036
3245 3242
3246 3230
3247 3226
3248 3214
3249 3233
3250 3234
3251 3230
3252 1227
3253 3252
3254 3253
3255 3252
3256 1227
3257 3254
3258 3252
3259 3254
3260 3252
3261 3255
3262 3255
3263 3259
3264 3254
3265 3263
3266 3261
3267 1227
3268 3265
3269 3260
3270 3259
3271 3269
3272 3270
3273 3257
3274 3265
3275 3252
3276 3266
3277 3267
3278 3265
3279 3257
3280 3270
3281 3267
3282 3267
3283 3278
3284 3252
3285 3280
3286 2391
3287 3286
3288 3287
3289 3288
3290 3289
3291 3290
3292 3291
3293 3292
3294 3293
3295 3294
3296 3295
3297 3296
3298 3297
3299 3298
3300 3299
3301 3300
3302 3301
3303 3302
3304 3303
3305 3304
3306 3305
3307 3306
3308 3307
3309 3308
3310 3309
3311 3310
3312 3311
3313 3312
3314 3313
3315 3314
3316 3315
3317 3316
3318 3317
3319 3318
3320 3319
3321 3320
3322 3321
3323 3322
3324 3323
3325 3324
3326 3325
3327 3326
3328 3327
3329 3328
3330 3329
3331 3330
3332 3331
3333 3332
3334 3333
3335 3334
3336 3335
3337 3336
3338 3337
3339 3338
3340 3339
3341 3340
3341 2391
3342 167
3343 3342
3344 3343
3345 3344
3346 3345
3347 3346
3348 3347
3349 3348
3350 3349
3351 3350
3352 3351
3353 3352
3354 3353
3355 3354
3356 3355
3357 3356
3358 3357
3359 3358
3360 3359
3361 3360
3362 3361
3363 3362
3364 3363
3365 3364
3366 3365
3367 3366
3368 3367
3369 3368
3370 3369
3371 3370
3372 3371
3373 3372
3374 3373
3375 3374
3376 3375
3377 3376
3377 167
3378 1113
3379 3378
3380 3379
3381 3380
3382 3381
3383 3382
3384 3383
3385 3384
3386 3385
3387 3386
3388 3387
3389 3388
3390 3389
3391 3390
3392 3391
3393 3392
3394 3393
3395 3394
3396 3395
3397 3396
3398 3397
3399 3398
3400 3399
3400 1113
3401 2860
3402 3401
3403 3402
3404 3403
3405 3404
3406 3405
3407 3406
3408 3407
3409 3408
3410 3409
3411 3410
3412 3411
3413 3412
3414 3413
3415 3414
3416 3415
3417 3416
3418 3417
3419 3418
3420 3419
3421 3420
3422 3421
3423 3422
3424 3423
3425 3424
3426 3425
3427 3426
3428 3427
3429 3428
3430 3429
3431 3430
3432 3431
3433 3432
3434 3433
3434 2860
3435 538
3436 538
3437 3435
3438 3437
3439 3435
3440 538
3441 3437
3442 3436
3443 3437
3444 3436
3445 3439
3446 3443
3447 3445
3448 3439
3449 3447
3450 3441
3451 3445
3452 3448
3453 3445
3454 3453
3455 3441
3456 3449
3457 3435
3458 3456
3459 3448
3460 3441
3461 3439
3462 3455
3463 3461
3464 3444
3465 3436
3466 3438
3467 3446
3468 3448
3469 3443
3470 3458
3471 3463
3472 3454
3473 3442
3474 3448
3475 3439
3476 3438
3477 3435
3478 3440
3479 3462
3480 3466
3481 3435
3482 3451
3483 3449
3484 3435
3485 3463
3486 3449
3487 3437
3488 3461
3489 3456
3490 3468
3491 3447
3492 3458
3493 3451
3494 2659
3495 3494
3496 3494
3497 3495
3498 3497
3499 3497
3500 3498
3501 3494
3502 3498
3503 3501
3504 3494
3505 3495
3506 3502
3507 3497
3508 3506
3509 3503
3510 3500
3511 3495
3512 3510
3513 3504
3514 2659
3515 3504
3516 3498
3517 3513
3518 3502
3519 3495
3520 3517
3521 3511
3522 3494
3523 2659
3524 3511
3525 3502
3526 3520
3527 3506
3528 3505
3529 641
3530 641
3531 3530
3532 641
3533 641
3534 3531
3535 641
3536 3534
3537 3532
3538 3534
3539 3537
3540 3530
3541 3529
3542 3536
3543 3533
3544 3532
3545 3535
3546 3541
3547 3531
3548 3531
3549 3531
3550 3536
3551 3537
3552 3545
3553 3542
3554 3544
3555 3540
3556 3536
3557 3544
3558 3530
3559 3538
3560 3552
3561 3534
3562 3540
3563 3531
3564 3535
3565 3557
3566 3563
3567 3532
3568 3544
3569 3567
3570 3568
3571 3550
3572 3533
3573 3556
3574 3565
3575 3568
3576 3572
3577 3541
3578 3547
3579 3574
3580 3542
3581 3551
3582 3574
3583 3544
3584 3579
3585 3552
3586 3570
3587 3536
3588 3551
3589 3576
3590 3547
3591 3585
3592 3536
3593 3529
3594 3548
3595 3558
3596 3534
3597 3559
3598 3530
3599 3579
3600 3530
3601 3562
3602 3576
3603 3566
3604 3539
3605 3542
3606 3547
3607 3604
3608 3580
3609 3589
3610 3555
3611 3559
3612 3536
3613 3567
3614 3601
3615 3539
3616 3596
3617 3588
3618 3531
3619 3581
3620 3613
3621 3570
3622 3581
3623 3512
3624 3623
3625 3623
3626 3625
3627 3625
3628 3623
3629 3625
3630 3629
3631 3625
3632 3624
3633 3626
3634 3628
3635 3632
3636 3623
3637 3512
3638 3627
3639 3623
3640 3628
3641 3631
3642 3639
3643 3623
3644 3639
3645 3639
3646 4
3647 4
3648 4
3649 3648
3650 3648
3651 3647
3652 4
3653 4
3654 3648
3655 4
3656 3647
3657 3654
3658 3656
3659 3650
3660 3648
3661 3653
3662 3658
3663 4
3664 3661
3665 3659
3666 3659
3667 3657
3668 3661
3669 3648
3670 3666
3671 3658
3672 3665
3673 3654
3674 3665
3675 3650
3676 4
3677 3674
3678 3654
3679 3669
3680 3668
3681 3648
3682 3673
3683 3658
3684 3649
3685 3657
3686 3682
3687 3667
3688 3671
3689 3660
3690 3672
3691 3656
3692 3664
3693 3651
3694 3691
3695 3691
3696 3657
3697 3665
3698 3654
3699 3662
3700 3657
3701 3683
3702 3648
3703 4
3704 3654
3705 3660
3706 3657
3707 3687
3708 3692
3709 3655
3710 3699
3711 3689
3712 3679
3713 3704
3714 3658
3715 3681
3716 3686
3717 3707
3718 3648
3719 3668
3720 3702
3721 3700
3722 3657
3723 3660
3724 3694
3725 3646
3726 3663
3727 3684
3728 3686
3729 3697
3730 3697
3731 3709
3732 3669
3733 1611
3734 3733
3735 3734
3736 3735
3737 3736
3738 3737
3739 3738
3740 3739
3741 3740
3742 3741
3743 3742
3744 3743
3745 3744
3746 3745
3747 3746
3748 3747
3749 3748
3750 3749
3751 3750
3752 3751
3753 3752
3754 3753
3755 3754
3756 3755
3757 3756
3758 3757
3759 3758
3760 3759
3761 3760
3762 3761
3763 3762
3763 1611
3764 3743
3765 3743
3766 3765
3767 3743
3768 3765
3769 3766
3770 3764
3771 3765
3772 3770
3773 3770
3774 3771
3775 3771
3776 3768
3777 3767
3778 3770
3779 3775
3780 3770
3781 3772
3782 569
3783 3782
3784 3783
3785 3784
3786 3785
3787 3786
3788 3787
3788 569
3789 3643
3790 3643
3791 3643
3792 3791
3793 3643
3794 3789
3795 3790
3796 3790
3797 3790
3798 3795
3799 3793
3800 3798
3801 3792
3802 3789
3803 3792
3804 3790
3805 3790
3806 3791
3807 3791
3808 3791
3809 3791
3810 3808
3811 3808
3812 3810
3813 3810
3814 3796
3815 3811
3816 3796
3817 3807
3818 3813
3819 3807
3820 3800
3821 3793
3822 3643
3823 3820
3824 3643
3825 3819
3826 3817
3827 3802
3828 3820
3829 3804
3830 3810
3831 3824
3832 3817
3833 3791
3834 3822
3835 3819
3836 3803
3837 3792
3838 3797
3839 3820
3840 3812
3841 3798
3842 3806
3843 3816
3844 3843
3845 3815
3846 3793
3847 3820
3848 3818
3849 3847
3850 3828
3851 3150
3852 3150
3853 3851
3854 3852
3855 3150
3856 3852
3857 3855
3858 3851
3859 3854
3860 3856
3861 3859
3862 3857
3863 3852
3864 3857
3865 3860
3866 3851
3867 3853
3868 3854
3869 3851
3870 3866
3871 3868
3872 3853
3873 3872
3874 3869
3875 3872
3876 3869
3877 3858
3878 3868
3879 3875
3880 3865
3881 3879
3882 3878
3883 2278
3884 2278
3885 3883
3886 2278
3887 3886
3888 3885
3889 3885
3890 3883
3891 3888
3892 3890
3893 3883
3894 3891
3895 3890
3896 3883
3897 3894
3898 2278
3899 3889
3900 3888
3901 3898
3902 2278
3903 3901
3904 3885
3905 3889
3906 3889
3907 3900
3908 3884
3909 3893
3910 3891
3911 3890
3912 3904
3913 3889
3914 3910
3915 3913
3916 3905
3917 3904
3918 3889
3919 3896
3920 3917
3921 3892
3922 3918
3923 3896
3924 3917
3925 3885
3926 3892
3927 3900
3928 3910
3929 3895
3930 3917
3931 3916
3932 3922
3933 3901
3934 3908
3935 3922
3936 3911
3937 3909
3938 3888
3939 3887
3940 3931
3941 3894
3942 3888
3943 3905
3944 3891
3945 3884
3946 3941
3947 3922
3948 3896
3949 3912
3950 3895
3951 3947
3952 3947
3953 3892
3954 3888
3955 3954
3956 3910
3957 3897
3958 3912
3959 3903
3960 3883
3961 3910
3962 3895
3963 3942
3964 3944
3965 3898
3966 3930
3967 3900
3968 3950
3969 3962
3970 3926
3971 3896
3972 3941
3973 3944
3974 2480
3975 3974
3976 3975
3977 3976
3978 3977
3979 3978
3980 3979
3981 3980
3982 3981
3983 3982
3984 3983
3985 3984
3986 3985
3987 3986
3988 3987
3989 3988
3990 3989
3991 3990
3992 3991
3993 3992
3994 3993
3995 3994
3996 3995
3997 3996
3998 3997
3999 3998
4000 3999
4001 4000
4002 4001
4003 4002
4004 4003
4005 4004
4006 4005
4007 4006
4008 4007
4009 4008
4010 4009
4011 4010
4012 4011
4013 4012
4014 4013
4015 4014
4016 4015
4017 4016
4018 4017
4019 4018
4020 4019
4021 4020
4022 4021
4023 4022
4024 4023
4025 4024
4026 4025
4027 4026
4028 4027
4029 4028
4030 4029
4031 4030
4032 4031
4033 4032
4034 4033
4035 4034
4036 4035
4037 4036
4038 4037
4039 4038
4040 4039
4041 4040
4042 4041
4043 4042
4044 4043
4045 4044
4045 2480
4046 2616
4047 4046
4048 4047
4049 4048
4050 4049
4051 4050
4052 4051
4053 4052
4054 4053
4055 4054
4056 4055
4057 4056
4058 4057
4059 4058
4060 4059
4061 4060
4062 4061
4063 4062
4064 4063
4065 4064
4066 4065
4067 4066
4068 4067
4069 4068
4070 4069
4071 4070
4072 4071
4073 4072
4074 4073
4075 4074
4076 4075
4077 4076
4078 4077
4079 4078
4080 4079
4081 4080
4082 4081
4083 4082
4084 4083
4085 4084
4086 4085
4087 4086
4088 4087
4089 4088
4090 4089
4091 4090
4091 2616
4092 1723
4093 4092
4094 4093
4095 4094
4096 4095
4097 4096
4098 4097
4099 4098
4100 4099
4101 4100
4102 4101
4103 4102
4104 4103
4105 4104
4106 4105
4107 4106
4108 4107
4109 4108
4110 4109
4111 4110
4112 4111
4113 4112
4114 4113
4115 4114
4116 4115
4117 4116
4118 4117
4119 4118
4120 4119
4121 4120
4122 4121
4123 4122
4124 4123
4125 4124
4126 4125
4127 4126
4128 4127
4129 4128
4129 1723
4130 953
4131 953
4132 953
4133 4130
4134 4130
4135 4130
4136 4133
4137 4131
4138 4135
4139 4137
4140 4137
4141 4137
4142 4140
4143 4131
4144 4131
4145 4143
4146 4143
4147 4144
4148 4146
4149 4131
4150 4139
4151 4136
4152 4142
4153 4143
4154 4142
4155 4151
4156 4134
4157 4135
4158 4139
4159 4157
4160 4148
4161 4133
4162 4141
4163 4160
4164 4134
4165 4132
4166 4131
4167 4156
4168 4146
4169 4152
4170 4154
4171 4169
4172 4141
4173 4135
4174 4131
4175 4144
4176 4170
4177 4156
4178 4154
4179 4137
4180 4156
4181 4143
4182 4140
4183 4144
4184 4159
4185 4166
4186 4178
4187 4182
4188 4171
4189 4164
4190 4148
4191 4186
4192 4169
4193 4172
4194 4161
4195 4178
4196 4179
4197 4170
4198 4156
4199 4195
4200 4190
4201 4162
4202 4195
4203 2783
4204 2783
4205 4203
4206 4205
4207 4206
4208 4207
4209 4208
4210 2783
4211 4208
4212 4211
4213 4203
4214 4203
4215 4203
4216 4205
4217 4215
4218 4203
4219 4218
4220 4219
4221 4216
4222 4219
4223 4216
4224 4212
4225 4209
4226 4205
4227 4206
4228 4217
4229 4213
4230 4206
4231 4208
4232 4203
4233 4208
4234 4221
4235 4204
4236 4223
4237 4214
4238 4221
4239 4224
4240 4204
4241 4206
4242 4231
4243 4217
4244 4243
4245 4213
4246 4213
4247 351
4248 4247
4249 4248
4250 4249
4251 4250
4252 4251
4253 4252
4254 4253
4255 4254
4256 4255
4257 4256
4258 4257
4259 4258
4260 4259
4261 4260
4262 4261
4263 4262
4264 4263
4265 4264
4266 4265
4267 4266
4268 4267
4269 4268
4270 4269
4271 4270
4272 4271
4273 4272
4274 4273
4275 4274
4275 351
4276 1556
4277 1556
4278 4277
4279 1556
4280 4279
4281 1556
4282 4279
4283 4276
4284 4283
4285 4284
4286 4283
4287 4276
4288 4283
4289 4280
4290 4282
4291 4281
4292 4280
4293 4282
4294 1556
4295 4280
4296 4290
4297 4290
4298 4291
4299 1556
4300 4279
4301 4298
4302 4276
4303 4280
4304 4281
4305 2580
4306 4305
4307 4306
4308 4307
4309 4308
4310 4309
4311 4310
4312 4311
4313 4312
4314 4313
4315 4314
4316 4315
4317 4316
4318 4317
4319 4318
4320 4319
4321 4320
4322 4321
4323 4322
4324 4323
4325 4324
4326 4325
4327 4326
4328 4327
4329 4328
4330 4329
4331 4330
4332 4331
4333 4332
4334 4333
4335 4334
4336 4335
4337 4336
4338 4337
4339 4338
4340 4339
4341 4340
4342 4341
4343 4342
4344 4343
4344 2580
4345 383
4346 383
4347 383
4348 4347
4349 383
4350 4346
4351 4349
4352 4351
4353 4350
4354 4348
4355 4348
4356 4350
4357 4352
4358 4346
4359 4351
4360 383
4361 4354
4362 4348
4363 383
4364 4354
4365 4363
4366 4350
4367 4364
4368 4357
4369 4358
4370 4348
4371 2337
4372 2337
4373 4371
4374 2337
4375 4372
4376 4374
4377 2337
4378 4375
4379 4373
4380 4371
4381 4380
4382 4373
4383 2337
4384 4377
4385 4382
4386 4374
4387 4373
4388 4377
4389 4373
4390 4375
4391 4374
4392 4372
4393 4381
4394 4390
4395 4375
4396 4385
4397 4388
4398 4390
4399 4392
4400 4385
4401 4379
4402 4381
4403 4394
4404 4392
4405 4395
4406 4393
4407 4397
4408 2337
4409 4388
4410 4400
4411 4388
4412 4381
4413 4396
4414 4402
4415 4395
4416 4384
4417 4374
4418 4387
4419 4395
4420 4419
4421 4411
4422 4382
4423 4415
4424 4377
4425 4408
4426 4396
4427 4384
4428 4411
4429 4424
4430 4379
4431 4409
4432 4409
4433 4377
4434 4383
4435 4389
4436 4407
4437 4429
4438 4400
4439 4405
4440 4397
4441 4424
4442 4410
4443 4423
4444 4409
4445 4371
4446 4444
4447 4405
4448 4431
4449 4376
4450 4394
4451 4373
4452 4403
4453 4448
4454 4391
4455 4380
4456 4447
4457 4398
4458 4403
4459 4398
4460 4404
4461 4217
4462 4461
4463 4462
4464 4463
4465 4464
4466 4465
4467 4466
4468 4467
4469 4468
4470 4469
4471 4470
4472 4471
4473 4472
4474 4473
4475 4474
4476 4475
4477 4476
4478 4477
4479 4478
4480 4479
4481 4480
4482 4481
4483 4482
4484 4483
4485 4484
4486 4485
4487 4486
4488 4487
4489 4488
4490 4489
4491 4490
4492 4491
4493 4492
4494 4493
4495 4494
4496 4495
4497 4496
4498 4497
4499 4498
4500 4499
4501 4500
4502 4501
4503 4502
4504 4503
4505 4504
4506 4505
4507 4506
4508 4507
4509 4508
4510 4509
4511 4510
4512 4511
4513 4512
4514 4513
4515 4514
4516 4515
4517 4516
4518 4517
4519 4518
4520 4519
4521 4520
4522 4521
4523 4522
4524 4523
4525 4524
4526 4525
4527 4526
4528 4527
4529 4528
4530 4529
4531 4530
4532 4531
4533 4532
4534 4533
4535 4534
4536 4535
4537 4536
4538 4537
4539 4538
4540 4539
4541 4540
4542 4541
4543 4542
4544 4543
4545 4544
4546 4545
4547 4546
4548 4547
4549 4548
4550 4549
4551 4550
4552 4551
4553 4552
4554 4553
4555 4554
4556 4555
4557 4556
4557 4217
4558 2208
4559 2208
4560 2208
4561 4558
4562 2208
4563 2768
4564 4563
4565 4564
4566 4565
4567 4566
4568 4567
4569 4568
4570 4569
4571 4570
4572 4571
4573 4572
4574 4573
4575 4574
4576 4575
4577 4576
4578 4577
4579 4578
4580 4579
4581 4580
4582 4581
4583 4582
4584 4583
4585 4584
4586 4585
4587 4586
4588 4587
4589 4588
4590 4589
4591 4590
4592 4591
4593 4592
4594 4593
4595 4594
4596 4595
4597 4596
4598 4597
4599 4598
4600 4599
4601 4600
4602 4601
4603 4602
4604 4603
4605 4604
4606 4605
4607 4606
4607 2768
4608 510
4609 4608
4610 510
4611 4610
4612 4608
4613 4609
4614 4612
4615 510
4616 4614
4617 4614
4618 4611
4619 4613
4620 4615
4621 510
4622 4609
4623 4613
4624 4619
4625 4616
4626 4615
4627 4626
4628 4627
4629 4614
4630 4618
4631 4611
4632 4630
4633 4628
4634 4608
4635 4619
4636 4630
4637 4622
4638 4618
4639 4624
4640 4630
4641 4608
4642 4628
4643 4640
4644 4623
4645 4644
4646 4645
4647 510
4648 4608
4649 4623
4650 4635
4651 4631
4652 4617
4653 206
4654 4653
4654 206
4655 1910
4656 4655
4657 4655
4658 4656
4659 1910
4660 4655
4661 4660
4662 1910
4663 4659
4664 4659
4665 4658
4666 1910
4667 4656
4668 4661
4669 4659
4670 4658
4671 4664
4672 4667
4673 4665
4674 4655
4675 4658
4676 4665
4677 4665
4678 4670
4679 4658
4680 4656
4681 4672
4682 4674
4683 4677
4684 4671
4685 4661
4686 4672
4687 4669
4688 4661
4689 4655
4690 4674
4691 4659
4692 4689
4693 4669
4694 4685
4695 4693
4696 4685
4697 4690
4698 4695
4699 4676
4700 4682
4701 4657
4702 4698
4703 4667
4704 4676
4705 4673
4706 4695
4707 4656
4708 4696
4709 4685
4710 4708
4711 4686
4712 4709
4713 4672
4714 4706
4715 4677
4716 4655
4717 4711
4718 4711
4719 4660
4720 4719
4721 4707
4722 4701
4723 4718
4724 4673
4725 4664
4726 4698
4727 4690
4728 4725
4729 4673
4730 4690
4731 4692
4732 4670
4733 4671
4734 4704
4735 4697
4736 4696
4737 4659
4738 4693
4739 4674
4740 4715
4741 4679
4742 4727
4743 4736
4744 4735
4745 4726
4746 4691
4747 4684
4748 4662
4749 4663
4750 3566
4751 4750
4752 4751
4753 4752
4754 4753
4755 4754
4756 4755
4757 4756
4758 4757
4759 4758
4760 4759
4761 4760
4762 4761
4763 4762
4764 4763
4765 4764
4766 4765
4767 4766
4768 4767
4769 4768
4770 4769
4771 4770
4772 4771
4773 4772
4774 4773
4775 4774
4776 4775
4777 4776
4778 4777
4779 4778
4780 4779
4781 4780
4782 4781
4783 4782
4784 4783
4785 4784
4786 4785
4787 4786
4788 4787
4789 4788
4790 4789
4791 4790
4792 4791
4793 4792
4794 4793
4795 4794
4796 4795
4797 4796
4798 4797
4799 4798
4800 4799
4801 4800
4802 4801
4803 4802
4804 4803
4805 4804
4806 4805
4807 4806
4808 4807
4809 4808
4810 4809
4811 4810
4812 4811
4813 4812
4814 4813
4815 4814
4816 4815
4817 4816
4818 4817
4819 4818
4820 4819
4821 4820
4822 4821
4823 4822
4824 4823
4825 4824
4826 4825
4827 4826
4828 4827
4829 4828
4829 3566
4830 52
4831 4830
4832 4831
4833 52
4834 4833
4835 4831
4836 4833
4837 4836
4838 4836
4839 4831
4840 4831
4841 52
4842 4840
4843 4830
4844 4840
4845 4831
4846 4833
4847 4840
4848 4841
4849 4834
4850 52
4851 4841
4852 4833
4853 4838
4854 2539
4855 4854
4856 4855
4857 4856
4858 4857
4859 4858
4860 4859
4861 4860
4862 4861
4863 4862
4864 4863
4865 4864
4866 4865
4867 4866
4868 4867
4869 4868
4870 4869
4871 4870
4872 4871
4873 4872
4874 4873
4875 4874
4876 4875
4877 4876
4878 4877
4879 4878
4880 4879
4881 4880
4882 4881
4883 4882
4884 4883
4885 4884
4886 4885
4887 4886
4888 4887
4889 4888
4890 4889
4891 4890
4892 4891
4893 4892
4894 4893
4895 4894
4896 4895
4897 4896
4898 4897
4899 4898
4900 4899
4901 4900
4902 4901
4903 4902
4904 4903
4905 4904
4906 4905
4907 4906
4908 4907
4909 4908
4910 4909
4911 4910
4912 4911
4913 4912
4914 4913
4915 4914
4916 4915
4917 4916
4918 4917
4919 4918
4920 4919
4921 4920
4922 4921
4923 4922
4924 4923
4925 4924
4925 2539
4926 572
4927 4926
4928 4927
4929 572
4930 4927
4931 4927
4932 4928
4933 4932
4934 4933
4935 4928
4936 4931
4937 572
4938 4933
4939 4930
4940 4933
4941 4930
4942 4930
4943 4932
4944 4943
4945 4939
4946 4943
4947 4946
4948 4935
4949 4926
4950 4946
4951 4927
4952 4936
4953 4928
4954 4945
4955 4937
4956 4927
4957 4939
4958 4942
4959 4958
4960 4945
4961 4931
4962 4930
4963 4945
4964 4932
4965 4952
4966 4938
4967 4947
4968 4951
4969 4947
4970 4963
4971 4970
4972 4962
4973 4929
4974 4954
4975 4937
4976 4937
4977 4930
4978 4967
4979 4964
4980 4964
4981 4931
4982 4949
4983 4973
4984 4958
4985 4961
4986 4949
4987 4972
4988 4927
4989 4987
4990 4944
4991 4960
4992 4990
4993 4964
4994 4971
4995 4930
4996 4928
4997 4951
4998 4972
4999 4965
5000 4968
5001 4977
5002 4954
5003 4936
5004 4990
5005 4931
5006 4934
5007 1894
5008 1894
5009 5007
5010 1894
5011 5009
5012 5009
5013 5009
5014 5009
5015 5007
5016 5015
5017 5016
5018 5010
5019 5018
5020 1894
5021 5017
5022 5019
5023 5016
5024 5019
5025 5022
5026 5010
5027 5014
5028 5018
5029 5018
5030 5011
5031 5018
5032 5031
5033 5016
5034 5027
5035 5018
5036 5027
5037 5021
5038 5022
5039 5019
5040 5014
5041 5025
5042 5030
5043 5018
5044 5021
5045 5040
5046 5018
5047 5012
5048 5046
5049 5037
5050 5020
5051 5037
5052 5007
5053 5026
5054 5011
5055 5049
5056 5011
5057 5032
5058 5038
5059 5028
5060 5028
5061 5048
5062 5015
5063 5042
5064 5032
5065 5053
5066 5025
5067 5057
5068 5059
5069 5022
5070 5042
5071 5034
5072 5065
5073 5034
5074 5026
5075 5065
5076 5066
5077 5032
5078 3065
5079 5078
5080 5079
5081 5080
5082 5081
5083 5082
5084 5083
5085 5084
5086 5085
5087 5086
5088 5087
5089 5088
5090 5089
5091 5090
5092 5091
5093 5092
5094 5093
5094 3065
5095 3759
5096 5095
5097 5096
5098 5097
5099 5098
5100 5099
5101 5100
5102 5101
5103 5102
5104 5103
5105 5104
5106 5105
5107 5106
5108 5107
5109 5108
5110 5109
5111 5110
5112 5111
5113 5112
5114 5113
5115 5114
5116 5115
5117 5116
5118 5117
5119 5118
5120 5119
5121 5120
5122 5121
5123 5122
5124 5123
5125 5124
5126 5125
5127 5126
5128 5127
5129 5128
5130 5129
5131 5130
5132 5131
5133 5132
5134 5133
5135 5134
5136 5135
5137 5136
5138 5137
5139 5138
5140 5139
5141 5140
5142 5141
5143 5142
5144 5143
5145 5144
5146 5145
5147 5146
5148 5147
5149 5148
5150 5149
5151 5150
5152 5151
5153 5152
5154 5153
5155 5154
5156 5155
5156 3759
5157 1273
5158 5157
5159 5158
5160 5159
5161 5160
5162 5161
5163 5160
5164 5158
5165 5158
5166 5161
5167 5158
5168 5163
5169 5163
5170 5161
5171 5163
5172 5169
5173 5165
5174 5158
5175 5158
5176 5163
5177 5171
5178 5166
5179 5174
5180 5171
5181 5169
5182 5181
5183 5167
5184 1273
5185 5182
5186 5175
5187 5177
5188 5177
5189 5160
5190 5162
5191 5185
5192 5168
5193 5184
5194 5180
5195 5166
5196 5184
5197 5182
5198 5180
5199 5190
5200 5195
5201 5185
5202 5179
5203 5181
5204 5172
5205 1967
5206 5205
5207 5206
5208 5207
5209 5208
5210 5209
5211 5210
5212 5211
5213 5212
5214 5213
5215 5214
5216 5215
5217 5216
5218 5217
5219 5218
5220 5219
5221 5220
5222 5221
5223 5222
5224 5223
5225 5224
5226 5225
5227 5226
5228 5227
5229 5228
5230 5229
5231 5230
5232 5231
5233 5232
5234 5233
5235 5234
5236 5235
5237 5236
5238 5237
5239 5238
5240 5239
5241 5240
5242 5241
5243 5242
5244 5243
5245 5244
5246 5245
5247 5246
5248 5247
5249 5248
5250 5249
5251 5250
5252 5251
5253 5252
5254 5253
5255 5254
5256 5255
5257 5256
5258 5257
5259 5258
5260 5259
5261 5260
5262 5261
5262 1967
5263 4573
5264 4573
5265 4573
5266 5264
5267 5266
5268 5265
5269 4573
5270 5263
5271 5265
5272 5268
5273 5264
5274 5268
5275 5274
5276 5264
5277 5275
5278 5270
5279 4573
5280 5264
5281 5280
5282 5268
5283 5263
5284 5273
5285 5272
5286 5273
5287 5269
5288 5274
5289 5276
5290 5288
5291 5281
5292 5290
5293 5290
5294 5270
5295 4573
5296 4573
5297 5283
5298 5270
5299 5285
5300 5286
5301 5291
5302 5288
5303 5266
5304 5277
5305 5272
5306 5297
5307 5305
5308 5264
5309 5279
5310 5293
5311 5300
5312 5266
5313 5310
5314 5286
5315 5291
5316 5300
5317 5264
5318 5314
5319 5263
5320 5302
5321 5315
5322 5289
5323 5312
5324 5308
5325 5277
5326 5284
5327 5267
5328 5321
5329 5328
5330 5303
5331 5296
5332 5294
5333 5276
5334 5264
5335 5271
5336 5285
5337 5308
5338 5322
5339 5289
5340 5307
5341 5334
5342 5315
5343 5337
5344 5291
5345 5340
5346 5283
5347 5345
5348 5338
5349 5303
5350 5282
5351 5330
5352 5266
5353 5289
5354 5329
5355 5250
5356 5250
5357 5355
5358 5355
5359 5357
5360 5356
5361 5358
5362 5250
5363 5361
5364 5356
5365 5250
5366 5361
5367 5250
5368 5355
5369 5368
5370 5250
5371 5358
5372 5360
5373 5250
5374 5366
5375 5366
5376 5360
5377 5369
5378 5374
5379 5362
5380 5379
5381 5369
5382 5250
5383 5375
5384 5367
5385 5383
5386 5380
5387 5371
5388 5369
5389 5356
5390 5362
5391 5355
5392 5363
5393 5250
5394 5385
5395 5359
5396 5361
5397 5382
5398 5250
5399 5391
5400 5382
5401 5368
5402 5369
5403 5250
5404 5386
5405 5375
5406 5369
5407 5392
5408 5370
5409 5399
5410 5402
5411 5369
5412 5370
5413 5370
5414 5375
5415 5391
5416 5390
5417 3083
5418 5417
5419 5418
5420 5419
5421 5420
5422 5421
5423 5422
5424 5423
5425 5424
5426 5425
5427 5426
5428 5427
5429 5428
5430 5429
5431 5430
5432 5431
5433 5432
5434 5433
5435 5434
5436 5435
5437 5436
5438 5437
5439 5438
5440 5439
5441 5440
5442 5441
5443 5442
5444 5443
5445 5444
5446 5445
5447 5446
5448 5447
5449 5448
5450 5449
5451 5450
5452 5451
5453 5452
5454 5453
5455 5454
5456 5455
5457 5456
5458 5457
5459 5458
5460 5459
5461 5460
5462 5461
5463 5462
5464 5463
5465 5464
5466 5465
5467 5466
5468 5467
5469 5468
5470 5469
5471 5470
5472 5471
5473 5472
5474 5473
5475 5474
5476 5475
5477 5476
5478 5477
5479 5478
5480 5479
5481 5480
5481 3083
5482 2208
5483 5482
5484 5483
5485 5484
5486 5485
5487 5486
5488 5487
5489 5488
5490 5489
5491 5490
5492 5491
5493 5492
5494 5493
5495 5494
5496 5495
5496 2208
5497 3209
5498 5497
5499 5498
5500 5499
5501 5500
5502 5501
5503 5502
5504 5503
5505 5504
5506 5505
5507 5506
5508 5507
5509 5508
5510 5509
5511 5510
5512 5511
5513 5512
5514 5513
5515 5514
5516 5515
5517 5516
5518 5517
5519 5518
5520 5519
5521 5520
5522 5521
5523 5522
5524 5523
5525 5524
5526 5525
5527 5526
5528 5527
5529 5528
5530 5529
5531 5530
5532 5531
5533 5532
5534 5533
5535 5534
5536 5535
5537 5536
5538 5537
5539 5538
5540 5539
5541 5540
5542 5541
5543 5542
5544 5543
5545 5544
5546 5545
5547 5546
5548 5547
5549 5548
5550 5549
5551 5550
5552 5551
5553 5552
5554 5553
5555 5554
5556 5555
5557 5556
5558 5557
5559 5558
5560 5559
5561 5560
5562 5561
5563 5562
5564 5563
5565 5564
5566 5565
5567 5566
5568 5567
5569 5568
5569 3209
5570 4332
5571 5570
5572 1351
5573 1351
5574 5573
5575 5574
5576 5572
5577 5573
5578 5574
5579 5578
5580 5578
5581 5578
5582 5577
5583 5580
5584 5576
5585 5581
5586 5579
5587 5574
5588 5587
5589 5585
5590 5581
5591 5580
5592 5589
5593 5589
5594 4096
5595 5594
5596 5594
5597 4096
5598 5595
5599 5598
5600 4096
5601 5598
5602 5596
5603 5595
5604 5597
5605 5602
5606 5596
5607 4096
5608 5596
5609 5607
5610 4096
5611 5606
5612 4096
5613 5611
5614 5598
5615 5608
5616 5606
5617 5603
5618 5610
5619 5605
5620 5595
5621 5605
5622 5609
5623 5615
5624 5620
5625 5613
5626 5606
5627 5611
5628 5622
5629 5620
5630 5627
5631 5605
5632 5603
5633 5620
5634 5620
5635 5606
5636 5600
5637 5625
5638 5594
5639 5611
5640 5619
5641 5636
5642 5641
5643 5640
5644 5601
5645 5615
5646 5602
5647 5594
5648 1599
5649 5648
5650 5649
5651 5650
5652 5651
5653 5652
5654 5653
5655 5654
5656 5655
5657 5656
5658 5657
5659 5658
5660 5659
5661 5660
5662 5661
5663 5662
5664 5663
5665 5664
5666 5665
5667 5666
5668 5667
5669 5668
5670 5669
5671 5670
5672 5671
5673 5672
5674 5673
5675 5674
5676 5675
5677 5676
5678 5677
5679 5678
5680 5679
5681 5680
5682 5681
5683 5682
5684 5683
5685 5684
5686 5685
5687 5686
5688 5687
5689 5688
5690 5689
5691 5690
5692 5691
5693 5692
5694 5693
5694 1599
5695 4480
5696 5695
5697 5695
5698 5697
5699 4480
5700 5697
5701 4480
5702 5695
5703 5702
5704 5695
5705 4480
5706 5697
5707 5706
5708 5700
5709 5704
5710 5705
5711 5695
5712 5701
5713 5699
5714 5711
5715 5709
5716 5715
5717 5695
5718 5695
5719 5718
5720 5703
5721 5707
5722 5704
5723 5700
5724 5703
5725 5706
5726 5695
5727 5724
5728 5702
5729 5698
5730 5714
5731 5705
5732 5723
5733 5715
5734 2132
5735 5734
5736 5735
5737 5736
5738 5737
5739 5738
5740 5739
5741 5740
5742 5741
5743 5742
5744 5743
5745 5744
5746 5745
5747 5746
5748 5747
5749 5748
5750 5749
5751 5750
5752 5751
5753 5752
5754 5753
5755 5754
5756 5755
5757 5756
5758 5757
5759 5758
5760 5759
5761 5760
5762 5761
5763 5762
5764 5763
5765 5764
5766 5765
5767 5766
5768 5767
5769 5768
5770 5769
5771 5770
5772 5771
5773 5772
5774 5773
5775 5774
5776 5775
5777 5776
5778 5777
5779 5778
5780 5779
5781 5780
5782 5781
5783 5782
5784 5783
5785 5784
5786 5785
5786 2132
5787 4826
5788 5787
5789 5788
5790 5787
5791 4826
5792 5789
5793 5791
5794 5791
5795 5791
5796 5790
5797 5787
5798 5793
5799 5795
5800 5795
5801 5787
5802 5793
5803 5787
5804 5794
5805 5801
5806 5799
5807 5788
5808 5799
5809 5792
5810 5800
5811 5806
5812 5805
5813 5807
5814 5790
5815 5794
5816 5811
5817 5812
5818 5811
5819 4826
5820 5795
5821 5792
5822 5790
5823 5821
5824 5813
5825 5791
5826 5806
5827 5803
5828 5799
5829 5799
5830 5817
5831 5815
5832 5244
5833 5832
5834 5833
5835 5834
5836 5835
5837 5836
5838 5837
5839 5838
5840 5839
5841 5840
5841 5244
5842 419
5843 5842
5844 5843
5845 5844
5846 5845
5847 5846
5848 5847
5849 5848
5850 5849
5851 5850
5852 5851
5853 5852
5854 5853
5855 5854
5856 5855
5857 5856
5858 5857
5859 5858
5860 5859
5861 5860
5862 5861
5863 5862
5864 5863
5865 5864
5866 5865
5867 5866
5868 5867
5868 419
5869 3390
5870 5869
5871 3390
5872 5870
5873 5871
5874 5873
5875 5869
5876 5875
5877 5871
5878 3390
5879 5870
5880 266
5881 5880
5882 5881
5883 5882
5884 5883
5885 5884
5886 5885
5887 5886
5888 5887
5889 5888
5890 5889
5891 5890
5892 5891
5893 5892
5894 5893
5895 5894
5896 5895
5897 5896
5898 5897
5898 266
5899 1292
5900 5899
5901 5900
5902 5900
5903 5901
5904 5902
5905 5904
5906 1292
5907 5904
5908 5899
5909 5908
5910 5900
5911 5908
5912 5903
5913 1292
5914 5913
5915 5900
5916 5914
5917 5904
5918 5909
5919 5912
5920 5909
5921 5917
5922 5917
5923 5915
5924 5907
5925 5924
5926 5907
5927 5911
5928 1292
5929 5899
5930 5899
5931 5909
5932 5915
5933 5923
5934 5932
5935 5933
5936 5911
5937 5910
5938 5911
5939 5938
5940 5910
5941 5913
5942 5939
5943 5909
5944 5912
5945 5925
5946 5928
5947 5903
5948 5945
5949 5932
5950 5940
5951 5903
5952 5933
5953 5903
5954 5913
5955 5936
5956 5918
5957 5942
5958 5944
5959 5900
5960 5942
5961 5937
5962 5960
5963 5948
5964 5899
5965 5931
5966 5925
5967 5927
5968 5913
5969 2743
5970 5969
5971 5970
5972 5971
5973 5972
5974 5973
5975 5974
5976 5975
5977 5976
5978 5977
5979 5978
5980 5979
5981 5980
5982 5981
5983 5982
5984 5983
5985 5984
5986 5985
5987 5986
5988 5987
5989 5988
5990 5989
5991 5990
5992 5991
5993 5992
5994 5993
5995 5994
5996 5995
5997 5996
5998 5997
5999 5998
6000 5999
6001 6000
6002 6001
6003 6002
6004 6003
6005 6004
6005 2743
6006 5718
6007 6006
6008 6007
6009 6006
6010 6007
6011 6010
6012 6007
6013 6007
6014 6013
6015 6008
6016 6006
6017 6011
6018 6011
6019 6011
6020 6019
6021 5718
6022 6019
6023 6020
6024 6016
6025 6007
6026 6017
6027 6020
6028 6007
6029 5718
6030 6015
6031 6011
6032 6007
6033 6027
6034 6028
6035 6032
6036 6013
6037 5718
6038 6033
6039 6037
6040 6026
6041 6028
6042 6025
6043 6042
6044 6014
6045 6024
6046 6012
6047 6045
6048 6025
6049 6040
6050 6021
6051 6017
6052 6014
6053 6051
6054 6043
6055 6032
6056 4814
6057 6056
6058 6057
6059 6058
6060 6059
6061 6060
6062 6061
6063 6062
6064 6063
6065 6064
6066 6065
6067 6066
6068 6067
6069 6068
6070 6069
6071 6070
6072 6071
6073 6072
6074 6073
6075 6074
6076 6075
6077 6076
6078 6077
6079 6078
6080 6079
6081 6080
6082 6081
6083 6082
6084 6083
6085 6084
6086 6085
6087 6086
6088 6087
6089 6088
6090 6089
6091 6090
6092 6091
6093 6092
6094 6093
6095 6094
6096 6095
6097 6096
6098 6097
6099 6098
6100 6099
6101 6100
6101 4814
6102 2402
6103 6102
6104 6103
6105 6104
6106 6105
6107 6106
6108 6107
6109 6108
6110 6109
6111 6110
6112 6111
6113 6112
6114 6113
6115 6114
6116 6115
6117 6116
6118 6117
6119 6118
6120 6119
6121 6120
6122 6121
6123 6122
6124 6123
6125 6124
6126 6125
6127 6126
6128 6127
6129 6128
6130 6129
6131 6130
6132 6131
6133 6132
6134 6133
6135 6134
6136 6135
6137 6136
6138 6137
6139 6138
6140 6139
6141 6140
6142 6141
6143 6142
6144 6143
6145 6144
6146 6145
6147 6146
6148 6147
6149 6148
6150 6149
6151 6150
6152 6151
6153 6152
6154 6153
6155 6154
6156 6155
6157 6156
6157 2402
6158 5062
6159 6158
6160 6159
6161 6160
6162 6161
6163 6162
6164 6163
6165 6164
6166 6165
6167 6166
6168 6167
6169 6168
6170 6169
6171 6170
6172 6171
6173 6172
6174 6173
6175 6174
6176 6175
6177 6176
6178 6177
6179 6178
6180 6179
6181 6180
6182 6181
6183 6182
6184 6183
6185 6184
6186 6185
6187 6186
6188 6187
6189 6188
6190 6189
6191 6190
6192 6191
6193 6192
6194 6193
6195 6194
6196 6195
6197 6196
6198 6197
6199 6198
6200 6199
6201 6200
6202 6201
6203 6202
6204 6203
6205 6204
6206 6205
6207 6206
6208 6207
6209 6208
6210 6209
6211 6210
6212 6211
6213 6212
6214 6213
6215 6214
6216 6215
6217 6216
6218 6217
6219 6218
6219 5062
6220 3166
6221 3166
6222 6221
6223 6221
6224 6221
6225 6221
6226 6225
6227 6224
6228 6224
6229 6225
6230 6222
6231 6230
6232 6220
6233 6229
6234 6230
6235 6221
6236 6223
6237 6230
6238 6230
6239 6224
6240 3166
6241 6222
6242 6237
6243 6232
6244 6230
6245 6223
6246 6227
6247 6245
6248 6237
6249 6235
6250 6226
6251 6249
6252 6244
6253 6250
6254 6233
6255 6248
6256 6228
6257 6220
6258 3166
6259 6250
6260 6257
6261 6250
6262 6226
6263 6251
6264 6244
6265 6242
6266 6229
6267 6251
6268 6232
6269 6221
6270 6225
6271 6236
6272 6264
6273 6260
6274 6235
6275 6239
6276 6249
6277 6234
6278 6243
6279 6271
6280 6230
6281 6224
6282 6239
6283 6267
6284 6248
6285 6274
6286 6227
6287 6257
6288 6222
6289 6288
6290 6238
6291 6238
6292 6277
6293 6285
6294 6254
6295 6226
6296 6254
6297 6289
6298 6276
6299 6274
6300 6226
6301 6252
6302 6234
6303 6269
6304 4413
6305 6304
6306 6304
6307 4413
6308 6305
6309 6308
6310 4413
6311 6304
6312 6307
6313 6305
6314 6310
6315 6308
6316 6312
6317 6310
6318 6313
6319 6305
6320 6312
6321 6307
6322 6320
6323 6315
6324 6313
6325 6305
6326 4413
6327 6307
6328 6318
6329 6325
6330 6325
6331 6309
6332 6312
6333 6314
6334 6315
6335 6306
6336 6323
6337 6325
6338 6335
6339 6334
6340 6304
6341 6322
6342 6304
6343 6339
6344 6308
6345 6306
6346 6330
6347 6308
6348 6325
6349 6310
6350 6328
6351 6331
6352 6337
6353 6342
6354 6347
6355 6336
6356 6325
6357 4599
6358 6357
6359 6357
6360 6358
6361 6357
6362 6359
6363 4599
6364 6357
6365 4599
6366 4599
6367 6358
6368 6366
6369 6363
6370 6358
6371 6366
6372 6371
6373 6372
6374 6368
6375 6365
6376 6371
6377 6358
6378 6368
6379 6358
6380 6377
6381 6370
6382 6371
6383 6381
6384 6371
6385 6367
6386 6379
6387 6361
6388 6387
6389 6379
6390 6364
6391 6370
6392 6374
6393 6357
6394 6388
6395 6360
6396 6360
6397 6391
6398 6357
6399 6357
6400 6393
6401 6360
6402 6389
6403 6361
6404 445
6405 445
6406 445
6407 6405
6408 6406
6409 6408
6410 6404
6411 6410
6412 6409
6413 6406
6414 6407
6415 6409
6416 6415
6417 6409
6418 6404
6419 445
6420 6404
6421 6414
6422 6421
6423 6404
6424 6406
6425 6421
6426 6412
6427 6425
6428 6412
6429 6404
6430 6413
6431 6411
6432 6415
6433 6431
6434 6407
6435 445
6436 6423
6437 6425
6438 6432
6439 6436
6440 6410
6441 6423
6442 6424
6443 6412
6444 6437
6445 6442
6446 6445
6447 6411
6448 6442
6449 6440
6450 6408
6451 6419
6452 6411
6453 6451
6454 6444
6455 6434
6456 6424
6457 6416
6458 6445
6459 6443
6460 6445
6461 6417
6462 6427
6463 6449
6464 6440
6465 6409
6466 6455
6467 6410
6468 6461
6469 6423
6470 6462
6471 6446
6472 6419
6473 6466
6474 6405
6475 6461
6476 6447
6477 109
6478 6477
6479 6478
6480 6479
6481 6480
6482 6481
6483 6482
6484 6483
6485 6484
6486 6485
6487 6486
6488 6487
6489 6488
6490 6489
6491 6490
6492 6491
6493 6492
6494 6493
6495 6494
6496 6495
6497 6496
6498 6497
6499 6498
6500 6499
6501 6500
6502 6501
6503 6502
6504 6503
6505 6504
6506 6505
6507 6506
6508 6507
6509 6508
6510 6509
6511 6510
6512 6511
6513 6512
6514 6513
6515 6514
6516 6515
6517 6516
6518 6517
6519 6518
6520 6519
6521 6520
6522 6521
6523 6522
6524 6523
6525 6524
6526 6525
6527 6526
6528 6527
6529 6528
6530 6529
6531 6530
6532 6531
6533 6532
6534 6533
6535 6534
6536 6535
6537 6536
6538 6537
6539 6538
6540 6539
6541 6540
6542 6541
6543 6542
6544 6543
6545 6544
6546 6545
6547 6546
6548 6547
6549 6548
6549 109
6550 1294
6551 1294
6552 1294
6553 6550
6554 6552
6555 6554
6556 6555
6557 1294
6558 6550
6559 6552
6560 6553
6561 6553
6562 6556
6563 6559
6564 6559
6565 6562
6566 6562
6567 6556
6568 1294
6569 6568
6570 6569
6571 6554
6572 6562
6573 6571
6574 3576
6575 6574
6576 6574
6577 6576
6578 6575
6579 3576
6580 6577
6581 6575
6582 6577
6583 6574
6584 6580
6585 6574
6586 6577
6587 3576
6588 6579
6589 6574
6590 6581
6591 3576
6592 3576
6593 6578
6594 6578
6595 6585
6596 6588
6597 6577
6598 6576
6599 6595
6600 6581
6601 6585
6602 6596
6603 6595
6604 6588
6605 3576
6606 6585
6607 6604
6608 6580
6609 6580
6610 6585
6611 6604
6612 6586
6613 6576
6614 6593
6615 6608
6616 6574
6617 6603
6618 6579
6619 6603
6620 6585
6621 6598
6622 6589
6623 6620
6624 6598
6625 6605
6626 6578
6627 6606
6628 6599
6629 6604
6630 6613
6631 6615
6632 6588
6633 6578
6634 3969
6635 6634
6636 6635
6637 6636
6638 6637
6639 6638
6640 6639
6641 6640
6642 6641
6643 6642
6644 6643
6645 6644
6646 6645
6647 6646
6648 6647
6649 6648
6649 3969
6650 1558
6651 6650
6652 1558
6653 6652
6654 6651
6655 6650
6656 6655
6657 6652
6658 6651
6659 1558
6660 6657
6661 6658
6662 6654
6663 6662
6664 6653
6665 6653
6666 6658
6667 6665
6668 6655
6669 6650
6670 6654
6671 6654
6672 6661
6673 6650
6674 6658
6675 6673
6676 6674
6677 6658
6678 6673
6679 6674
6680 6652
6681 1558
6682 6665
6683 6681
6684 6678
6685 6654
6686 6668
6687 6663
6688 6677
6689 6672
6690 6686
6691 6683
6692 6686
6693 6668
6694 6676
6695 6692
6696 6663
6697 6659
6698 6683
6699 6679
6700 6694
6701 6681
6702 6668
6703 6665
6704 6693
6705 6687
6706 6673
6707 6701
6708 6678
6709 6694
6710 6657
6711 6692
6712 6661
6713 6706
6714 6700
6715 6661
6716 6707
6717 6691
6718 6717
6719 6660
6720 6696
6721 6679
6722 6685
6723 6665
6724 6723
6725 6666
6726 6660
6727 6713
6728 6714
6729 6653
6730 6580
6731 6730
6732 6731
6733 6580
6734 6580
6735 6580
6736 6733
6737 6731
6738 6735
6739 6737
6740 6739
6741 6731
6742 6735
6743 6735
6744 6731
6745 6580
6746 6742
6747 6740
6748 6744
6749 6739
6750 6740
6751 6741
6752 6736
6753 6730
6754 6732
6755 6746
6756 6753
6757 6730
6758 6755
6759 6756
6760 6749
6761 6750
6762 6747
6763 6734
6764 6752
6765 6756
6766 6752
6767 6743
6768 6761
6769 6751
6770 6757
6771 6744
6772 6760
6773 6756
6774 6751
6775 6752
6776 6731
6777 6732
6778 6776
6779 6769
6780 6775
6781 6733
6782 6737
6783 6754
6784 6740
6785 6777
6786 6769
6787 6765
6788 6750
6789 6769
6790 6734
6791 6763
6792 6741
6793 6747
6794 6782
6795 6738
6796 6734
6797 6765
6798 6794
6799 6744
6800 6743
6801 6768
6802 6744
6803 6746
6804 6761
6805 6754
6806 6755
6807 6739
6808 6757
6809 6772
6810 6783
6811 6761
6812 6793
6813 6749
6814 6755
6815 460
6816 6815
6817 6816
6818 6817
6819 6818
6820 6819
6821 6820
6822 6821
6823 6822
6824 6823
6825 6824
6826 6825
6827 6826
6828 6827
6829 6828
6830 6829
6831 6830
6832 6831
6833 6832
6834 6833
6835 6834
6836 6835
6837 6836
6838 6837
6839 6838
6839 460
6840 6795
6841 6840
6842 6841
6843 6842
6844 6843
6845 6844
6846 6845
6847 6846
6848 6847
6849 6848
6850 6849
6851 6850
6852 6851
6853 6852
6854 6853
6855 6854
6856 6855
6857 6856
6858 6857
6859 6858
6860 6859
6861 6860
6862 6861
6863 6862
6864 6863
6865 6864
6866 6865
6867 6866
6868 6867
6869 6868
6870 6869
6870 6795
6871 1059
6872 6871
6873 6872
6874 6871
6875 6873
6876 6875
6877 6875
6878 6876
6879 6877
6880 3251
6881 3251
6882 6880
6883 6881
6884 6881
6885 6883
6886 6880
6887 6884
6888 6881
6889 6880
6890 6888
6891 6882
6892 6887
6893 6888
6894 6884
6895 6881
6896 6887
6897 6884
6898 6895
6899 6883
6900 6892
6901 6880
6902 6884
6903 6888
6904 6895
6905 6900
6906 6905
6907 3251
6908 6894
6909 6891
6910 6884
6911 6909
6912 6903
6913 6895
6914 6899
6915 6901
6916 6912
6917 6908
6918 6904
6919 6894
6920 6880
6921 6884
6922 6914
6923 6905
6924 6894
6925 6897
6926 6922
6927 6920
6928 6904
6929 6924
6930 6885
6931 6907
6932 6888
6933 6894
6934 6885
6935 3251
6936 6909
6937 6890
6938 6881
6939 6894
6940 6919
6941 6930
6942 6941
6943 6921
6944 6886
6945 6894
6946 6942
6947 6886
6948 6895
6949 6947
6950 664
6951 6950
6952 6950
6953 6952
6954 6953
6955 6951
6956 664
6957 6953
6958 6954
6959 6958
6960 664
6961 6959
6962 6950
6963 6959
6964 664
6965 6951
6966 6950
6967 6962
6968 6951
6969 6951
6970 6951
6971 6950
6972 6955
6973 6955
6974 6956
6975 6965
6976 6965
6977 664
6978 6964
6979 6958
6980 6966
6981 6972
6982 6971
6983 6979
6984 6977
6985 6958
6986 6960
6987 6954
6988 6957
6989 6982
6990 6970
6991 6980
6992 6961
6993 6971
6994 6954
6995 6983
6996 6983
6997 6967
6998 6953
6999 6973
7000 6951
7001 6973
7002 6978
7003 4785
7004 7003
7005 7004
7006 7005
7007 7006
7008 7007
7009 7008
7010 7009
7011 7010
7012 7011
7013 7012
7014 7013
7015 7014
7016 7015
7017 7016
7018 7017
7019 7018
7020 7019
7021 7020
7022 7021
7023 7022
7024 7023
7025 7024
7026 7025
7027 7026
7028 7027
7029 7028
7030 7029
7031 7030
7032 7031
7033 7032
7034 7033
7035 7034
7036 7035
7037 7036
7038 7037
7039 7038
7040 7039
7041 7040
7042 7041
7043 7042
7044 7043
7045 7044
7046 7045
7047 7046
7048 7047
7049 7048
7050 7049
7051 7050
7052 7051
7053 7052
7054 7053
7055 7054
7056 7055
7057 7056
7058 7057
7059 7058
7060 7059
7061 7060
7062 7061
7063 7062
7064 7063
7065 7064
7066 7065
7067 7066
7068 7067
7069 7068
7070 7069
7071 7070
7072 7071
7073 7072
7074 7073
7075 7074
7076 7075
7077 7076
7078 7077
7079 7078
7080 7079
7081 7080
7082 7081
7083 7082
7084 7083
7085 7084
7086 7085
7087 7086
7088 7087
7089 7088
7090 7089
7091 7090
7092 7091
7093 7092
7094 7093
7095 7094
7096 7095
7097 7096
7098 7097
7098 4785
7099 249
7100 7099
7101 7100
7102 7101
7103 7102
7104 7103
7105 7104
7106 7105
7107 7106
7108 7107
7109 7108
7110 7109
7111 7110
7112 7111
7113 7112
7114 7113
7115 7114
7116 7115
7117 7116
7118 7117
7119 7118
7120 7119
7121 7120
7122 7121
7123 7122
7124 7123
7125 7124
7126 7125
7127 7126
7128 7127
7129 7128
7130 7129
7131 7130
7132 7131
7133 7132
7134 7133
7135 7134
7136 7135
7137 7136
7138 7137
7139 7138
7140 7139
7141 7140
7142 7141
7143 7142
7144 7143
7145 7144
7146 7145
7147 7146
7148 7147
7149 7148
7150 7149
7151 7150
7152 7151
7153 7152
7154 7153
7155 7154
7156 7155
7157 7156
7158 7157
7158 249
7159 7129
7160 7159
7161 7129
7162 7129
7163 7160
7164 7162
7165 7162
7166 7161
7167 7164
7168 7160
7169 7162
7170 7161
7171 7166
7172 7171
7173 7163
7174 7163
7175 7173
7176 7166
7177 7176
7178 7163
7179 7178
7180 7159
7181 7177
7182 7176
7183 7165
7184 7129
7185 7160
7186 7171
7187 7159
7188 7185
7189 7178
7190 7188
7191 7183
7192 7162
7193 7180
7194 7189
7195 7175
7196 7189
7197 7186
7198 7197
7199 7177
7200 7170
7201 7199
7202 7170
7203 7164
7204 7189
7205 7166
7206 6093
7207 7206
7208 7207
7209 7208
7210 7209
7211 7210
7212 7211
7213 7212
7214 7213
7215 7214
7216 7215
7217 7216
7218 7217
7219 7218
7220 7219
7221 7220
7222 7221
7223 7222
7224 7223
7225 7224
7225 6093
7226 1858
7227 7226
7228 7227
7229 7228
7230 7229
7231 7230
7232 7231
7233 7232
7234 7233
7235 7234
7236 7235
7237 7236
7238 7237
7239 7238
7240 7239
7241 7240
7242 7241
7243 7242
7244 7243
7245 7244
7246 7245
7247 7246
7248 7247
7249 7248
7250 7249
7251 7250
7252 7251
7253 7252
7254 7253
7255 7254
7256 7255
7257 7256
7258 7257
7259 7258
7260 7259
7261 7260
7262 7261
7263 7262
7264 7263
7265 7264
7266 7265
7267 7266
7268 7267
7269 7268
7270 7269
7271 7270
7272 7271
7273 7272
7274 7273
7275 7274
7276 7275
7277 7276
7278 7277
7279 7278
7280 7279
7281 7280
7282 7281
7283 7282
7284 7283
7285 7284
7286 7285
7287 7286
7288 7287
7289 7288
7290 7289
7291 7290
7292 7291
7293 7292
7294 7293
7295 7294
7296 7295
7297 7296
7298 7297
7299 7298
7300 7299
7301 7300
7302 7301
7303 7302
7304 7303
7305 7304
7306 7305
7306 1858
7307 969
7308 969
7309 7308
7310 7309
7311 7309
7312 7311
7313 7308
7314 7307
7315 969
7316 7308
7317 7308
7318 7309
7319 7310
7320 7315
7321 7317
7322 7316
7323 7321
7324 7309
7325 7321
7326 7309
7327 7318
7328 7319
7329 7325
7330 7320
7331 969
7332 7314
7333 7310
7334 7331
7335 7333
7336 7321
7337 969
7338 7310
7339 7320
7340 7326
7341 7339
7342 7333
7343 7316
7344 7333
7345 7333
7346 7321
7347 7310
7348 7329
7349 7329
7350 7335
7351 7319
7352 7315
7353 7342
7354 7311
7355 7350
7356 7351
7357 7334
7358 7310
7359 7325
7360 7321
7361 7350
7362 7357
7363 7360
7364 7341
7365 7345
7366 7311
7367 7360
7368 7329
7369 7308
7370 7343
7371 7351
7372 7335
7373 7329
7374 7312
7375 7340
7376 7337
7377 7337
7378 7339
7379 7376
7380 7318
7381 7310
7382 7352
7383 7320
7384 7378
7385 7377
7386 7349
7387 7354
7388 7358
7389 7310
7390 7314
7391 7362
7392 7372
7393 7319
7394 7340
7395 7312
7396 7378
7397 7310
7398 7362
7399 7344
7400 7340
7401 5709
7402 7401
7403 7402
7404 7403
7405 7404
7406 7405
7407 7406
7408 7407
7409 7408
7410 7409
7411 7410
7412 7411
7413 7412
7414 7413
7415 7414
7416 7415
7417 7416
7418 7417
7419 7418
7420 7419
7421 7420
7422 7421
7423 7422
7424 7423
7425 7424
7426 7425
7427 7426
7428 7427
7429 7428
7430 7429
7431 7430
7432 7431
7433 7432
7434 7433
7435 7434
7436 7435
7437 7436
7438 7437
7439 7438
7440 7439
7441 7440
7442 7441
7443 7442
7444 7443
7445 7444
7446 7445
7447 7446
7448 7447
7449 7448
7450 7449
7451 7450
7452 7451
7453 7452
7454 7453
7455 7454
7456 7455
7457 7456
7458 7457
7459 7458
7460 7459
7461 7460
7462 7461
7463 7462
7464 7463
7465 7464
7466 7465
7467 7466
7468 7467
7469 7468
7470 7469
7471 7470
7472 7471
7473 7472
7474 7473
7475 7474
7476 7475
7477 7476
7478 7477
7479 7478
7480 7479
7481 7480
7482 7481
7483 7482
7483 5709
7484 5344
7485 7484
7486 7485
7487 7486
7488 7487
7489 7488
7490 7489
7491 7490
7492 7491
7493 7492
7494 7493
7495 7494
7496 7495
7497 7496
7498 7497
7499 7498
7500 7499
7501 7500
7502 7501
7503 7502
7504 7503
7505 7504
7506 7505
7507 7506
7508 7507
7509 7508
7510 7509
7511 7510
7512 7511
7513 7512
7514 7513
7515 7514
7516 7515
7517 7516
7518 7517
7519 7518
7520 7519
7521 7520
7522 7521
7523 7522
7524 7523
7525 7524
7526 7525
7527 7526
7528 7527
7529 7528
7530 7529
7531 7530
7532 7531
7533 7532
7534 7533
7535 7534
7536 7535
7537 7536
7538 7537
7539 7538
7540 7539
7541 7540
7542 7541
7543 7542
7544 7543
7545 7544
7546 7545
7547 7546
7548 7547
7549 7548
7550 7549
7551 7550
7552 7551
7553 7552
7554 7553
7555 7554
7556 7555
7557 7556
7558 7557
7559 7558
7560 7559
7561 7560
7562 7561
7563 7562
7564 7563
7565 7564
7566 7565
7567 7566
7567 5344
7568 5005
7569 7568
7570 7568
7571 7569
7572 7571
7573 7571
7574 7569
7575 7569
7576 7573
7577 7571
7578 7572
7579 7568
7580 7579
7581 7575
7582 7575
7583 7574
7584 7575
7585 7582
7586 7573
7587 7582
7588 7577
7589 7576
7590 7576
7591 7588
7592 7590
7593 7592
7594 5005
7595 7572
7596 7584
7597 7586
7598 7589
7599 7583
7600 7593
7601 6983
7602 7601
7603 7602
7604 7603
7605 7604
7606 7605
7607 7606
7608 7607
7609 7608
7610 7609
7611 7610
7612 7611
7613 7612
7614 7613
7615 7614
7616 7615
7617 7616
7618 7617
7619 7618
7620 7619
7621 7620
7622 7621
7623 7622
7624 7623
7625 7624
7626 7625
7627 7626
7628 7627
7629 7628
7630 7629
7631 7630
7632 7631
7633 7632
7634 7633
7635 7634
7636 7635
7637 7636
7638 7637
7639 7638
7640 7639
7641 7640
7642 7641
7643 7642
7644 7643
7645 7644
7646 7645
7647 7646
7647 6983
7648 6717
7649 6717
7650 7648
7651 7649
7652 7651
7653 7649
7654 6717
7655 7650
7656 7651
7657 7652
7658 7648
7659 7653
7660 7657
7661 7654
7662 7654
7663 7654
7664 7651
7665 7656
7666 7651
7667 7657
7668 7667
7669 7666
7670 7667
7671 7656
7672 7660
7673 7661
7674 7656
7675 7662
7676 7662
7677 7661
7678 7671
7679 7677
7680 6717
7681 7676
7682 7672
7683 7672
7684 6717
7685 7680
7686 7656
7687 7682
7688 7670
7689 7663
7690 7681
7691 7649
7692 7658
7693 7684
7694 7673
7695 7668
7696 7648
7697 7671
7698 5183
7699 5183
7700 5183
7701 7698
7702 7701
7703 5183
7704 7702
7705 7700
7706 7700
7707 5183
7708 7704
7709 7708
7710 5183
7711 7709
7712 5183
7713 7710
7714 7703
7715 7713
7716 7699
7717 7698
7718 7702
7719 7717
7720 7706
7721 7715
7722 7709
7723 7704
7724 7713
7725 7721
7726 7704
7727 7709
7728 7700
7729 7711
7730 7701
7731 7714
7732 7725
7733 7726
7734 7703
7735 7708
7736 7698
7737 7704
7738 7734
7739 7733
7740 7721
7741 7714
7742 7706
7743 7741
7744 7737
7745 7731
7746 7711
7747 7704
7748 7704
7749 7726
7750 7732
7751 7698
7752 7724
7753 7700
7754 7737
7755 7710
7756 7745
7757 4736
7758 7757
7759 7758
7760 7759
7761 7760
7762 7761
7763 7762
7764 7763
7765 7764
7766 7765
7767 7766
7768 7767
7769 7768
7770 7769
7771 7770
7772 7771
7773 7772
7774 7773
7775 7774
7776 7775
7777 7776
7778 7777
7779 7778
7780 7779
7781 7780
7782 7781
7783 7782
7784 7783
7785 7784
7786 7785
7787 7786
7788 7787
7789 7788
7790 7789
7791 7790
7792 7791
7793 7792
7794 7793
7795 7794
7796 7795
7797 7796
7798 7797
7799 7798
7800 7799
7801 7800
7802 7801
7803 7802
7804 7803
7805 7804
7806 7805
7807 7806
7808 7807
7809 7808
7810 7809
7811 7810
7812 7811
7813 7812
7814 7813
7815 7814
7816 7815
7817 7816
7818 7817
7819 7818
7820 7819
7821 7820
7822 7821
7823 7822
7824 7823
7825 7824
7826 7825
7827 7826
7828 7827
7829 7828
7830 7829
7831 7830
7832 7831
7833 7832
7834 7833
7835 7834
7836 7835
7837 7836
7837 4736
7838 4226
7839 7838
7840 4226
7841 7840
7842 7839
7843 7840
7844 4226
7845 7842
7846 4226
7847 7845
7848 7847
7849 7839
7850 7849
7851 7846
7852 7845
7853 7852
7854 7845
7855 7840
7856 7847
7857 7848
7858 7844
7859 7850
7860 7846
7861 7857
7862 7844
7863 7842
7864 7857
7865 7844
7866 7860
7867 7846
7868 7848
7869 7856
7870 7845
7871 7857
7872 4226
7873 7851
7874 7856
7875 7849
7876 7869
7877 7869
7878 7839
7879 7849
7880 7863
7881 7847
7882 6106
7883 7882
7884 7883
7885 7884
7886 7885
7887 7886
7888 7887
7889 7888
7890 7889
7891 7890
7892 7891
7893 7892
7894 7893
7895 7894
7896 7895
7897 7896
7898 7897
7899 7898
7900 7899
7901 7900
7902 7901
7903 7902
7904 7903
7905 7904
7906 7905
7907 7906
7908 7907
7909 7908
7910 7909
7911 7910
7912 7911
7913 7912
7914 7913
7915 7914
7916 7915
7917 7916
7918 7917
7919 7918
7920 7919
7921 7920
7922 7921
7923 7922
7924 7923
7925 7924
7926 7925
7927 7926
7928 7927
7929 7928
7930 7929
7931 7930
7932 7931
7933 7932
7934 7933
7934 6106
7935 4130
7936 4130
7937 7935
7938 7937
7939 7937
7940 7935
7941 4130
7942 4130
7943 7942
7944 7940
7945 7938
7946 7935
7947 7941
7948 7938
7949 7946
7950 7946
7951 7947
7952 7950
7953 4130
7954 7938
7955 7944
7956 7938
7957 7956
7958 7949
7959 7956
7960 7936
7961 7953
7962 7946
7963 7946
7964 7961
7965 7963
7966 7948
7967 7956
7968 7935
7969 7966
7970 7953
7971 7936
7972 7937
7973 7966
7974 7955
7975 7948
7976 7946
7977 7967
7978 7947
7979 7948
7980 7976
7981 7965
7982 7937
7983 7937
7984 7954
7985 7972
7986 7977
7987 7945
7988 7945
7989 7942
7990 7986
7991 7974
7992 7973
7993 7978
7994 7957
7995 7970
7996 7951
7997 7975
7998 7970
7999 7983
8000 7935
8001 7971
8002 7975
8003 7951
8004 7970
8005 1577
8006 8005
8007 8006
8008 8007
8009 8008
8010 8009
8011 8010
8012 8011
8013 8012
8014 8013
8015 8014
8016 8015
8017 8016
8018 8017
8019 8018
8020 8019
8021 8020
8022 8021
8023 8022
8024 8023
8025 8024
8026 8025
8027 8026
8028 8027
8029 8028
8030 8029
8031 8030
8032 8031
8033 8032
8034 8033
8035 8034
8036 8035
8037 8036
8038 8037
8039 8038
8040 8039
8041 8040
8042 8041
8043 8042
8044 8043
8045 8044
8046 8045
8047 8046
8048 8047
8049 8048
8050 8049
8051 8050
8052 8051
8053 8052
8054 8053
8055 8054
8056 8055
8057 8056
8058 8057
8059 8058
8060 8059
8061 8060
8062 8061
8063 8062
8064 8063
8065 8064
8066 8065
8067 8066
8068 8067
8069 8068
8070 8069
8071 8070
8072 8071
8073 8072
8074 8073
8075 8074
8076 8075
8077 8076
8078 8077
8079 8078
8080 8079
8081 8080
8082 8081
8083 8082
8084 8083
8085 8084
8086 8085
8087 8086
8088 8087
8089 8088
8090 8089
8091 8090
8092 8091
8093 8092
8094 8093
8095 8094
8096 8095
8097 8096
8098 8097
8099 8098
8099 1577
8100 1206
8101 8100
8101 1206
8102 5187
8103 8102
8104 8103
8105 8104
8106 8105
8107 8106
8108 8107
8109 8108
8110 8109
8110 5187
8111 7632
8112 8111
8113 8112
8114 8113
8115 8114
8116 8115
8117 8116
8118 8117
8119 8118
8120 8119
8121 8120
8122 8121
8123 8122
8124 8123
8125 8124
8126 8125
8127 8126
8128 8127
8129 8128
8130 8129
8131 8130
8132 8131
8133 8132
8134 8133
8135 8134
8136 8135
8137 8136
8138 8137
8139 8138
8140 8139
8141 8140
8142 8141
8143 8142
8144 8143
8145 8144
8146 8145
8147 8146
8148 8147
8149 8148
8150 8149
8151 8150
8152 8151
8153 8152
8154 8153
8155 8154
8156 8155
8157 8156
8158 8157
8159 8158
8160 8159
8161 8160
8162 8161
8163 8162
8164 8163
8165 8164
8166 8165
8167 8166
8168 8167
8169 8168
8170 8169
8171 8170
8172 8171
8173 8172
8174 8173
8175 8174
8176 8175
8177 8176
8178 8177
8179 8178
8180 8179
8181 8180
8182 8181
8183 8182
8184 8183
8185 8184
8186 8185
8187 8186
8188 8187
8189 8188
8190 8189
8191 8190
8192 8191
8193 8192
8194 8193
8195 8194
8196 8195
8197 8196
8198 8197
8199 8198
8200 8199
8201 8200
8202 8201
8203 8202
8204 8203
8204 7632
8205 1694
8206 8205
8207 8206
8208 8207
8209 8208
8210 8209
8211 8210
8212 8211
8213 8212
8214 8213
8215 8214
8216 8215
8217 8216
8218 8217
8219 8218
8220 8219
8221 8220
8222 8221
8223 8222
8224 8223
8225 8224
8226 8225
8227 8226
8228 8227
8229 8228
8230 8229
8231 8230
8232 8231
8233 8232
8234 8233
8235 8234
8236 8235
8237 8236
8238 8237
8239 8238
8240 8239
8241 8240
8242 8241
8243 8242
8244 8243
8245 8244
8246 8245
8247 8246
8248 8247
8249 8248
8250 8249
8251 8250
8252 8251
8253 8252
8254 8253
8255 8254
8256 8255
8257 8256
8258 8257
8259 8258
8260 8259
8261 8260
8262 8261
8263 8262
8264 8263
8265 8264
8266 8265
8267 8266
8268 8267
8269 8268
8270 8269
8271 8270
8272 8271
8273 8272
8274 8273
8275 8274
8276 8275
8276 1694
8277 5364
8278 5364
8279 5364
8280 8277
8281 5364
8282 8278
8283 8281
8284 8282
8285 5364
8286 8280
8287 5364
8288 8283
8289 8278
8290 8289
8291 8277
8292 8281
8293 1602
8294 8293
8295 8294
8296 8295
8297 8296
8298 8297
8299 8298
8299 1602
8300 5554
8301 8300
8302 8301
8303 8302
8304 8303
8305 8304
8306 8305
8307 8306
8308 8307
8309 8308
8310 8309
8311 8310
8312 8311
8313 8312
8314 8313
8315 8314
8316 8315
8317 8316
8318 8317
8319 8318
8320 8319
8321 8320
8322 8321
8323 8322
8324 8323
8325 8324
8326 8325
8327 8326
8328 8327
8329 8328
8330 8329
8331 8330
8332 8331
8333 8332
8334 8333
8335 8334
8336 8335
8337 8336
8338 8337
8339 8338
8340 8339
8341 8340
8342 8341
8343 8342
8344 8343
8345 8344
8346 8345
8347 8346
8348 8347
8349 8348
8350 8349
8351 8350
8352 8351
8353 8352
8354 8353
8355 8354
8356 8355
8357 8356
8358 8357
8359 8358
8360 8359
8361 8360
8362 8361
8363 8362
8364 8363
8365 8364
8366 8365
8367 8366
8368 8367
8369 8368
8370 8369
8371 8370
8372 8371
8373 8372
8374 8373
8375 8374
8375 5554
8376 5199
8377 8376
8378 8376
8379 8376
8380 8376
8381 5199
8382 8376
8383 8382
8384 8380
8385 8382
8386 8377
8387 8386
8388 8384
8389 8383
8390 8386
8391 8383
8392 8390
8393 8385
8394 8377
8395 8389
8396 8378
8397 8390
8398 8391
8399 8389
8400 8393
8401 8400
8402 8390
8403 8400
8404 8403
8405 8377
8406 8382
8407 8397
8408 8381
8409 8390
8410 8393
8411 8392
8412 8387
8413 8405
8414 8391
8415 8395
8416 8385
8417 8378
8418 8408
8419 8408
8420 8407
8421 8398
8422 8403
8423 8405
8424 8422
8425 8394
8426 8412
8427 5199
8428 8398
8429 8387
8430 8387
8431 8424
8432 8424
8433 8389
8434 8423
8435 8422
8436 8426
8437 8382
8438 8421
8439 8385
8440 8400
8441 8403
8442 8437
8443 8408
8444 8400
8445 8425
8446 8408
8447 2659
8448 8447
8449 8448
8450 8449
8451 8450
8452 8451
8453 8452
8453 2659
8454 6270
8455 8454
8456 8455
8457 8456
8458 8457
8459 8458
8460 8459
8461 8460
8462 8461
8463 8462
8464 8463
8465 8464
8466 8465
8467 8466
8468 8467
8469 8468
8470 8469
8471 8470
8472 8471
8472 6270
8473 258
8474 8473
8475 8474
8476 8475
8477 8476
8478 8477
8479 8478
8480 8479
8481 8480
8482 8481
8483 8482
8484 8483
8485 8484
8486 8485
8487 8486
8488 8487
8489 8488
8490 8489
8491 8490
8492 8491
8493 8492
8494 8493
8495 8494
8496 8495
8497 8496
8498 8497
8498 258
8499 1234
8500 8499
8501 1234
8502 8501
8503 8501
8504 8503
8505 8504
8506 8504
8507 8502
8508 8506
8509 8499
8510 8501
8511 8508
8512 8503
8513 8505
8514 8510
8515 1234
8516 8500
8517 8500
8518 8502
8519 8516
8520 1234
8521 8502
8522 8511
8523 8505
8524 8507
8525 8509
8526 8500
8527 8525
8528 627
8529 8528
8530 8529
8531 8530
8532 8531
8533 8532
8534 8533
8535 8534
8536 8535
8537 8536
8538 8537
8539 8538
8540 8539
8541 8540
8542 8541
8543 8542
8544 8543
8545 8544
8546 8545
8547 8546
8548 8547
8549 8548
8550 8549
8551 8550
8552 8551
8553 8552
8554 8553
8555 8554
8556 8555
8557 8556
8558 8557
8559 8558
8560 8559
8561 8560
8562 8561
8563 8562
8564 8563
8565 8564
8565 627
8566 7834
8567 8566
8568 8567
8569 8568
8570 8569
8571 8570
8572 8571
8573 8572
8574 8573
8575 8574
8576 8575
8577 8576
8578 8577
8579 8578
8580 8579
8581 8580
8582 8581
8583 8582
8584 8583
8585 8584
8586 8585
8587 8586
8588 8587
8589 8588
8590 8589
8591 8590
8592 8591
8593 8592
8594 8593
8595 8594
8596 8595
8597 8596
8598 8597
8599 8598
8600 8599
8601 8600
8602 8601
8603 8602
8604 8603
8605 8604
8606 8605
8607 8606
8608 8607
8609 8608
8610 8609
8611 8610
8612 8611
8613 8612
8614 8613
8615 8614
8616 8615
8617 8616
8618 8617
8619 8618
8620 8619
8621 8620
8621 7834
8622 8011
8623 8622
8624 8623
8625 8624
8626 8625
8627 8626
8628 8627
8629 8628
8630 8629
8631 8630
8632 8631
8633 8632
8634 8633
8635 8634
8636 8635
8637 8636
8638 8637
8639 8638
8640 8639
8641 8640
8642 8641
8643 8642
8644 8643
8645 8644
8646 8645
8647 8646
8648 8647
8649 8648
8650 8649
8651 8650
8652 8651
8653 8652
8654 8653
8655 8654
8656 8655
8657 8656
8658 8657
8659 8658
8660 8659
8661 8660
8662 8661
8663 8662
8664 8663
8665 8664
8666 8665
8667 8666
8668 8667
8669 8668
8670 8669
8671 8670
8672 8671
8673 8672
8674 8673
8675 8674
8676 8675
8676 8011
8677 3424
8678 8677
8679 8678
8680 8679
8681 8680
8682 8681
8683 8682
8684 8683
8685 8684
8686 8685
8687 8686
8688 8687
8689 8688
8690 8689
8691 8690
8692 8691
8693 8692
8694 8693
8695 8694
8696 8695
8697 8696
8698 8697
8699 8698
8700 8699
8701 8700
8702 8701
8703 8702
8704 8703
8705 8704
8706 8705
8707 8706
8708 8707
8709 8708
8710 8709
8711 8710
8712 8711
8713 8712
8714 8713
8715 8714
8716 8715
8717 8716
8718 8717
8718 3424
8719 4207
8720 8719
8721 4207
8722 8720
8723 8721
8724 8723
8725 8724
8726 4207
8727 8719
8728 8724
8729 8720
8730 8729
8731 8725
8732 8724
8733 8725
8734 8725
8735 8722
8736 4207
8737 8721
8738 8735
8739 8737
8740 8736
8741 8737
8742 8738
8743 8726
8744 8723
8745 8730
8746 4207
8747 8728
8748 8738
8749 8722
8750 8739
8751 8725
8752 8731
8753 8726
8754 8742
8755 8720
8756 8735
8757 8747
8758 8749
8759 8740
8760 8727
8761 8742
8762 8726
8763 8740
8764 8726
8765 8755
8766 8739
8767 8748
8768 8754
8769 8729
8770 8737
8771 8748
8772 8757
8773 8742
8774 8773
8775 8763
8776 8744
8777 8740
8778 8725
8779 8767
8780 8728
8781 8728
8782 8781
8783 8771
8784 8769
8785 8721
8786 8768
8787 8776
8788 8724
8789 8758
8790 8747
8791 8755
8792 8727
8793 8754
8794 8761
8795 8777
8796 8740
8797 8733
8798 8777
8799 8781
8800 8730
8801 8792
8802 8738
8803 8801
8804 8742
8805 8748
8806 8798
8807 8771
8808 8725
8809 8724
8810 8784
8811 8736
8812 8800
8813 8805
8814 2707
8815 8814
8816 2707
8817 8815
8818 8815
8819 8817
8820 8816
8821 8815
8822 8821
8823 2707
8824 8820
8825 8814
8826 8816
8827 8815
8828 8824
8829 8821
8830 8822
8831 8823
8832 8822
8833 8830
8834 8833
8835 8815
8836 8814
8837 8814
8838 8819
8839 8825
8840 8831
8841 8818
8842 8831
8843 8839
8844 8823
8845 8822
8846 8827
8847 8830
8848 8829
8849 8819
8850 8830
8851 8815
8852 8828
8853 8835
8854 8828
8855 8846
8856 8838
8857 8820
8858 8828
8859 8853
8860 8828
8861 8841
8862 8848
8863 8847
8864 8823
8865 8817
8866 8837
8867 8864
8868 8861
8869 8822
8870 8839
8871 8845
8872 8871
8873 8851
8874 8828
8875 8873
8876 8869
8877 8822
8878 8849
8879 8833
8880 8844
8881 8855
8882 8866
8883 8824
8884 8822
8885 8863
8886 8833
8887 5384
8888 8887
8889 8888
8890 8889
8891 8890
8892 8891
8893 8892
8894 8893
8895 8894
8896 8895
8897 8896
8898 8897
8899 8898
8899 5384
8900 8298
8901 8298
8902 8298
8903 8298
8904 8298
8905 8298
8906 8902
8907 8905
8908 8907
8909 8900
8910 8901
8911 8909
8912 8909
8913 8910
8914 8910
8915 8913
8916 8906
8917 8916
8918 8914
8919 8908
8920 8903
8921 8915
8922 8921
8923 8902
8924 8904
8925 8910
8926 8900
8927 8922
8928 8917
8929 8910
8930 8916
8931 8916
8932 8900
8933 8932
8934 8909
8935 8910
8936 8928
8937 8906
8938 8919
8939 8935
8940 8937
8941 8439
8942 8941
8943 8942
8944 8943
8945 8944
8946 8945
8947 8946
8948 8947
8949 8948
8950 8949
8951 8950
8952 8951
8953 8952
8954 8953
8955 8954
8956 8955
8957 8956
8958 8957
8959 8958
8960 8959
8961 8960
8962 8961
8963 8962
8964 8963
8965 8964
8966 8965
8967 8966
8968 8967
8969 8968
8970 8969
8971 8970
8971 8439
8972 3333
8973 8972
8974 8973
8975 8974
8976 8975
8977 8976
8978 8977
8979 8978
8980 8979
8981 8980
8982 8981
8983 8982
8984 8983
8985 8984
8986 8985
8987 8986
8988 8987
8989 8988
8990 8989
8991 8990
8992 8991
8993 8992
8994 8993
8995 8994
8996 8995
8997 8996
8998 8997
8999 8998
9000 8999
9001 9000
9002 9001
9002 3333
9003 7310
9004 9003
9005 9004
9006 9005
9007 9006
9008 9007
9009 9008
9010 9009
9011 9010
9012 9011
9013 9012
9014 9013
9015 9014
9016 9015
9017 9016
9018 9017
9019 9018
9020 9019
9021 9020
9022 9021
9023 9022
9024 9023
9025 9024
9025 7310
9026 5295
9027 5295
9028 9027
9029 9028
9030 5295
9031 9027
9032 9030
9033 9032
9034 9027
9035 9030
9036 5295
9037 9031
9038 5295
9039 9035
9040 9026
9041 9040
9042 9029
9043 5295
9044 5295
9045 9041
9046 9034
9047 9026
9048 9046
9049 9030
9050 9048
9051 9026
9052 9029
9053 9028
9054 5295
9055 9035
9056 9046
9057 9046
9058 9047
9059 9041
9060 9027
9061 9027
9062 5975
9063 5975
9064 5975
9065 9063
9066 9063
9067 9064
9068 9062
9069 5975
9070 9063
9071 9064
9072 9066
9073 9072
9074 9072
9075 9074
9076 9071
9077 9069
9078 9077
9079 9077
9080 9077
9081 9079
9082 9062
9083 9066
9084 9067
9085 9069
9086 9075
9087 9075
9088 9067
9089 9079
9090 9085
9091 9073
9092 9088
9093 9088
9094 9064
9095 9072
9096 9075
9097 5975
9098 9066
9099 9076
9100 9070
9101 9069
9102 9101
9103 9065
9104 9083
9105 9071
9106 9077
9107 9099
9108 9062
9109 9080
9110 9081
9111 9078
9112 9085
9113 9102
9114 9063
9115 9072
9116 9093
9117 9077
9118 9082
9119 9081
9120 9087
9121 9094
9122 9118
9123 9093
9124 9116
9125 9115
9126 9119
9127 9074
9128 9118
9129 9125
9130 6860
9131 9130
9132 6860
9133 9131
9134 6860
9135 9132
9136 9130
9137 9131
9138 9135
9139 9134
9140 9135
9141 9136
9142 9135
9143 9135
9144 9134
9145 9137
9146 9130
9147 9142
9148 9135
9149 9148
9150 6860
9151 9147
9152 9143
9153 6860
9154 9150
9155 9134
9156 9136
9157 9148
9158 9140
9159 9152
9160 9133
9161 9135
9162 9142
9163 9149
9164 9132
9165 6860
9166 9156
9167 9147
9168 6860
9169 9137
9170 9165
9171 9144
9172 9130
9173 9157
9174 9142
9175 9138
9176 9171
9177 9131
9178 9167
9179 9170
9180 9147
9181 9156
9182 9172
9183 9138
9184 9143
9185 9164
9186 9151
9187 9178
9188 9145
9189 9143
9190 9178
9191 9139
9192 9180
9193 9183
9194 9143
9195 9153
9196 9190
9197 4019
9198 9197
9199 9198
9200 4019
9201 9199
9202 9197
9203 9202
9204 9201
9205 9200
9206 9202
9207 9204
9208 4019
9209 9208
9210 9205
9211 9206
9212 9202
9213 9202
9214 9199
9215 9200
9216 9197
9217 9213
9218 9217
9219 4019
9220 9208
9221 9219
9222 9209
9223 4019
9224 9204
9225 9199
9226 9209
9227 9198
9228 9223
9229 9215
9230 9215
9231 9223
9232 9216
9233 9203
9234 9200
9235 9227
9236 9228
9237 9197
9238 9199
9239 9207
9240 9208
9241 9210
9242 9204
9243 9233
9244 9205
9245 9221
9246 9242
9247 9202
9248 9230
9249 9232
9250 9230
9251 9222
9252 9245
9253 9217
9254 9207
9255 9201
9256 9227
9257 9200
9258 9230
9259 9256
9260 9251
9261 9202
9262 9218
9263 9256
9264 9211
9265 9197
9266 9209
9267 9243
9268 9267
9269 9227
9270 9224
9271 9201
9272 9232
9273 9258
9274 9212
9275 9242
9276 9226
9277 9214
9278 9239
9279 9253
9280 9203
9281 9199
9282 9224
9283 9205
9284 9222
9285 9252
9286 9267
9287 7553
9288 9287
9289 9288
9290 9289
9291 7553
9292 9290
9293 7553
9294 9291
9295 9289
9296 9293
9297 9288
9298 7553
9299 9291
9300 9295
9301 7553
9302 9300
9303 9296
9304 9292
9305 9293
9306 9302
9307 9288
9308 7553
9309 9303
9310 9294
9311 9289
9312 9292
9313 9291
9314 9293
9315 9306
9316 9298
9317 9312
9318 9287
9319 9291
9320 2256
9321 9320
9322 9321
9323 9322
9324 9323
9325 9324
9326 9325
9327 9326
9328 9327
9329 9328
9330 9329
9331 9330
9332 9331
9333 9332
9334 9333
9335 9334
9336 9335
9337 9336
9338 9337
9339 9338
9340 9339
9341 9340
9342 9341
9343 9342
9344 9343
9345 9344
9346 9345
9347 9346
9348 9347
9349 9348
9350 9349
9351 9350
9352 9351
9353 9352
9354 9353
9355 9354
9356 9355
9357 9356
9358 9357
9359 9358
9360 9359
9361 9360
9362 9361
9363 9362
9364 9363
9365 9364
9366 9365
9367 9366
9368 9367
9369 9368
9370 9369
9371 9370
9372 9371
9373 9372
9374 9373
9375 9374
9376 9375
9377 9376
9378 9377
9379 9378
9379 2256
9380 9313
9381 9380
9382 9381
9383 9382
9384 9383
9385 9384
9386 9385
9387 9386
9388 9387
9389 9388
9390 9389
9391 9390
9392 9391
9393 9392
9394 9393
9395 9394
9396 9395
9397 9396
9398 9397
9399 9398
9400 9399
9401 9400
9402 9401
9403 9402
9404 9403
9405 9404
9406 9405
9407 9406
9408 9407
9409 9408
9410 9409
9411 9410
9412 9411
9413 9412
9414 9413
9414 9313
9415 5275
9416 9415
9417 5275
9418 9415
9419 9415
9420 5275
9421 9418
9422 9421
9423 9417
9424 9423
9425 9423
9426 9416
9427 9422
9428 9417
9429 9420
9430 9423
9431 9427
9432 9423
9433 9422
9434 9426
9435 9426
9436 9420
9437 9418
9438 9421
9439 9415
9440 9427
9441 9415
9442 9439
9443 9424
9444 9419
9445 9439
9446 9420
9447 9427
9448 9421
9449 9424
9450 9424
9451 9436
9452 9443
9453 9432
9454 9450
9455 9421
9456 9432
9457 9456
9458 9425
9459 9446
9460 9419
9461 9448
9462 9458
9463 9442
9464 9463
9465 5275
9466 9464
9467 9451
9468 9438
9469 9459
9470 9418
9471 9450
9472 3956
9473 9472
9474 9473
9475 9474
9476 9475
9477 9476
9478 9477
9479 9478
9480 9479
9481 9480
9482 9481
9483 9482
9484 9483
9485 9484
9486 9485
9487 9486
9488 9487
9489 9488
9490 9489
9491 9490
9492 9491
9493 9492
9494 9493
9495 9494
9496 9495
9497 9496
9498 9497
9499 9498
9500 9499
9501 9500
9502 9501
9503 9502
9504 9503
9505 9504
9506 9505
9507 9506
9508 9507
9508 3956
9509 7821
9510 9509
9511 9510
9512 9511
9513 9512
9514 9513
9515 9514
9516 9515
9517 9516
9518 9517
9519 9518
9520 9519
9521 9520
9522 9521
9523 9522
9524 9523
9525 9524
9526 9525
9527 9526
9528 9527
9529 9528
9530 9529
9531 9530
9532 9531
9533 9532
9534 9533
9535 9534
9536 9535
9537 9536
9538 9537
9539 9538
9540 9539
9541 9540
9542 9541
9543 9542
9544 9543
9545 9544
9546 9545
9547 9546
9548 9547
9549 9548
9550 9549
9551 9550
9552 9551
9553 9552
9554 9553
9555 9554
9556 9555
9557 9556
9558 9557
9559 9558
9560 9559
9560 7821
9561 1412
9562 1412
9563 3955
9564 3955
9565 3955
9566 9564
9567 9564
9568 9564
9569 9566
9570 9569
9571 9569
9572 8996
9573 9572
9574 9573
9575 9574
9576 9575
9577 9576
9578 9577
9579 9578
9580 9579
9581 9580
9582 9581
9583 9582
9584 9583
9585 9584
9586 9585
9587 9586
9588 9587
9589 9588
9590 9589
9591 9590
9592 9591
9593 9592
9594 9593
9595 9594
9596 9595
9597 9596
9598 9597
9599 9598
9600 9599
9601 9600
9602 9601
9603 9602
9604 9603
9605 9604
9606 9605
9607 9606
9608 9607
9609 9608
9610 9609
9611 9610
9612 9611
9613 9612
9614 9613
9615 9614
9616 9615
9617 9616
9618 9617
9619 9618
9620 9619
9621 9620
9622 9621
9623 9622
9624 9623
9625 9624
9626 9625
9627 9626
9628 9627
9629 9628
9630 9629
9631 9630
9632 9631
9633 9632
9634 9633
9635 9634
9636 9635
9637 9636
9638 9637
9639 9638
9640 9639
9641 9640
9642 9641
9643 9642
9644 9643
9645 9644
9646 9645
9647 9646
9648 9647
9648 8996
9649 8159
9650 9649
9651 8159
9652 9649
9653 9651
9654 9652
9655 9654
9656 9651
9657 9655
9658 9651
9659 9654
9660 9651
9661 8159
9662 9657
9663 9658
9664 9650
9665 9650
9666 9658
9667 9658
9668 9649
9669 9664
9670 9666
9671 9667
9672 9670
9673 9649
9674 9671
9675 9653
9676 9667
9677 9665
9678 5593
9679 5593
9680 9679
9681 9678
9682 9680
9683 5593
9684 9678
9685 9682
9686 9684
9687 9681
9688 9685
9689 5593
9690 9682
9691 9682
9692 9683
9693 9687
9694 9681
9695 5593
9696 9678
9697 9679
9698 9686
9699 9689
9700 9688
9701 9681
9702 9681
9703 9691
9704 9695
9705 9689
9706 9680
9707 9689
9708 9692
9709 9702
9710 9706
9711 9692
9712 9702
9713 9683
9714 9691
9715 9683
9716 9708
9717 9705
9718 9715
9719 9696
9720 9690
9721 9687
9722 9715
9723 9719
9724 9695
9725 9680
9726 9684
9727 9700
9728 9687
9729 9693
9730 9683
9731 9722
9732 9710
9733 9689
9734 9727
9735 9678
9736 9692
9737 9699
9738 9698
9739 9719
9740 9724
9741 9695
9742 9736
9743 9720
9744 9681
9745 9681
9746 9729
9747 9744
9748 9737
9749 9689
9750 9736
9751 5593
9752 9723
9753 9681
9754 9731
9755 9688
9756 9711
9757 9706
9758 9749
9759 9699
9760 9689
9761 9720
9762 9720
9763 9760
9764 9726
9765 9737
9766 9692
9767 9726
9768 9717
9769 9714
9770 9681
9771 9754
9772 9716
9773 9738
9774 2205
9775 9774
9776 9775
9777 9776
9778 9777
9779 9778
9780 9779
9781 9780
9782 9781
9783 9782
9784 9783
9785 9784
9786 9785
9787 9786
9788 9787
9788 2205
9789 5406
9790 5406
9791 9790
9792 5406
9793 9790
9794 9793
9795 9791
9796 9795
9797 9792
9798 9790
9799 9792
9800 9795
9801 9798
9802 9799
9803 9796
9804 9798
9805 9803
9806 9791
9807 9798
9808 9802
9809 9807
9810 9792
9811 9810
9812 9792
9813 9808
9814 9789
9815 9810
9816 9802
9817 9795
9818 9801
9819 9801
9820 9789
9821 9795
9822 9790
9823 9804
9824 5406
9825 9821
9826 9791
9827 9818
9828 9819
9829 9821
9830 9817
9831 9795
9832 9800
9833 9824
9834 9803
9835 9802
9836 9814
9837 9796
9838 9796
9839 9819
9840 9797
9841 9828
9842 9805
9843 9816
9844 9835
9845 9834
9846 9817
9847 9810
9848 9826
9849 9830
9850 9842
9851 9792
9852 9847
9853 9836
9854 9800
9855 9842
9856 1064
9857 9856
9858 9856
9859 1064
9860 9856
9861 9856
9862 9859
9863 9858
9864 9861
9865 9858
9866 9862
9867 9861
9868 1064
9869 9862
9870 9866
9871 1064
9872 9871
9873 9862
9874 9863
9875 9870
9876 51
9877 9876
9878 9877
9879 9878
9880 9879
9881 9880
9882 9881
9883 9882
9884 9883
9885 9884
9886 9885
9886 51
9887 4139
9888 9887
9889 9888
9889 4139
9890 2459
9891 9890
9892 9891
9893 9892
9894 9893
9895 9894
9896 9895
9897 9896
9898 9897
9899 9898
9900 9899
9901 9900
9902 9901
9903 9902
9904 9903
9905 9904
9906 9905
9907 9906
9908 9907
9909 9908
9910 9909
9911 9910
9912 9911
9913 9912
9914 9913
9915 9914
9916 9915
9917 9916
9918 9917
9919 9918
9920 9919
9921 9920
9922 9921
9923 9922
9924 9923
9925 9924
9926 9925
9927 9926
9928 9927
9929 9928
9930 9929
9931 9930
9932 9931
9933 9932
9934 9933
9935 9934
9936 9935
9937 9936
9938 9937
9939 9938
9940 9939
9941 9940
9942 9941
9943 9942
9944 9943
9945 9944
9946 9945
9947 9946
9948 9947
9949 9948
9950 9949
9951 9950
9952 9951
9953 9952
9954 9953
9955 9954
9956 9955
9957 9956
9958 9957
9959 9958
9960 9959
9961 9960
9962 9961
9963 9962
9964 9963
9965 9964
9966 9965
9967 9966
9968 9967
9969 9968
9970 9969
9971 9970
9972 9971
9973 9972
9974 9973
9975 9974
9976 9975
9977 9976
9978 9977
9979 9978
9980 9979
9981 9980
9982 9981
9983 9982
9984 9983
9985 9984
9986 9985
9987 9986
9987 2459
9988 385
9989 9988
9990 385
9991 9989
9992 9988
9993 9990
9994 385
9995 9994
9996 9993
9997 9992
9998 9988
9999 9990
10000 9988
