10000 10099
2 1
3 1
4 2
5 4
6 1
7 5
8 5
9 5
10 5
11 1
12 7
13 3
14 3
15 1
16 1
17 3
18 7
19 1
20 4
21 20
22 21
23 22
24 23
25 24
26 25
27 26
28 27
29 28
30 29
31 30
32 31
33 32
34 33
35 34
36 35
37 36
38 37
39 38
40 39
41 40
42 41
43 42
44 43
45 44
46 45
47 46
48 47
49 48
50 49
51 50
52 51
53 52
54 53
55 54
56 55
57 56
58 57
58 4
59 11
60 11
61 59
62 11
63 61
64 61
65 61
66 65
67 59
68 61
69 59
70 67
71 60
72 66
73 72
74 73
75 61
76 61
77 74
78 62
79 63
80 79
81 68
82 64
83 64
84 65
85 81
86 61
87 73
88 74
89 70
90 87
91 11
92 65
93 80
94 89
95 61
96 62
97 88
98 96
99 93
100 98
101 71
102 78
103 60
104 67
105 70
106 91
107 61
108 61
109 69
110 99
111 85
112 95
113 75
114 73
115 69
116 101
117 63
118 76
119 11
120 106
121 110
122 108
123 11
124 82
125 124
126 61
127 111
128 122
129 62
130 109
131 116
132 78
133 104
134 125
135 73
136 35
137 136
138 136
139 138
140 137
141 140
142 140
143 137
144 35
145 35
146 138
147 146
148 144
149 136
150 149
151 137
152 136
153 145
154 35
155 138
156 138
157 139
158 35
159 140
160 156
161 141
162 158
163 149
164 144
165 158
166 140
167 155
168 153
169 155
170 161
171 160
172 140
173 154
174 157
175 151
176 157
177 147
178 155
179 149
180 150
181 170
182 155
183 178
184 138
185 173
186 147
187 153
188 168
189 140
190 154
191 139
192 176
193 160
194 140
195 160
196 167
197 181
198 160
199 197
200 35
201 182
202 142
203 202
204 203
205 204
206 205
207 206
208 207
209 208
210 209
211 210
212 211
213 212
214 213
215 214
216 215
217 216
218 217
219 218
220 219
221 220
222 221
223 222
224 223
225 224
226 225
227 226
228 227
229 228
230 229
231 230
232 231
233 232
234 233
234 142
235 15
236 235
237 236
238 237
239 238
240 239
241 240
242 241
243 242
244 243
245 244
246 245
247 246
248 247
249 248
250 249
251 250
252 251
253 252
254 253
254 15
255 20
256 20
257 20
258 255
259 258
260 255
261 260
262 255
263 260
264 262
265 111
266 111
267 266
268 111
269 111
270 267
271 269
272 270
273 267
274 273
275 266
276 268
277 272
278 275
279 269
280 274
281 111
282 272
283 273
284 276
285 268
286 284
287 111
288 275
289 270
290 287
291 269
292 283
293 272
294 267
295 286
296 295
297 296
298 297
299 298
300 299
301 300
302 301
303 302
304 303
305 304
306 305
307 306
308 307
309 308
310 309
311 310
312 311
313 312
314 313
315 314
316 315
317 316
318 317
319 318
320 319
321 320
322 321
323 322
323 286
324 42
325 324
326 325
327 326
328 327
329 328
330 329
331 330
332 331
333 332
334 333
335 334
335 42
336 186
337 186
338 337
339 337
340 186
341 340
342 336
343 186
344 337
345 186
346 340
347 345
348 344
349 342
350 343
351 342
352 351
353 346
354 352
355 349
356 351
357 342
358 339
359 341
360 345
361 345
362 356
363 341
364 352
365 339
366 186
367 341
368 362
369 351
370 353
371 370
372 364
373 361
374 348
375 342
376 346
377 349
378 368
379 338
380 370
381 364
382 352
383 362
384 355
385 369
386 360
387 345
388 363
389 366
390 379
391 378
392 359
393 364
394 375
395 344
396 67
397 67
398 397
399 397
400 67
401 67
402 400
403 401
404 400
405 400
406 400
407 402
408 406
409 405
410 403
411 406
412 410
413 408
414 404
415 67
416 410
417 407
418 412
419 418
420 400
421 415
422 406
423 406
424 412
425 413
426 410
427 405
428 414
429 404
430 418
431 422
432 417
433 430
434 413
435 402
436 426
437 417
438 410
439 407
440 431
441 432
442 435
443 408
444 410
445 5
446 5
447 5
448 148
449 448
450 449
451 450
452 451
453 452
454 453
455 454
456 455
457 456
458 457
459 458
460 459
461 460
462 461
463 462
464 463
465 464
466 465
467 466
468 467
469 468
470 469
471 470
472 471
473 472
474 473
475 474
476 475
477 476
478 477
479 478
480 479
481 480
482 481
483 482
484 483
485 484
486 485
487 486
488 487
489 488
490 489
491 490
492 491
493 492
494 493
495 494
496 495
497 496
498 497
499 498
500 499
501 500
502 501
503 502
504 503
505 504
506 505
507 506
508 507
509 508
510 509
511 510
512 511
513 512
514 513
515 514
516 515
517 516
518 517
519 518
520 519
521 520
522 521
523 522
524 523
525 524
526 525
527 526
528 527
529 528
530 529
531 530
532 531
533 532
534 533
535 534
536 535
537 536
538 537
539 538
540 539
541 540
542 541
543 542
544 543
544 148
545 479
546 545
547 546
548 547
549 548
550 549
551 550
552 551
553 552
554 553
555 554
556 555
557 556
558 557
559 558
560 559
561 560
562 561
563 562
564 563
565 564
566 565
567 566
568 567
569 568
570 569
571 570
572 571
573 572
574 573
575 574
576 575
577 576
578 577
579 578
580 579
581 580
582 581
583 582
584 583
585 584
586 585
587 586
588 587
589 588
590 589
591 590
592 591
593 592
594 593
595 594
596 595
597 596
598 597
599 598
600 599
601 600
602 601
603 602
604 603
605 604
606 605
607 606
608 607
609 608
610 609
611 610
612 611
613 612
614 613
615 614
616 615
617 616
618 617
619 618
620 619
621 620
622 621
623 622
624 623
625 624
626 625
627 626
628 627
629 628
630 629
631 630
632 631
633 632
633 479
634 29
635 29
636 634
637 636
638 636
639 635
640 639
641 636
642 637
643 29
644 642
645 635
646 637
647 639
648 634
649 638
650 645
651 643
652 641
653 640
654 644
655 643
656 638
657 638
658 645
659 644
660 653
661 643
662 660
663 645
664 636
665 637
666 634
667 655
668 659
669 662
670 641
671 660
672 664
673 668
674 654
675 643
676 641
677 29
678 638
679 670
680 664
681 651
682 677
683 658
684 644
685 677
686 681
687 669
688 645
689 661
690 640
691 636
692 647
693 652
694 636
695 677
696 450
697 696
698 697
699 698
700 699
701 700
702 701
703 702
704 703
705 704
706 705
707 706
708 707
709 708
710 709
711 710
712 711
713 712
714 713
715 714
716 715
717 716
718 717
719 718
720 719
721 720
722 721
723 722
724 723
725 724
726 725
727 726
728 727
729 728
730 729
731 730
732 731
733 732
734 733
735 734
736 735
737 736
738 737
739 738
740 739
741 740
742 741
743 742
744 743
745 744
746 745
747 746
748 747
748 450
749 461
750 461
751 749
752 749
753 752
754 752
755 461
756 461
757 751
758 750
759 754
760 461
761 752
762 750
763 755
764 761
765 759
766 760
767 749
768 756
769 767
770 760
771 461
772 461
773 749
774 767
775 755
776 762
777 768
778 755
779 762
780 758
781 757
782 770
783 758
784 768
785 769
786 777
787 749
788 776
789 752
790 779
791 750
792 778
793 765
794 760
795 784
796 771
797 787
798 760
799 752
800 765
801 751
802 772
803 768
804 775
805 749
806 775
807 804
808 755
809 775
810 797
811 786
812 759
813 785
814 758
815 753
816 797
817 787
818 810
819 785
820 79
821 820
822 821
823 822
824 823
825 824
826 825
827 826
828 827
829 828
830 829
831 830
832 831
833 832
834 833
835 834
836 835
837 836
838 837
839 838
840 839
841 840
842 841
843 842
844 843
845 844
846 845
847 846
848 847
849 848
850 849
851 850
852 851
853 852
854 853
855 854
856 855
857 856
858 857
859 858
860 859
861 860
862 861
863 862
864 863
865 864
866 865
867 866
868 867
869 868
870 869
871 870
872 871
873 872
874 873
875 874
876 875
877 876
878 877
879 878
880 879
881 880
882 881
883 882
884 883
885 884
886 885
887 886
888 887
889 888
890 889
891 890
892 891
893 892
894 893
895 894
896 895
897 896
898 897
899 898
900 899
901 900
902 901
903 902
904 903
905 904
905 79
906 93
907 906
908 907
909 908
910 93
911 93
912 93
913 908
914 907
915 907
916 906
917 93
918 913
919 914
920 919
921 911
922 921
923 910
924 923
925 93
926 907
927 911
928 922
929 909
930 919
931 909
932 914
933 908
934 914
935 913
936 914
937 936
938 922
939 917
940 906
941 93
942 936
943 925
944 910
945 913
946 935
947 937
948 910
949 944
950 943
951 917
952 937
953 936
954 917
955 940
956 945
957 953
958 927
959 911
960 933
961 943
962 937
963 948
964 959
965 943
966 956
967 928
968 959
969 934
970 968
971 909
972 910
973 918
974 937
975 963
976 923
977 542
978 977
979 542
980 977
981 977
982 979
983 981
984 542
985 982
986 985
987 981
988 985
989 978
990 978
991 989
992 991
993 977
994 982
995 988
996 989
997 978
998 992
999 913
1000 999
1001 1000
1002 999
1003 1000
1004 1001
1005 1004
1006 1001
1007 913
1008 1000
1009 1000
1010 1009
1011 1006
1012 1005
1013 1009
1014 1012
1015 1002
1016 1009
1017 1006
1018 1005
1019 1011
1020 1013
1021 1017
1022 1017
1023 1000
1024 1017
1025 913
1026 1024
1027 1008
1028 1006
1029 1005
1030 1003
1031 1028
1032 1017
1033 1002
1034 1016
1035 1005
1036 1014
1037 1028
1038 1026
1039 1025
1040 1021
1041 1023
1042 1013
1043 1034
1044 1027
1045 1002
1046 1030
1047 913
1048 211
1049 1048
1050 1049
1051 1048
1052 1048
1053 1050
1054 1053
1055 1048
1056 1054
1057 1051
1058 1052
1059 1049
1060 1054
1061 1055
1062 1056
1063 1057
1064 1056
1065 1053
1066 1061
1067 1058
1068 1064
1069 211
1070 1066
1071 1069
1072 1053
1073 1066
1074 1053
1075 1070
1076 1073
1077 1049
1078 1051
1079 1077
1080 1073
1081 1059
1082 1063
1083 1082
1084 1070
1085 1058
1086 1057
1087 1066
1088 1080
1089 1062
1090 1061
1091 1060
1092 1059
1093 1089
1094 1087
1095 1085
1096 1062
1097 211
1098 1086
1099 1053
1100 1058
1101 1075
1102 1096
1103 1072
1104 1103
1105 1081
1106 1061
1107 1097
1108 1105
1109 1076
1110 1094
1111 1058
1112 1085
1113 744
1114 1113
1115 1114
1116 1115
1117 1116
1118 1117
1119 1118
1120 1119
1121 1120
1122 1121
1123 1122
1124 1123
1125 1124
1126 1125
1127 1126
1128 1127
1129 1128
1130 1129
1131 1130
1132 1131
1133 1132
1134 1133
1135 1134
1136 1135
1137 1136
1138 1137
1139 1138
1140 1139
1141 1140
1142 1141
1143 1142
1144 1143
1145 1144
1145 744
1146 925
1147 1146
1148 1146
1149 925
1150 1147
1151 1150
1152 1146
1153 925
1154 1148
1155 1146
1156 1147
1157 1156
1158 1157
1159 1147
1160 1153
1161 1154
1162 925
1163 1149
1164 1157
1165 1157
1166 1163
1167 1153
1168 1152
1169 1165
1170 1166
1171 1167
1172 1148
1173 1160
1174 1149
1175 1172
1176 1156
1177 1147
1178 1149
1179 1151
1180 1161
1181 1151
1182 1160
1183 1151
1184 1151
1185 1149
1186 1169
1187 1171
1188 1178
1189 1167
1190 1154
1191 1186
1192 1154
1193 1172
1194 1173
1195 1160
1196 1150
1197 1164
1198 1155
1199 1174
1200 1150
1201 1169
1202 1155
1203 1170
1204 1201
1205 1199
1206 1174
1207 1156
1208 1184
1209 1157
1210 1147
1211 1191
1212 1166
1213 1194
1214 1150
1215 1199
1216 1213
1217 1161
1218 1169
1219 1146
1220 1206
1221 1182
1222 1190
1223 1204
1224 1188
1225 1159
1226 1172
1227 1172
1228 1154
1229 1151
1230 158
1231 158
1232 158
1233 158
1234 158
1235 1234
1236 1233
1237 1231
1238 1236
1239 1232
1240 1231
1241 1236
1242 1238
1243 1231
1244 1231
1245 1231
1246 1235
1247 1241
1248 1235
1249 1232
1250 1246
1251 1236
1252 1240
1253 1252
1254 1233
1255 1231
1256 1234
1257 1235
1258 1232
1259 1238
1260 1242
1261 1257
1262 1256
1263 1239
1264 1249
1265 1230
1266 974
1267 1266
1268 1266
1269 1268
1270 974
1271 1269
1272 1266
1273 1270
1274 1267
1275 1267
1276 1274
1277 1273
1278 1273
1279 1269
1280 1270
1281 1266
1282 1270
1283 974
1284 1281
1285 1268
1286 1271
1287 1274
1288 1266
1289 1282
1290 1282
1291 1286
1292 1275
1293 1285
1294 1272
1295 1290
1296 1281
1297 1289
1298 1296
1299 1296
1300 1285
1301 1276
1302 1266
1303 1274
1304 1280
1305 1271
1306 1286
1307 1293
1308 1298
1309 1307
1310 1288
1311 1300
1312 1283
1313 1309
1314 1267
1315 1300
1316 1294
1317 1311
1318 1312
1319 1280
1320 1289
1321 1293
1322 1271
1323 1274
1324 974
1325 1280
1326 1293
1327 1321
1328 1326
1329 1302
1330 1297
1331 1275
1332 1329
1333 1276
1334 1307
1335 1320
1336 1317
1337 1275
1338 1301
1339 1329
1340 1306
1341 1340
1342 1312
1343 1320
1344 1339
1345 1325
1346 1342
1347 1333
1348 1207
1349 1348
1350 1349
1351 1350
1352 1351
1353 1352
1353 1207
1354 750
1355 750
1356 1354
1357 1355
1358 1355
1359 1356
1360 1359
1361 1356
1362 1355
1363 1359
1364 1356
1365 1356
1366 1362
1367 1356
1368 1365
1369 1357
1370 1357
1371 1357
1372 1365
1373 1372
1374 1368
1375 1367
1376 1356
1377 1370
1378 1368
1379 1362
1380 1363
1381 1361
1382 1360
1383 1375
1384 1359
1385 1372
1386 1354
1387 1379
1388 1380
1389 1378
1390 1368
1391 1386
1392 1360
1393 1372
1394 1359
1395 1375
1396 1379
1397 1394
1398 1396
1399 1386
1400 1367
1401 1394
1402 1393
1403 1365
1404 1376
1405 1393
1406 1395
1407 1371
1408 1382
1409 1376
1410 1380
1411 1382
1412 1387
1413 1361
1414 1410
1415 1389
1416 1362
1417 1383
1418 1384
1419 1365
1420 1362
1421 1386
1422 1365
1423 1399
1424 1405
1425 1424
1426 1371
1427 1415
1428 1405
1429 1372
1430 1388
1431 1355
1432 1368
1433 1396
1434 1404
1435 1365
1436 1411
1437 1371
1438 1407
1439 1432
1440 1433
1441 1419
1442 1359
1443 1380
1444 1399
1445 1361
1446 1398
1447 1420
1448 1371
1449 1423
1450 1400
1451 1436
1452 518
1453 1452
1454 1453
1455 1454
1456 1455
1457 1456
1458 1457
1459 1458
1460 1459
1461 1460
1462 1461
1463 1462
1464 1463
1465 1464
1466 1465
1467 1466
1468 1467
1469 1468
1470 1469
1471 1470
1472 1471
1473 1472
1474 1473
1475 1474
1476 1475
1477 1476
1478 1477
1479 1478
1480 1479
1481 1480
1482 1481
1483 1482
1484 1483
1485 1484
1486 1485
1487 1486
1488 1487
1489 1488
1490 1489
1491 1490
1492 1491
1493 1492
1494 1493
1495 1494
1496 1495
1497 1496
1498 1497
1499 1498
1500 1499
1501 1500
1502 1501
1503 1502
1504 1503
1505 1504
1506 1505
1507 1506
1508 1507
1509 1508
1510 1509
1511 1510
1512 1511
1513 1512
1514 1513
1514 518
1515 45
1516 1515
1517 1515
1518 45
1519 1517
1520 45
1521 1515
1522 1520
1523 1515
1524 1521
1525 1516
1526 1518
1527 1515
1528 1519
1529 1520
1530 1521
1531 1522
1532 1516
1533 1517
1534 1527
1535 1520
1536 1532
1537 1519
1538 274
1539 274
1540 1539
1541 1539
1542 1540
1543 1542
1544 1540
1545 274
1546 1539
1547 1539
1548 1540
1549 274
1550 1539
1551 1550
1552 1543
1553 1546
1554 1548
1555 1545
1556 1553
1557 1547
1558 1544
1559 1553
1560 1544
1561 1538
1562 1547
1563 1546
1564 1538
1565 1544
1566 1544
1567 1563
1568 1555
1569 1563
1570 457
1571 1570
1572 1571
1573 1572
1574 1573
1575 1574
1576 1575
1577 1576
1578 1577
1579 1578
1580 1579
1581 1580
1582 1581
1583 1582
1584 1583
1585 1584
1586 1585
1587 1586
1588 1587
1589 1588
1590 1589
1591 1590
1592 1591
1593 1592
1594 1593
1595 1594
1596 1595
1597 1596
1598 1597
1599 1598
1600 1599
1601 1600
1602 1601
1603 1602
1604 1603
1604 457
1605 1581
1606 1605
1607 1606
1608 1607
1609 1608
1610 1609
1611 1610
1612 1611
1613 1612
1614 1613
1615 1614
1616 1615
1617 1616
1618 1617
1619 1618
1620 1619
1621 1620
1622 1621
1623 1622
1624 1623
1625 1624
1626 1625
1627 1626
1628 1627
1629 1628
1630 1629
1631 1630
1632 1631
1633 1632
1634 1633
1635 1634
1636 1635
1637 1636
1638 1637
1639 1638
1640 1639
1641 1640
1642 1641
1643 1642
1644 1643
1645 1644
1646 1645
1647 1646
1648 1647
1649 1648
1650 1649
1651 1650
1652 1651
1653 1652
1654 1653
1655 1654
1656 1655
1657 1656
1658 1657
1659 1658
1660 1659
1661 1660
1662 1661
1663 1662
1664 1663
1665 1664
1666 1665
1667 1666
1668 1667
1669 1668
1670 1669
1671 1670
1672 1671
1673 1672
1674 1673
1675 1674
1676 1675
1677 1676
1678 1677
1679 1678
1680 1679
1681 1680
1682 1681
1683 1682
1684 1683
1685 1684
1686 1685
1687 1686
1688 1687
1689 1688
1690 1689
1691 1690
1691 1581
1692 1108
1693 1692
1694 1693
1695 1694
1696 1695
1697 1696
1698 1697
1699 1698
1700 1699
1701 1700
1702 1701
1703 1702
1704 1703
1705 1704
1706 1705
1707 1706
1708 1707
1709 1708
1710 1709
1711 1710
1712 1711
1713 1712
1714 1713
1715 1714
1716 1715
1717 1716
1718 1717
1719 1718
1720 1719
1721 1720
1722 1721
1723 1722
1724 1723
1725 1724
1726 1725
1727 1726
1728 1727
1729 1728
1730 1729
1731 1730
1732 1731
1733 1732
1734 1733
1735 1734
1736 1735
1737 1736
1738 1737
1739 1738
1739 1108
1740 116
1741 1740
1742 1741
1743 1742
1744 1743
1745 1744
1746 1745
1747 1746
1748 1747
1749 1748
1750 1749
1751 1750
1752 1751
1753 1752
1754 1753
1755 1754
1756 1755
1757 1756
1758 1757
1759 1758
1760 1759
1761 1760
1762 1761
1763 1762
1764 1763
1765 1764
1766 1765
1767 1766
1768 1767
1769 1768
1770 1769
1771 1770
1772 1771
1773 1772
1774 1773
1775 1774
1776 1775
1777 1776
1778 1777
1779 1778
1780 1779
1781 1780
1782 1781
1783 1782
1784 1783
1785 1784
1786 1785
1787 1786
1788 1787
1789 1788
1790 1789
1791 1790
1792 1791
1793 1792
1794 1793
1795 1794
1796 1795
1797 1796
1798 1797
1799 1798
1800 1799
1801 1800
1802 1801
1803 1802
1804 1803
1805 1804
1806 1805
1807 1806
1808 1807
1809 1808
1810 1809
1811 1810
1812 1811
1813 1812
1814 1813
1815 1814
1816 1815
1817 1816
1818 1817
1819 1818
1820 1819
1821 1820
1822 1821
1823 1822
1824 1823
1825 1824
1826 1825
1827 1826
1828 1827
1829 1828
1829 116
1830 1100
1831 1100
1832 1831
1833 1830
1834 1831
1835 1100
1836 1834
1837 1830
1838 1830
1839 1838
1840 1834
1841 1840
1842 1837
1843 1831
1844 1833
1845 1831
1846 1845
1847 1836
1848 1844
1849 1837
1850 1840
1851 1100
1852 1844
1853 1840
1854 1849
1855 1840
1856 1839
1857 1842
1858 1857
1859 1854
1860 1857
1861 1834
1862 1838
1863 1862
1864 1843
1865 1852
1866 1848
1867 1862
1868 1863
1869 1860
1870 1861
1871 1853
1872 1849
1873 1860
1874 1859
1875 1833
1876 1857
1877 1873
1878 1846
1879 1872
1880 1874
1881 1867
1882 1855
1883 1871
1884 1841
1885 1834
1886 1843
1887 1886
1888 1883
1889 1877
1890 1861
1891 1856
1892 1834
1893 1831
1894 1849
1895 1879
1896 1830
1897 1861
1898 1873
1899 1842
1900 1858
1901 1873
1902 1833
1903 1899
1904 1880
1905 1874
1906 1883
1907 1100
1908 1855
1909 1858
1910 1901
1911 1874
1912 1861
1913 1895
1914 1902
1915 1864
1916 1901
1917 1874
1918 1848
1919 1862
1920 1862
1921 1883
1922 1870
1923 1920
1924 1906
1925 395
1926 1925
1927 1925
1928 1927
1929 1925
1930 1928
1931 1926
1932 1931
1933 1932
1934 1928
1935 395
1936 1926
1937 1933
1938 1925
1939 1930
1940 1928
1941 1928
1942 1935
1943 1939
1944 1932
1945 1941
1946 1929
1947 1936
1948 1935
1949 1929
1950 1928
1951 1934
1952 1949
1953 1951
1954 1930
1955 1932
1956 1955
1957 1953
1958 395
1959 1927
1960 1928
1961 1929
1962 1947
1963 1929
1964 1957
1965 1945
1966 1955
1967 1925
1968 1940
1969 1940
1970 1953
1971 1950
1972 1957
1973 1962
1974 1950
1975 1956
1976 1964
1977 1958
1978 1940
1979 1947
1980 1956
1981 1969
1982 1947
1983 1931
1984 1967
1985 1962
1986 1935
1987 1985
1988 1955
1989 1984
1990 1976
1991 1957
1992 1987
1993 1943
1994 1991
1995 1966
1996 1973
1997 1994
1998 1926
1999 1929
2000 1973
2001 1982
2002 1977
2003 1971
2004 1765
2005 2004
2006 2005
2007 2006
2008 2007
2009 2008
2010 2009
2011 2010
2012 2011
2013 2012
2014 2013
2015 2014
2016 2015
2017 2016
2018 2017
2019 2018
2020 2019
2021 2020
2022 2021
2023 2022
2024 2023
2025 2024
2026 2025
2027 2026
2028 2027
2029 2028
2030 2029
2031 2030
2032 2031
2033 2032
2034 2033
2035 2034
2036 2035
2037 2036
2038 2037
2039 2038
2040 2039
2041 2040
2042 2041
2043 2042
2044 2043
2045 2044
2046 2045
2047 2046
2048 2047
2049 2048
2050 2049
2051 2050
2052 2051
2053 2052
2054 2053
2055 2054
2056 2055
2057 2056
2058 2057
2059 2058
2060 2059
2061 2060
2062 2061
2063 2062
2064 2063
2065 2064
2065 1765
2066 1672
2067 2066
2068 2067
2069 2068
2070 2069
2071 2070
2072 2071
2073 2072
2074 2073
2075 2074
2076 2075
2077 2076
2078 2077
2079 2078
2080 2079
2081 2080
2082 2081
2083 2082
2084 2083
2085 2084
2086 2085
2087 2086
2088 2087
2089 2088
2090 2089
2091 2090
2092 2091
2093 2092
2094 2093
2095 2094
2096 2095
2097 2096
2098 2097
2099 2098
2100 2099
2101 2100
2102 2101
2103 2102
2104 2103
2105 2104
2106 2105
2107 2106
2108 2107
2109 2108
2110 2109
2111 2110
2112 2111
2113 2112
2114 2113
2115 2114
2116 2115
2117 2116
2118 2117
2119 2118
2120 2119
2121 2120
2122 2121
2123 2122
2124 2123
2125 2124
2126 2125
2127 2126
2128 2127
2129 2128
2130 2129
2131 2130
2132 2131
2133 2132
2134 2133
2135 2134
2136 2135
2137 2136
2138 2137
2139 2138
2140 2139
2141 2140
2142 2141
2143 2142
2144 2143
2145 2144
2145 1672
2146 1635
2147 2146
2148 2147
2149 2148
2150 2149
2151 2150
2152 2151
2153 2152
2154 2153
2155 2154
2156 2155
2157 2156
2158 2157
2159 2158
2160 2159
2161 2160
2162 2161
2163 2162
2164 2163
2165 2164
2166 2165
2167 2166
2168 2167
2169 2168
2170 2169
2171 2170
2172 2171
2172 1635
2173 1099
2174 1099
2175 2173
2176 2174
2177 2176
2178 2176
2179 2178
2180 2173
2181 2179
2182 2177
2183 2176
2184 2174
2185 2184
2186 2176
2187 2181
2188 2185
2189 2181
2190 637
2191 2190
2192 2191
2193 2192
2194 2193
2195 2194
2196 2195
2197 2196
2198 2197
2199 2198
2200 2199
2201 2200
2202 2201
2203 2202
2204 2203
2205 2204
2206 2205
2207 2206
2208 2207
2209 2208
2210 2209
2211 2210
2212 2211
2213 2212
2214 2213
2215 2214
2215 637
2216 1316
2217 2216
2218 2217
2219 2218
2220 2219
2221 2220
2222 2221
2223 2222
2224 2223
2225 2224
2226 2225
2227 2226
2228 2227
2229 2228
2230 2229
2231 2230
2232 2231
2233 2232
2234 2233
2235 2234
2236 2235
2237 2236
2238 2237
2239 2238
2240 2239
2241 2240
2242 2241
2243 2242
2244 2243
2245 2244
2246 2245
2247 2246
2248 2247
2249 2248
2250 2249
2251 2250
2252 2251
2253 2252
2254 2253
2255 2254
2256 2255
2257 2256
2258 2257
2259 2258
2260 2259
2261 2260
2262 2261
2263 2262
2264 2263
2265 2264
2266 2265
2267 2266
2268 2267
2269 2268
2270 2269
2271 2270
2271 1316
2272 912
2273 912
2274 912
2275 2274
2276 2275
2277 2272
2278 2276
2279 2277
2280 2277
2281 2275
2282 2278
2283 2272
2284 2272
2285 2284
2286 2280
2287 2286
2288 2278
2289 2288
2290 2278
2291 2286
2292 2277
2293 2287
2294 2286
2295 2287
2296 2293
2297 2284
2298 2296
2299 2278
2300 2289
2301 912
2302 2289
2303 2282
2304 2301
2305 2294
2306 2292
2307 2283
2308 2280
2309 2297
2310 2272
2311 2281
2312 2295
2313 2301
2314 2307
2315 2276
2316 2302
2317 2293
2318 2313
2319 2306
2320 2311
2321 2289
2322 2274
2323 2293
2324 2306
2325 2296
2326 2316
2327 2297
2328 2325
2329 2299
2330 2282
2331 2300
2332 2288
2333 2288
2334 2297
2335 2318
2336 2272
2337 2283
2338 2298
2339 2320
2340 2274
2341 2323
2342 2322
2343 639
2344 2343
2345 2343
2346 2343
2347 639
2348 639
2349 2343
2350 2347
2351 2347
2352 2349
2353 2346
2354 2343
2355 2343
2356 2355
2357 2344
2358 639
2359 2356
2360 2355
2361 2353
2362 2357
2363 2349
2364 2361
2365 2353
2366 2348
2367 2363
2368 2363
2369 2348
2370 2348
2371 2367
2372 2345
2373 2352
2374 2348
2375 2370
2376 2375
2377 2375
2378 2355
2379 2366
2380 639
2381 2345
2382 2344
2383 2353
2384 2364
2385 2348
2386 2367
2387 2374
2388 2356
2389 639
2390 2385
2391 2351
2392 2384
2393 2352
2394 2371
2395 2346
2396 2389
2397 2345
2398 2391
2399 2396
2400 2387
2401 2383
2402 2378
2403 2395
2404 2361
2405 2392
2406 2349
2407 2348
2408 2370
2409 2396
2410 2380
2411 2369
2412 2378
2413 2360
2414 2386
2415 2346
2416 2371
2417 2378
2418 2410
2419 2359
2420 2348
2421 2416
2422 2375
2423 2402
2424 2364
2425 2416
2426 2358
2427 2346
2428 2413
2429 2388
2430 2367
2431 2415
2432 2378
2433 2418
2434 2384
2435 639
2436 2382
2437 2371
2438 2409
2439 1306
2440 1306
2441 2439
2442 2439
2443 2440
2444 2443
2445 1306
2446 2445
2447 2442
2448 2444
2449 2443
2450 2445
2451 2447
2452 2444
2453 2450
2454 2453
2455 2454
2456 2452
2457 2444
2458 2452
2459 2442
2460 2442
2461 2453
2462 2451
2463 2452
2464 2458
2465 2460
2466 2441
2467 2444
2468 2446
2469 2457
2470 2464
2471 2455
2472 2463
2473 2469
2474 2441
2475 2462
2476 2459
2477 2440
2478 2459
2479 2448
2480 2459
2481 1005
2482 2481
2483 2481
2484 1005
2485 2484
2486 1005
2487 2482
2488 2482
2489 2487
2490 2484
2491 2489
2492 2489
2493 2489
2494 2492
2495 2494
2496 2494
2497 2490
2498 2481
2499 2490
2500 2490
2501 2495
2502 2494
2503 2485
2504 2489
2505 2488
2506 2487
2507 2482
2508 2506
2509 1903
2510 2509
2511 2510
2512 2511
2513 2512
2514 2513
2515 2514
2516 2515
2517 2516
2518 2517
2519 2518
2520 2519
2521 2520
2522 2521
2523 2522
2524 2523
2525 2524
2526 2525
2527 2526
2528 2527
2529 2528
2530 2529
2531 2530
2532 2531
2533 2532
2534 2533
2535 2534
2536 2535
2537 2536
2538 2537
2539 2538
2540 2539
2541 2540
2542 2541
2543 2542
2544 2543
2545 2544
2546 2545
2547 2546
2548 2547
2549 2548
2550 2549
2551 2550
2552 2551
2553 2552
2554 2553
2555 2554
2556 2555
2557 2556
2558 2557
2559 2558
2560 2559
2561 2560
2562 2561
2563 2562
2564 2563
2565 2564
2566 2565
2567 2566
2568 2567
2569 2568
2570 2569
2571 2570
2572 2571
2573 2572
2574 2573
2575 2574
2576 2575
2577 2576
2578 2577
2579 2578
2580 2579
2581 2580
2582 2581
2583 2582
2584 2583
2585 2584
2586 2585
2587 2586
2588 2587
2589 2588
2590 2589
2591 2590
2591 1903
2592 367
2593 2592
2594 2593
2595 2594
2596 2595
2597 2596
2598 2597
2599 2598
2600 2599
2601 2600
2602 2601
2603 2602
2604 2603
2605 2604
2606 2605
2607 2606
2608 2607
2609 2608
2610 2609
2611 2610
2612 2611
2613 2612
2614 2613
2615 2614
2615 367
2616 1912
2617 2616
2618 1912
2619 2618
2620 2616
2621 2619
2622 2617
2623 1912
2624 2617
2625 2620
2626 2624
2627 2616
2628 2623
2629 2624
2630 2618
2631 2618
2632 2628
2633 2626
2634 2620
2635 2621
2636 2625
2637 2631
2638 2626
2639 2637
2640 2625
2641 2633
2642 2619
2643 2619
2644 2642
2645 2644
2646 2621
2647 2635
2648 2630
2649 2630
2650 2632
2651 2628
2652 2628
2653 2627
2654 2648
2655 2635
2656 2653
2657 2648
2658 2640
2659 2619
2660 2650
2661 2660
2662 2640
2663 2662
2664 2661
2665 2638
2666 2653
2667 2631
2668 2650
2669 2665
2670 2620
2671 2663
2672 2621
2673 2642
2674 2644
2675 2624
2676 2649
2677 2675
2678 2659
2679 2645
2680 2634
2681 2657
2682 2153
2683 2682
2684 2683
2685 2684
2686 2685
2687 2686
2688 2687
2689 2688
2690 2689
2691 2690
2692 2691
2693 2692
2694 2693
2695 2694
2696 2695
2697 2696
2698 2697
2699 2698
2700 2699
2701 2700
2701 2153
2702 22
2703 2702
2704 2703
2705 2703
2706 2704
2707 2706
2708 2702
2709 2704
2710 2709
2711 2706
2712 2705
2713 2707
2714 2705
2715 2707
2716 2715
2717 2714
2718 2708
2719 2713
2720 22
2721 2712
2722 2717
2723 2715
2724 2722
2725 2710
2726 22
2727 2713
2728 2725
2729 2711
2730 2715
2731 2714
2732 2719
2733 2707
2734 2718
2735 2715
2736 2723
2737 2724
2738 2706
2739 2722
2740 2724
2741 2724
2742 2703
2743 2735
2744 2706
2745 2708
2746 2731
2747 2721
2748 2726
2749 2745
2750 2721
2751 2747
2752 2746
2753 1602
2754 2753
2755 2754
2756 2755
2757 2756
2758 2757
2759 2758
2760 2759
2761 2760
2762 2761
2763 2762
2763 1602
2764 725
2765 2764
2766 2765
2767 2766
2768 2767
2769 2768
2770 2769
2771 2770
2772 2771
2773 2772
2774 2773
2775 2774
2776 2775
2777 2776
2778 2777
2779 2778
2780 2779
2781 2780
2782 2781
2783 2782
2784 2783
2785 2784
2786 2785
2787 2786
2788 2787
2789 2788
2790 2789
2791 2790
2792 2791
2793 2792
2794 2793
2795 2794
2796 2795
2797 2796
2798 2797
2799 2798
2800 2799
2801 2800
2802 2801
2803 2802
2804 2803
2805 2804
2806 2805
2807 2806
2808 2807
2809 2808
2810 2809
2811 2810
2812 2811
2813 2812
2814 2813
2815 2814
2816 2815
2817 2816
2818 2817
2819 2818
2820 2819
2821 2820
2822 2821
2823 2822
2824 2823
2824 725
2825 1473
2826 2825
2827 2826
2828 2827
2829 2828
2830 2829
2831 2830
2832 2831
2833 2832
2834 2833
2835 2834
2836 2835
2837 2836
2838 2837
2839 2838
2840 2839
2841 2840
2842 2841
2843 2842
2844 2843
2845 2844
2846 2845
2847 2846
2848 2847
2849 2848
2850 2849
2851 2850
2852 2851
2853 2852
2854 2853
2855 2854
2856 2855
2857 2856
2857 1473
2858 2281
2859 2858
2860 2859
2861 2860
2862 2861
2863 2862
2864 2863
2865 2864
2866 2865
2867 2866
2868 2867
2869 2868
2870 2869
2871 2870
2872 2871
2873 2872
2874 2873
2875 2874
2876 2875
2877 2876
2878 2877
2879 2878
2880 2879
2881 2880
2882 2881
2883 2882
2884 2883
2885 2884
2886 2885
2887 2886
2888 2887
2889 2888
2890 2889
2891 2890
2892 2891
2893 2892
2894 2893
2895 2894
2896 2895
2897 2896
2898 2897
2899 2898
2900 2899
2901 2900
2902 2901
2903 2902
2904 2903
2905 2904
2906 2905
2907 2906
2908 2907
2909 2908
2910 2909
2911 2910
2912 2911
2913 2912
2914 2913
2915 2914
2916 2915
2917 2916
2918 2917
2919 2918
2920 2919
2921 2920
2922 2921
2923 2922
2924 2923
2925 2924
2926 2925
2927 2926
2928 2927
2929 2928
2930 2929
2931 2930
2932 2931
2933 2932
2934 2933
2935 2934
2936 2935
2937 2936
2938 2937
2939 2938
2940 2939
2940 2281
2941 283
2942 283
2943 2941
2944 283
2945 2943
2946 2944
2947 2941
2948 2946
2949 2948
2950 2944
2951 2942
2952 2942
2953 2952
2954 2946
2955 2941
2956 2954
2957 2944
2958 2949
2959 2944
2960 2943
2961 2956
2962 2958
2963 2951
2964 2953
2965 2963
2966 2965
2967 2945
2968 2945
2969 2949
2970 283
2971 2941
2972 2962
2973 2956
2974 2942
2975 2943
2976 2972
2977 2966
2978 2959
2979 2953
2980 2965
2981 2971
2982 2957
2983 2975
2984 2975
2985 2975
2986 2985
2987 2950
2988 2963
2989 2988
2990 2960
2991 2965
2992 2945
2993 2992
2994 2987
2995 2966
2996 2989
2997 2993
2998 2977
2999 2951
3000 2983
3001 2989
3002 2988
3003 2967
3004 2948
3005 659
3006 3005
3007 3006
3008 3007
3009 3008
3010 3009
3011 3010
3012 3011
3013 3012
3014 3013
3015 3014
3016 3015
3016 659
3017 1027
3018 3017
3019 3018
3020 3019
3021 3020
3022 3021
3023 3022
3024 3023
3025 3024
3026 3025
3027 3026
3028 3027
3029 3028
3030 3029
3031 3030
3032 3031
3033 3032
3034 3033
3035 3034
3035 1027
3036 550
3037 3036
3038 3037
3039 3037
3040 3039
3041 3038
3042 3039
3043 3040
3044 550
3045 3039
3046 3043
3047 3040
3048 3041
3049 3039
3050 3036
3051 550
3052 3037
3053 3042
3054 3041
3055 3045
3056 3042
3057 3045
3058 3056
3059 3053
3060 3052
3061 3049
3062 3046
3063 3046
3064 3047
3065 3047
3066 3056
3067 3063
3068 3066
3069 3066
3070 3041
3071 3052
3072 3067
3073 3057
3074 3052
3075 3042
3076 3056
3077 3072
3078 3052
3079 3075
3080 3054
3081 3049
3082 3069
3083 3063
3084 3062
3085 3036
3086 3056
3087 3068
3088 3080
3089 3036
3090 3071
3091 3048
3092 3051
3093 3084
3094 3040
3095 3081
3096 3046
3097 3087
3098 3047
3099 3044
3100 3072
3101 3060
3102 3096
3103 3043
3104 3092
3105 3043
3106 3052
3107 3085
3108 3047
3109 3091
3110 3104
3111 3073
3112 3090
3113 3102
3114 3097
3115 3092
3116 3060
3117 3095
3118 2174
3119 3118
3120 3119
3121 3120
3122 3119
3123 3122
3124 3120
3125 3122
3126 3120
3127 2174
3128 3125
3129 3127
3130 3123
3131 3120
3132 3131
3133 3126
3134 3128
3135 3134
3136 3133
3137 3131
3138 3136
3139 3129
3140 3132
3141 3130
3142 3129
3143 3126
3144 3136
3145 3128
3146 3135
3147 3131
3148 3146
3149 3120
3150 3127
3151 3120
3152 3147
3153 3128
3154 3130
3155 3134
3156 3135
3157 3137
3158 3125
3159 3136
3160 3141
3161 3143
3162 3136
3163 3148
3164 3129
3165 3142
3166 3162
3167 3151
3168 3132
3169 3150
3170 3130
3171 3149
3172 3131
3173 3168
3174 3122
3175 3158
3176 3123
3177 3159
3178 2886
3179 2886
3180 3178
3181 3180
3182 3179
3183 3180
3184 3178
3185 3182
3186 3183
3187 3182
3188 3178
3189 2886
3190 3187
3191 3182
3192 3181
3193 3192
3194 3189
3195 3183
3196 3189
3197 3194
3198 3183
3199 3196
3200 3186
3201 3195
3202 3194
3203 3181
3204 3180
3205 3178
3206 2886
3207 3185
3208 204
3209 3208
3210 3209
3211 3210
3212 3211
3213 3212
3214 3213
3215 3214
3216 3215
3217 3216
3217 204
3218 112
3219 3218
3220 3219
3221 3220
3222 3221
3223 3222
3224 3223
3225 3224
3226 3225
3227 3226
3228 3227
3229 3228
3230 3229
3231 3230
3231 112
3232 918
3233 3232
3234 3233
3235 3234
3236 3235
3237 3236
3238 3237
3239 3238
3240 3239
3241 3240
3242 3241
3243 3242
3244 3243
3245 3244
3246 3245
3247 3246
3248 3247
3249 3248
3250 3249
3251 3250
3252 3251
3253 3252
3254 3253
3255 3254
3256 3255
3257 3256
3258 3257
3259 3258
3260 3259
3261 3260
3262 3261
3263 3262
3264 3263
3265 3264
3266 3265
3267 3266
3268 3267
3269 3268
3270 3269
3271 3270
3272 3271
3273 3272
3274 3273
3275 3274
3276 3275
3277 3276
3278 3277
3279 3278
3280 3279
3281 3280
3282 3281
3283 3282
3284 3283
3285 3284
3286 3285
3287 3286
3288 3287
3289 3288
3290 3289
3291 3290
3292 3291
3293 3292
3294 3293
3295 3294
3296 3295
3297 3296
3298 3297
3299 3298
3300 3299
3301 3300
3302 3301
3303 3302
3304 3303
3305 3304
3306 3305
3307 3306
3308 3307
3309 3308
3310 3309
3311 3310
3312 3311
3313 3312
3314 3313
3315 3314
3316 3315
3317 3316
3318 3317
3319 3318
3320 3319
3321 3320
3322 3321
3323 3322
3324 3323
3325 3324
3326 3325
3327 3326
3328 3327
3329 3328
3329 918
3330 1137
3331 1137
3332 3331
3333 3330
3334 1137
3335 3331
3336 3330
3337 3334
3338 3332
3339 3335
3340 1137
3341 3335
3342 3333
3343 3335
3344 3342
3345 3342
3346 3339
3347 3338
3348 3334
3349 3333
3350 3348
3351 3337
3352 3346
3353 3344
3354 3343
3355 3349
3356 3350
3357 2436
3358 3357
3359 3358
3360 3359
3361 3360
3362 3361
3363 3362
3364 3363
3365 3364
3366 3365
3367 3366
3368 3367
3369 3368
3370 3369
3371 3370
3372 3371
3373 3372
3374 3373
3375 3374
3376 3375
3377 3376
3378 3377
3379 3378
3380 3379
3381 3380
3382 3381
3383 3382
3384 3383
3385 3384
3386 3385
3387 3386
3388 3387
3389 3388
3390 3389
3391 3390
3392 3391
3393 3392
3394 3393
3395 3394
3396 3395
3397 3396
3398 3397
3399 3398
3400 3399
3401 3400
3402 3401
3403 3402
3404 3403
3405 3404
3406 3405
3407 3406
3408 3407
3409 3408
3410 3409
3411 3410
3412 3411
3413 3412
3414 3413
3415 3414
3416 3415
3417 3416
3418 3417
3419 3418
3420 3419
3421 3420
3422 3421
3423 3422
3424 3423
3425 3424
3426 3425
3427 3426
3428 3427
3429 3428
3430 3429
3431 3430
3432 3431
3433 3432
3434 3433
3435 3434
3436 3435
3437 3436
3438 3437
3439 3438
3440 3439
3441 3440
3442 3441
3443 3442
3444 3443
3444 2436
3445 2902
3446 3445
3447 3446
3447 2902
3448 187
3449 3448
3450 3449
3451 3450
3452 3451
3453 3452
3454 3453
3455 3454
3456 3455
3457 3456
3458 3457
3459 3458
3460 3459
3461 3460
3462 3461
3463 3462
3464 3463
3465 3464
3466 3465
3467 3466
3468 3467
3469 3468
3470 3469
3471 3470
3472 3471
3473 3472
3474 3473
3475 3474
3476 3475
3476 187
3477 2480
3478 3477
3479 3478
3480 3479
3481 3480
3482 3481
3483 3482
3484 3483
3485 3484
3486 3485
3487 3486
3488 3487
3489 3488
3490 3489
3491 3490
3492 3491
3493 3492
3494 3493
3495 3494
3496 3495
3497 3496
3498 3497
3499 3498
3500 3499
3501 3500
3502 3501
3503 3502
3504 3503
3505 3504
3506 3505
3507 3506
3508 3507
3509 3508
3510 3509
3511 3510
3512 3511
3513 3512
3514 3513
3515 3514
3516 3515
3517 3516
3518 3517
3519 3518
3520 3519
3521 3520
3522 3521
3523 3522
3524 3523
3525 3524
3526 3525
3527 3526
3528 3527
3529 3528
3530 3529
3531 3530
3532 3531
3533 3532
3534 3533
3535 3534
3536 3535
3537 3536
3538 3537
3539 3538
3540 3539
3541 3540
3542 3541
3543 3542
3544 3543
3545 3544
3546 3545
3547 3546
3548 3547
3549 3548
3550 3549
3551 3550
3552 3551
3553 3552
3554 3553
3555 3554
3556 3555
3557 3556
3558 3557
3559 3558
3560 3559
3561 3560
3562 3561
3563 3562
3564 3563
3565 3564
3566 3565
3567 3566
3567 2480
3568 2934
3569 2934
3570 3569
3571 3569
3572 3571
3573 3572
3574 3571
3575 3569
3576 3574
3577 3568
3578 3577
3579 3575
3580 3573
3581 3573
3582 3570
3583 3572
3584 3571
3585 3584
3586 3583
3587 3570
3588 3585
3589 3574
3590 3573
3591 3589
3592 3570
3593 490
3594 3593
3595 3594
3596 3595
3597 3596
3598 3597
3599 3598
3600 3599
3601 3600
3602 3601
3603 3602
3604 3603
3605 3604
3605 490
3606 132
3607 3606
3608 3606
3609 3608
3610 3608
3611 132
3612 3610
3613 3610
3614 3608
3615 3607
3616 132
3617 3607
3618 3608
3619 3616
3620 3614
3621 3614
3622 132
3623 3622
3624 3618
3625 3612
3626 3623
3627 3619
3628 3620
3629 3624
3630 3625
3631 3610
3632 3619
3633 3615
3634 132
3635 3623
3636 3628
3637 3617
3638 3624
3639 3621
3640 3618
3641 3638
3642 3641
3643 3621
3644 3626
3645 3618
3646 3609
3647 3630
3648 3607
3649 3618
3650 3638
3651 3650
3652 3627
3653 3652
3654 3610
3655 3651
3656 3622
3657 3655
3658 3638
3659 3637
3660 3647
3661 3657
3662 3633
3663 3632
3664 3628
3665 3619
3666 3648
3667 3653
3668 3636
3669 3664
3670 3613
3671 3615
3672 3619
3673 3638
3674 3650
3675 3658
3676 3656
3677 3676
3678 3606
3679 3622
3680 3656
3681 3618
3682 3615
3683 3641
3684 3668
3685 3613
3686 3651
3687 3640
3688 3665
3689 3660
3690 3646
3691 3687
3692 3625
3693 3652
3694 1841
3695 3694
3696 3695
3697 3696
3698 3697
3699 3698
3700 3699
3701 3700
3702 3701
3703 3702
3704 3703
3705 3704
3706 3705
3707 3706
3708 3707
3709 3708
3710 3709
3711 3710
3712 3711
3713 3712
3714 3713
3715 3714
3716 3715
3717 3716
3718 3717
3719 3718
3720 3719
3721 3720
3722 3721
3723 3722
3724 3723
3725 3724
3726 3725
3727 3726
3728 3727
3729 3728
3730 3729
3731 3730
3732 3731
3733 3732
3734 3733
3735 3734
3736 3735
3737 3736
3738 3737
3739 3738
3740 3739
3741 3740
3742 3741
3743 3742
3744 3743
3745 3744
3746 3745
3747 3746
3748 3747
3749 3748
3750 3749
3751 3750
3752 3751
3753 3752
3754 3753
3755 3754
3756 3755
3757 3756
3758 3757
3759 3758
3760 3759
3761 3760
3762 3761
3763 3762
3764 3763
3765 3764
3766 3765
3767 3766
3768 3767
3769 3768
3770 3769
3771 3770
3772 3771
3773 3772
3774 3773
3775 3774
3776 3775
3777 3776
3778 3777
3779 3778
3780 3779
3781 3780
3782 3781
3783 3782
3784 3783
3785 3784
3786 3785
3787 3786
3788 3787
3788 1841
3789 1831
3790 3789
3791 3790
3792 3791
3793 3792
3794 3793
3795 3794
3796 3795
3797 3796
3798 3797
3799 3798
3800 3799
3801 3800
3802 3801
3803 3802
3804 3803
3805 3804
3806 3805
3807 3806
3807 1831
3808 2936
3809 3808
3810 3809
3811 3810
3812 3811
3813 3812
3814 3813
3815 3814
3816 3815
3817 3816
3818 3817
3819 3818
3820 3819
3821 3820
3822 3821
3823 3822
3824 3823
3825 3824
3826 3825
3827 3826
3828 3827
3829 3828
3830 3829
3831 3830
3832 3831
3833 3832
3834 3833
3835 3834
3836 3835
3837 3836
3838 3837
3839 3838
3840 3839
3841 3840
3842 3841
3843 3842
3844 3843
3845 3844
3846 3845
3847 3846
3848 3847
3849 3848
3850 3849
3851 3850
3852 3851
3853 3852
3854 3853
3855 3854
3856 3855
3857 3856
3858 3857
3859 3858
3860 3859
3861 3860
3862 3861
3863 3862
3864 3863
3865 3864
3866 3865
3867 3866
3868 3867
3869 3868
3870 3869
3871 3870
3872 3871
3873 3872
3874 3873
3875 3874
3876 3875
3877 3876
3878 3877
3879 3878
3880 3879
3881 3880
3882 3881
3883 3882
3884 3883
3885 3884
3886 3885
3887 3886
3888 3887
3889 3888
3890 3889
3891 3890
3892 3891
3893 3892
3894 3893
3895 3894
3896 3895
3897 3896
3898 3897
3899 3898
3900 3899
3901 3900
3902 3901
3903 3902
3904 3903
3905 3904
3906 3905
3906 2936
3907 1667
3908 3907
3909 1667
3910 3907
3911 3908
3912 3908
3913 3907
3914 3910
3915 3907
3916 1667
3917 3569
3918 3569
3919 3918
3920 3569
3921 3920
3922 3919
3923 3919
3924 3918
3925 3919
3926 2194
3927 2194
3928 3926
3929 3927
3930 3928
3931 3929
3932 3926
3933 3929
3934 3927
3935 3927
3936 3926
3937 3936
3938 3933
3939 3927
3940 3938
3941 3934
3942 3935
3943 3937
3944 3928
3945 3927
3946 3930
3947 3941
3948 3931
3949 2194
3950 3939
3951 3931
3952 3951
3953 3945
3954 3943
3955 3946
3956 3932
3957 3945
3958 3945
3959 3934
3960 3926
3961 3928
3962 3957
3963 3948
3964 3949
3965 3961
3966 3935
3967 3954
3968 3936
3969 3944
3970 3962
3971 3962
3972 3935
3973 3927
3974 2194
3975 3972
3976 3932
3977 3942
3978 3937
3979 3948
3980 3958
3981 3931
3982 3969
3983 3964
3984 3940
3985 3948
3986 3978
3987 3950
3988 2194
3989 3968
3990 3926
3991 3951
3992 3954
3993 3937
3994 3979
3995 3958
3996 3927
3997 3965
3998 3984
3999 3977
4000 3978
4001 3952
4002 3977
4003 4002
4004 4001
4005 3980
4006 3937
4007 3931
4008 3952
4009 3969
4010 3940
4011 3952
4012 3973
4013 1726
4014 4013
4015 4014
4016 4015
4017 4016
4018 4017
4019 4018
4020 4019
4021 4020
4022 4021
4023 4022
4024 4023
4025 4024
4026 4025
4027 4026
4028 4027
4029 4028
4030 4029
4031 4030
4032 4031
4033 4032
4034 4033
4035 4034
4036 4035
4037 4036
4038 4037
4039 4038
4040 4039
4041 4040
4042 4041
4043 4042
4044 4043
4045 4044
4046 4045
4047 4046
4048 4047
4049 4048
4050 4049
4051 4050
4052 4051
4053 4052
4054 4053
4055 4054
4055 1726
4056 949
4057 4056
4058 949
4059 4057
4060 4058
4061 4060
4062 4058
4063 4058
4064 4058
4065 4060
4066 4057
4067 4062
4068 949
4069 4067
4070 4062
4071 4056
4072 4062
4073 4069
4074 4057
4075 4063
4076 4072
4077 4069
4078 4068
4079 4077
4080 4076
4081 4069
4082 4063
4083 4067
4084 4075
4085 4078
4086 4063
4087 949
4088 4075
4089 4064
4090 4057
4091 4065
4092 4077
4093 4085
4094 4082
4095 4082
4096 3548
4097 4096
4098 4097
4099 4098
4100 4099
4101 4100
4102 4101
4103 4102
4104 4103
4105 4104
4106 4105
4107 4106
4108 4107
4109 4108
4110 4109
4111 4110
4112 4111
4113 4112
4114 4113
4115 4114
4116 4115
4117 4116
4118 4117
4119 4118
4120 4119
4121 4120
4122 4121
4123 4122
4124 4123
4125 4124
4126 4125
4127 4126
4128 4127
4129 4128
4130 4129
4131 4130
4132 4131
4133 4132
4134 4133
4135 4134
4136 4135
4137 4136
4138 4137
4139 4138
4140 4139
4141 4140
4142 4141
4143 4142
4144 4143
4144 3548
4145 2356
4146 4145
4147 4146
4148 4147
4149 4148
4150 4149
4151 4150
4152 4151
4153 4152
4154 4153
4155 4154
4156 4155
4157 4156
4158 4157
4159 4158
4160 4159
4161 4160
4162 4161
4163 4162
4164 4163
4165 4164
4166 4165
4167 4166
4168 4167
4169 4168
4170 4169
4171 4170
4172 4171
4173 4172
4174 4173
4175 4174
4176 4175
4177 4176
4178 4177
4179 4178
4180 4179
4181 4180
4182 4181
4183 4182
4184 4183
4185 4184
4186 4185
4187 4186
4188 4187
4189 4188
4190 4189
4191 4190
4192 4191
4193 4192
4194 4193
4195 4194
4196 4195
4197 4196
4198 4197
4199 4198
4200 4199
4201 4200
4202 4201
4203 4202
4204 4203
4204 2356
4205 420
4206 4205
4207 4206
4208 4207
4209 4208
4210 4209
4211 4210
4212 4211
4213 4212
4214 4213
4215 4214
4216 4215
4217 4216
4218 4217
4219 4218
4220 4219
4221 4220
4222 4221
4223 4222
4224 4223
4225 4224
4226 4225
4227 4226
4228 4227
4229 4228
4230 4229
4231 4230
4232 4231
4233 4232
4234 4233
4235 4234
4236 4235
4237 4236
4238 4237
4239 4238
4240 4239
4241 4240
4242 4241
4243 4242
4244 4243
4245 4244
4246 4245
4247 4246
4248 4247
4249 4248
4250 4249
4251 4250
4252 4251
4253 4252
4254 4253
4255 4254
4256 4255
4257 4256
4258 4257
4259 4258
4260 4259
4261 4260
4262 4261
4263 4262
4263 420
4264 1759
4265 1759
4266 4264
4267 4264
4268 1759
4269 4268
4270 4265
4271 4266
4272 4269
4273 4264
4274 4264
4275 4264
4276 4272
4277 4273
4278 4276
4279 4275
4280 4270
4281 4271
4282 4277
4283 4274
4284 4270
4285 4272
4286 4270
4287 4271
4288 4282
4289 4277
4290 4289
4291 4276
4292 1759
4293 4287
4294 4280
4295 4287
4296 4271
4297 4284
4298 4267
4299 4294
4300 4296
4301 4265
4302 4272
4303 4275
4304 4295
4305 4271
4306 4293
4307 4297
4308 4278
4309 4289
4310 4289
4311 4302
4312 4266
4313 4293
4314 4278
4315 4267
4316 4285
4317 4279
4318 4273
4319 1759
4320 4272
4321 4266
4322 4291
4323 4300
4324 4286
4325 4274
4326 4325
4327 4281
4328 4293
4329 4303
4330 4312
4331 4326
4332 4298
4333 4285
4334 4331
4335 4283
4336 4314
4337 4269
4338 4305
4339 4313
4340 4267
4341 4287
4342 3928
4343 3928
4344 3928
4345 3928
4346 4342
4347 4343
4348 4342
4349 4346
4350 4344
4351 3928
4352 4344
4353 4351
4354 4349
4355 4342
4356 4353
4357 4343
4358 4342
4359 3928
4360 4353
4361 4350
4362 4361
4363 4360
4364 4355
4365 4349
4366 4362
4367 4347
4368 4359
4369 4350
4370 4368
4371 4350
4372 4356
4373 4350
4374 4372
4375 4342
4376 4370
4377 4361
4378 4375
4379 4355
4380 4345
4381 4377
4382 4373
4383 4356
4384 4342
4385 4364
4386 4344
4387 4371
4388 4349
4389 4385
4390 4364
4391 4368
4392 4348
4393 3939
4394 3939
4395 4393
4396 4394
4397 4395
4398 4394
4399 4394
4400 3939
4401 4396
4402 4398
4403 4399
4404 4393
4405 4398
4406 4396
4407 4393
4408 4400
4409 4401
4410 4399
4411 4408
4412 3939
4413 4394
4414 4400
4415 4398
4416 4396
4417 4397
4418 4416
4419 4404
4420 4399
4421 4407
4422 4413
4423 4404
4424 4396
4425 4416
4426 4417
4427 4422
4428 4396
4429 4400
4430 4413
4431 3939
4432 4419
4433 4399
4434 1626
4435 4434
4436 4435
4437 4436
4438 4437
4439 4438
4440 4439
4441 4440
4442 4441
4443 4442
4444 4443
4445 4444
4446 4445
4447 4446
4448 4447
4449 4448
4450 4449
4451 4450
4452 4451
4453 4452
4454 4453
4455 4454
4456 4455
4457 4456
4458 4457
4459 4458
4460 4459
4461 4460
4462 4461
4463 4462
4464 4463
4465 4464
4466 4465
4467 4466
4468 4467
4469 4468
4470 4469
4471 4470
4472 4471
4473 4472
4474 4473
4475 4474
4476 4475
4477 4476
4478 4477
4479 4478
4480 4479
4481 4480
4482 4481
4483 4482
4484 4483
4485 4484
4486 4485
4487 4486
4488 4487
4489 4488
4490 4489
4491 4490
4492 4491
4493 4492
4494 4493
4495 4494
4496 4495
4497 4496
4498 4497
4499 4498
4500 4499
4501 4500
4502 4501
4503 4502
4504 4503
4505 4504
4506 4505
4507 4506
4508 4507
4509 4508
4510 4509
4511 4510
4512 4511
4513 4512
4514 4513
4515 4514
4516 4515
4517 4516
4518 4517
4519 4518
4520 4519
4521 4520
4522 4521
4523 4522
4524 4523
4525 4524
4526 4525
4526 1626
4527 991
4528 991
4529 4528
4530 4527
4531 4528
4532 4529
4533 991
4534 4528
4535 4530
4536 4532
4537 4529
4538 4528
4539 4535
4540 991
4541 4540
4542 4532
4543 4537
4544 4543
4545 991
4546 4544
4547 4537
4548 4532
4549 4532
4550 4547
4551 4547
4552 4542
4553 4532
4554 4546
4555 4527
4556 4549
4557 4536
4558 4549
4559 4550
4560 4548
4561 4529
4562 4560
4563 4536
4564 4533
4565 4559
4566 4548
4567 4533
4568 4529
4569 4558
4570 4552
4571 4568
4572 4544
4573 4539
4574 4552
4575 4568
4576 4533
4577 4553
4578 4562
4579 4573
4580 4537
4581 4533
4582 4572
4583 4547
4584 4539
4585 4566
4586 991
4587 4552
4588 4574
4589 4567
4590 4550
4591 4527
4592 41
4593 4592
4594 41
4595 4592
4596 41
4597 4593
4598 41
4599 4596
4600 4592
4601 4595
4602 4600
4603 4595
4604 4603
4605 4596
4606 4600
4607 4599
4608 4602
4609 4599
4610 4592
4611 4606
4612 4595
4613 4592
4614 41
4615 4594
4616 4594
4617 4594
4618 4607
4619 4598
4620 4596
4621 4619
4622 4604
4623 4608
4624 4605
4625 4600
4626 41
4627 4621
4628 4619
4629 4593
4630 4612
4631 4592
4632 4598
4633 41
4634 4607
4635 4615
4636 4592
4637 41
4638 4599
4639 4612
4640 4611
4641 4634
4642 4628
4643 4642
4644 4600
4645 4637
4646 4629
4647 4614
4648 4602
4649 4598
4650 4592
4651 4630
4652 4597
4653 4643
4654 4633
4655 4637
4656 4606
4657 4636
4658 4632
4659 4592
4660 4600
4661 4656
4662 4597
4663 4610
4664 4597
4665 4631
4666 4628
4667 4654
4668 4649
4669 4668
4670 4656
4671 4640
4672 4618
4673 4594
4674 4626
4675 4660
4676 4603
4677 4621
4678 4637
4679 4631
4680 4651
4681 4631
4682 4610
4683 4631
4684 4667
4685 4671
4686 4685
4687 4680
4688 4595
4689 4676
4690 4595
4691 1485
4692 4691
4693 4692
4694 4693
4695 4694
4696 4695
4697 4696
4698 4697
4699 4698
4700 4699
4701 4700
4702 4701
4703 4702
4704 4703
4705 4704
4706 4705
4707 4706
4708 4707
4709 4708
4710 4709
4711 4710
4712 4711
4713 4712
4714 4713
4715 4714
4716 4715
4717 4716
4718 4717
4719 4718
4720 4719
4721 4720
4722 4721
4723 4722
4724 4723
4725 4724
4726 4725
4727 4726
4728 4727
4729 4728
4730 4729
4731 4730
4732 4731
4733 4732
4734 4733
4735 4734
4736 4735
4737 4736
4738 4737
4739 4738
4740 4739
4741 4740
4742 4741
4743 4742
4744 4743
4745 4744
4746 4745
4747 4746
4748 4747
4749 4748
4750 4749
4751 4750
4752 4751
4753 4752
4754 4753
4755 4754
4756 4755
4757 4756
4758 4757
4759 4758
4760 4759
4761 4760
4762 4761
4762 1485
4763 756
4764 4763
4765 4764
4766 4765
4767 4766
4768 4767
4769 4768
4770 4769
4771 4770
4772 4771
4773 4772
4774 4773
4775 4774
4776 4775
4777 4776
4778 4777
4779 4778
4780 4779
4781 4780
4782 4781
4783 4782
4784 4783
4785 4784
4786 4785
4787 4786
4788 4787
4789 4788
4790 4789
4791 4790
4792 4791
4793 4792
4793 756
4794 3660
4795 4794
4796 4795
4797 4796
4798 4797
4799 4798
4800 4799
4801 4800
4802 4801
4803 4802
4804 4803
4805 4804
4806 4805
4807 4806
4808 4807
4809 4808
4810 4809
4811 4810
4812 4811
4813 4812
4814 4813
4815 4814
4816 4815
4817 4816
4818 4817
4819 4818
4820 4819
4821 4820
4822 4821
4823 4822
4824 4823
4825 4824
4826 4825
4827 4826
4828 4827
4829 4828
4830 4829
4831 4830
4832 4831
4833 4832
4834 4833
4835 4834
4836 4835
4837 4836
4838 4837
4839 4838
4840 4839
4841 4840
4842 4841
4843 4842
4844 4843
4845 4844
4846 4845
4847 4846
4848 4847
4849 4848
4850 4849
4851 4850
4852 4851
4853 4852
4854 4853
4855 4854
4856 4855
4857 4856
4858 4857
4859 4858
4859 3660
4860 1756
4861 4860
4862 4860
4863 4861
4864 4860
4865 4863
4866 2071
4867 4866
4868 4867
4869 4868
4870 4869
4871 4870
4872 4871
4873 4872
4874 4873
4875 4874
4876 4875
4877 4876
4878 4877
4879 4878
4880 4879
4881 4880
4882 4881
4883 4882
4884 4883
4885 4884
4886 4885
4887 4886
4888 4887
4889 4888
4890 4889
4891 4890
4892 4891
4893 4892
4894 4893
4895 4894
4896 4895
4897 4896
4898 4897
4899 4898
4900 4899
4901 4900
4902 4901
4903 4902
4904 4903
4905 4904
4906 4905
4907 4906
4908 4907
4909 4908
4910 4909
4911 4910
4912 4911
4913 4912
4914 4913
4915 4914
4916 4915
4917 4916
4918 4917
4919 4918
4920 4919
4921 4920
4922 4921
4923 4922
4924 4923
4925 4924
4926 4925
4927 4926
4928 4927
4929 4928
4930 4929
4931 4930
4932 4931
4933 4932
4934 4933
4935 4934
4936 4935
4937 4936
4938 4937
4939 4938
4940 4939
4941 4940
4942 4941
4943 4942
4944 4943
4945 4944
4946 4945
4947 4946
4948 4947
4949 4948
4950 4949
4951 4950
4952 4951
4953 4952
4954 4953
4955 4954
4955 2071
4956 4232
4957 4232
4958 4232
4959 4956
4960 4959
4961 4958
4962 4956
4963 4960
4964 4961
4965 4957
4966 4959
4967 4957
4968 4957
4969 4968
4970 4232
4971 4961
4972 4963
4973 4968
4974 4956
4975 4973
4976 4964
4977 4962
4978 4970
4979 4965
4980 4966
4981 4977
4982 4975
4983 4964
4984 4971
4985 4962
4986 4958
4987 4982
4988 4985
4989 4970
4990 4970
4991 4980
4992 4971
4993 4968
4994 4986
4995 4956
4996 4956
4997 4980
4998 4992
4999 4966
5000 4975
5001 4977
5002 4970
5003 4992
5004 4998
5005 5002
5006 4984
5007 4966
5008 4963
5009 5003
5010 5006
5011 5003
5012 4979
5013 4974
5014 4995
5015 4999
5016 4961
5017 4987
5018 5008
5019 4999
5020 5019
5021 5009
5022 4966
5023 4972
5024 5001
5025 4981
5026 5025
5027 4972
5028 5013
5029 4974
5030 5022
5031 5023
5032 4988
5033 4966
5034 5007
5035 5011
5036 4990
5037 5001
5038 4960
5039 4993
5040 4961
5041 5030
5042 4995
5043 4989
5044 5027
5045 5016
5046 5017
5047 5022
5048 5024
5049 5026
5050 4968
5051 1690
5052 5051
5053 5052
5054 5053
5055 5054
5056 5055
5057 5056
5058 5057
5059 5058
5060 5059
5061 5060
5062 5061
5063 5062
5064 5063
5065 5064
5066 5065
5067 5066
5068 5067
5069 5068
5070 5069
5071 5070
5072 5071
5073 5072
5074 5073
5075 5074
5076 5075
5077 5076
5078 5077
5079 5078
5080 5079
5081 5080
5082 5081
5083 5082
5084 5083
5085 5084
5086 5085
5087 5086
5088 5087
5089 5088
5090 5089
5091 5090
5092 5091
5093 5092
5094 5093
5095 5094
5096 5095
5097 5096
5098 5097
5099 5098
5099 1690
5100 3526
5101 5100
5102 5101
5103 3526
5104 5102
5105 5104
5106 5103
5107 5103
5108 3526
5109 5103
5110 5105
5111 5101
5112 534
5113 5112
5114 534
5115 5113
5116 5114
5117 5113
5118 5113
5119 534
5120 5119
5121 5118
5122 5116
5123 5115
5124 5122
5125 5123
5126 5120
5127 5117
5128 5115
5129 534
5130 5113
5131 5123
5132 5131
5133 5125
5134 5133
5135 5128
5136 5133
5137 5130
5138 5137
5139 5115
5140 5135
5141 5136
5142 5126
5143 5121
5144 5133
5145 5132
5146 5130
5147 5123
5148 5136
5149 5119
5150 5116
5151 5128
5152 5136
5153 5146
5154 5116
5155 5153
5156 5135
5157 5155
5158 5154
5159 5152
5160 5138
5161 5139
5162 5145
5163 5129
5164 534
5165 5157
5166 5121
5167 5113
5168 5156
5169 5165
5170 5123
5171 5133
5172 5168
5173 5115
5174 5130
5175 5156
5176 5162
5177 5117
5178 5165
5179 5125
5180 5155
5181 5172
5182 534
5183 5122
5184 2337
5185 2337
5186 2337
5187 5184
5188 5186
5189 5185
5190 5184
5191 5184
5192 2337
5193 5190
5194 5193
5195 5191
5196 5193
5197 5196
5198 5186
5199 5193
5200 5185
5201 5192
5202 5201
5203 5202
5204 5190
5205 5200
5206 5194
5207 5194
5208 5195
5209 5197
5210 5188
5211 5192
5212 5202
5213 5195
5214 5203
5215 5211
5216 5209
5217 5190
5218 5200
5219 5188
5220 5218
5221 5191
5222 5193
5223 5213
5224 2337
5225 5188
5226 5193
5227 5186
5228 5193
5229 5212
5230 5192
5231 5219
5232 5214
5233 5223
5234 5203
5235 5195
5236 5204
5237 5228
5238 5226
5239 5204
5240 5239
5241 5198
5242 5233
5243 5212
5244 5208
5245 5234
5246 5206
5247 5241
5248 5213
5249 5232
5250 5246
5251 2589
5252 5251
5253 2589
5254 5252
5255 5251
5256 5253
5257 5255
5258 5254
5259 2589
5260 5257
5261 5254
5262 5254
5263 5253
5264 5254
5265 5252
5266 5258
5267 5261
5268 5255
5269 5251
5270 5259
5271 5259
5272 5256
5273 5268
5274 5262
5275 5273
5276 5261
5277 5266
5278 5265
5279 5262
5280 5274
5281 5275
5282 5259
5283 5279
5284 5266
5285 5280
5286 5273
5287 5253
5288 5253
5289 5287
5290 5258
5291 2589
5292 5278
5293 5267
5294 5252
5295 5291
5296 5258
5297 5294
5298 5252
5299 5268
5300 5273
5301 5266
5302 5298
5303 5254
5304 4859
5305 4859
5306 5304
5307 5305
5308 5304
5309 5304
5310 5304
5311 5304
5312 5308
5313 5305
5314 5309
5315 5314
5316 5314
5317 5314
5318 5316
5319 4859
5320 5312
5321 5306
5322 5304
5323 5312
5324 5323
5325 5321
5326 5309
5327 5323
5328 5308
5329 5327
5330 4859
5331 776
5332 5331
5333 5332
5334 5333
5335 5334
5336 5335
5337 5336
5338 5337
5339 5338
5340 5339
5341 5340
5342 5341
5343 5342
5344 5343
5345 5344
5346 5345
5347 5346
5348 5347
5349 5348
5350 5349
5351 5350
5352 5351
5353 5352
5353 776
5354 881
5355 5354
5356 881
5357 881
5358 5355
5359 5358
5360 5357
5361 5360
5362 5360
5363 5359
5364 5360
5365 881
5366 5359
5367 5366
5368 5363
5369 4861
5370 5369
5371 5369
5372 5371
5373 4861
5374 5372
5375 5372
5376 5369
5377 5375
5378 5370
5379 5371
5380 4861
5381 5371
5382 5380
5383 5379
5384 5376
5385 5377
5386 5378
5387 5377
5388 5372
5389 4861
5390 5377
5391 5371
5392 5379
5393 5371
5394 5386
5395 5388
5396 5387
5397 5386
5398 5396
5399 5386
5400 5377
5401 5376
5402 5401
5403 5379
5404 5391
5405 5372
5406 5370
5407 5373
5408 5388
5409 5376
5410 5408
5411 5379
5412 5404
5413 5411
5414 5384
5415 3110
5416 5415
5417 3110
5418 3110
5419 3110
5420 5417
5421 5419
5422 5421
5423 5415
5424 3110
5425 5424
5426 5417
5427 5418
5428 5424
5429 5422
5430 5429
5431 5421
5432 5422
5433 5428
5434 5433
5435 5431
5436 5431
5437 5424
5438 5421
5439 5438
5440 5437
5441 5419
5442 5426
5443 5440
5444 5440
5445 5425
5446 5422
5447 5422
5448 5419
5449 5420
5450 5420
5451 5449
5452 5422
5453 5451
5454 5450
5455 5441
5456 5432
5457 5415
5458 5417
5459 5415
5460 5450
5461 5434
5462 5441
5463 5450
5464 5435
5465 5437
5466 5427
5467 5430
5468 5466
5469 5434
5470 5453
5471 5434
5472 5470
5473 5419
5474 5473
5475 5452
5476 5463
5477 5429
5478 5446
5479 5437
5480 5471
5481 5468
5482 5457
5483 5443
5484 5442
5485 5463
5486 5429
5487 5454
5488 5419
5489 5469
5490 5468
5491 4161
5492 5491
5493 5492
5494 5493
5495 5494
5496 5495
5497 5496
5498 5497
5499 5498
5500 5499
5501 5500
5502 5501
5503 5502
5504 5503
5505 5504
5506 5505
5507 5506
5508 5507
5509 5508
5510 5509
5511 5510
5512 5511
5513 5512
5514 5513
5515 5514
5516 5515
5517 5516
5518 5517
5519 5518
5520 5519
5521 5520
5522 5521
5523 5522
5524 5523
5525 5524
5526 5525
5527 5526
5528 5527
5529 5528
5530 5529
5531 5530
5532 5531
5533 5532
5534 5533
5535 5534
5536 5535
5537 5536
5538 5537
5539 5538
5540 5539
5541 5540
5542 5541
5543 5542
5544 5543
5545 5544
5546 5545
5547 5546
5548 5547
5549 5548
5550 5549
5551 5550
5552 5551
5553 5552
5554 5553
5555 5554
5556 5555
5557 5556
5558 5557
5559 5558
5560 5559
5561 5560
5562 5561
5562 4161
5563 1391
5564 5563
5565 5564
5566 5565
5567 5566
5568 5567
5569 5568
5570 5569
5571 5570
5572 5571
5573 5572
5574 5573
5575 5574
5576 5575
5577 5576
5578 5577
5579 5578
5580 5579
5581 5580
5582 5581
5583 5582
5584 5583
5585 5584
5586 5585
5587 5586
5588 5587
5589 5588
5590 5589
5591 5590
5592 5591
5593 5592
5594 5593
5595 5594
5596 5595
5597 5596
5598 5597
5599 5598
5600 5599
5601 5600
5602 5601
5603 5602
5604 5603
5605 5604
5606 5605
5607 5606
5608 5607
5609 5608
5610 5609
5611 5610
5612 5611
5613 5612
5614 5613
5615 5614
5616 5615
5617 5616
5618 5617
5619 5618
5620 5619
5621 5620
5622 5621
5623 5622
5624 5623
5625 5624
5626 5625
5627 5626
5628 5627
5629 5628
5630 5629
5631 5630
5632 5631
5633 5632
5634 5633
5634 1391
5635 863
5636 5635
5637 5636
5638 5637
5639 5638
5640 5639
5641 5640
5642 5641
5643 5642
5644 5643
5645 5644
5646 5645
5647 5646
5648 5647
5649 5648
5650 5649
5651 5650
5652 5651
5653 5652
5654 5653
5655 5654
5656 5655
5657 5656
5658 5657
5659 5658
5660 5659
5661 5660
5662 5661
5663 5662
5664 5663
5665 5664
5666 5665
5667 5666
5668 5667
5669 5668
5670 5669
5671 5670
5672 5671
5673 5672
5674 5673
5675 5674
5676 5675
5677 5676
5678 5677
5679 5678
5680 5679
5681 5680
5682 5681
5683 5682
5684 5683
5685 5684
5686 5685
5687 5686
5688 5687
5689 5688
5690 5689
5691 5690
5692 5691
5693 5692
5694 5693
5695 5694
5695 863
5696 1218
5697 1218
5698 5697
5699 5696
5700 1218
5701 5696
5702 5701
5703 5700
5704 5700
5705 1218
5706 5699
5707 5703
5708 5700
5709 5699
5710 1218
5711 2912
5712 5711
5713 5712
5714 5713
5715 5714
5716 5715
5716 2912
5717 4972
5718 5717
5719 5718
5720 5719
5721 5720
5722 5721
5723 5722
5724 5723
5725 5724
5725 4972
5726 4372
5727 5726
5728 5727
5729 5728
5730 5729
5731 5730
5732 5731
5733 5732
5734 5733
5735 5734
5736 5735
5737 5736
5738 5737
5739 5738
5740 5739
5741 5740
5742 5741
5743 5742
5744 5743
5745 5744
5746 5745
5747 5746
5748 5747
5749 5748
5750 5749
5751 5750
5752 5751
5753 5752
5754 5753
5755 5754
5756 5755
5757 5756
5758 5757
5758 4372
5759 2885
5760 5759
5761 2885
5762 5761
5763 5761
5764 2885
5765 5761
5766 2885
5767 5765
5768 5761
5769 5761
5770 5760
5771 5765
5772 5769
5773 5765
5774 5765
5775 5768
5776 5761
5777 5762
5778 5776
5779 5775
5780 5776
5781 5777
5782 5781
5783 5773
5784 5774
5785 5764
5786 2885
5787 5785
5788 5766
5789 5785
5790 5775
5791 5779
5792 5790
5793 5768
5794 5791
5795 5769
5796 5790
5797 5787
5798 5780
5799 5767
5800 5784
5801 5762
5802 5771
5803 5764
5804 5765
5805 5762
5806 5765
5807 5786
5808 5782
5809 5783
5810 5780
5811 2885
5812 5787
5813 5773
5814 5788
5815 5799
5816 5805
5817 5764
5818 5771
5819 5778
5820 5806
5821 5772
5822 5777
5823 5808
5824 5777
5825 5796
5826 5789
5827 5770
5828 5779
5829 5786
5830 5790
5831 5795
5832 2432
5833 5832
5834 5833
5834 2432
5835 3312
5836 5835
5837 3312
5838 5837
5839 3312
5840 5835
5841 5839
5842 5837
5843 5837
5844 5843
5845 5835
5846 5844
5847 5843
5848 3312
5849 5847
5850 3312
5851 5844
5852 3312
5853 5840
5854 5835
5855 5835
5856 5852
5857 5842
5858 5848
5859 5836
5860 1064
5861 5860
5862 5861
5863 5862
5864 5863
5865 5864
5866 5865
5867 5866
5868 5867
5869 5868
5870 5869
5871 5870
5872 5871
5873 5872
5874 5873
5875 5874
5876 5875
5877 5876
5878 5877
5879 5878
5880 5879
5881 5880
5882 5881
5883 5882
5884 5883
5885 5884
5886 5885
5887 5886
5888 5887
5889 5888
5890 5889
5891 5890
5892 5891
5893 5892
5894 5893
5895 5894
5896 5895
5897 5896
5897 1064
5898 3095
5899 5898
5900 5899
5901 5900
5902 5901
5903 5902
5904 5903
5905 5904
5906 5905
5907 5906
5908 5907
5909 5908
5910 5909
5911 5910
5912 5911
5913 5912
5914 5913
5915 5914
5916 5915
5917 5916
5918 5917
5919 5918
5920 5919
5921 5920
5922 5921
5923 5922
5924 5923
5925 5924
5926 5925
5927 5926
5928 5927
5929 5928
5930 5929
5931 5930
5932 5931
5933 5932
5934 5933
5935 5934
5936 5935
5937 5936
5938 5937
5939 5938
5940 5939
5941 5940
5942 5941
5943 5942
5944 5943
5945 5944
5946 5945
5946 3095
5947 2676
5948 5947
5949 5948
5950 2676
5951 5948
5952 5948
5953 5950
5954 5949
5955 5949
5956 5954
5957 5956
5958 5955
5959 5947
5960 5956
5961 5947
5962 5953
5963 5948
5964 5962
5965 5953
5966 5951
5967 5953
5968 5962
5969 5963
5970 5968
5971 5968
5972 5954
5973 5962
5974 5959
5975 5971
5976 5948
5977 5947
5978 5957
5979 5951
5980 5951
5981 5951
5982 5956
5983 5961
5984 5950
5985 5950
5986 5967
5987 5951
5988 5963
5989 5966
5990 5975
5991 5979
5992 5955
5993 5969
5994 5968
5995 5988
5996 5971
5997 5979
5998 5957
5999 5993
6000 5953
6001 5962
6002 5960
6003 5999
6004 5998
6005 5995
6006 5952
6007 5949
6008 5990
6009 6004
6010 5977
6011 5959
6012 5977
6013 6008
6014 5995
6015 5984
6016 6010
6017 5984
6018 6003
6019 5963
6020 6009
6021 5986
6022 6017
6023 5963
6024 5963
6025 5947
6026 5977
6027 5983
6028 5990
6029 6016
6030 3440
6031 3440
6032 6030
6033 3440
6034 6033
6035 6032
6036 6034
6037 6034
6038 6030
6039 6038
6040 6037
6041 6038
6042 6041
6043 6040
6044 6038
6045 6044
6046 6030
6047 6039
6048 6040
6049 6045
6050 3440
6051 6049
6052 6045
6053 6037
6054 6042
6055 6047
6056 6055
6057 6051
6058 6052
6059 6058
6060 6039
6061 6044
6062 6043
6063 6047
6064 6059
6065 6057
6066 6041
6067 6048
6068 6038
6069 6060
6070 6037
6071 6065
6072 6071
6073 6043
6074 6057
6075 6038
6076 6059
6077 6061
6078 6062
6079 6058
6080 6072
6081 6046
6082 6039
6083 6049
6084 6066
6085 6032
6086 2163
6087 6086
6088 6087
6089 6088
6090 6089
6091 6090
6092 6091
6093 6092
6094 6093
6095 6094
6096 6095
6097 6096
6098 6097
6099 6098
6100 6099
6101 6100
6102 6101
6103 6102
6104 6103
6105 6104
6106 6105
6107 6106
6108 6107
6109 6108
6110 6109
6111 6110
6112 6111
6113 6112
6114 6113
6115 6114
6116 6115
6117 6116
6118 6117
6119 6118
6120 6119
6121 6120
6122 6121
6123 6122
6124 6123
6125 6124
6126 6125
6127 6126
6128 6127
6129 6128
6130 6129
6131 6130
6132 6131
6133 6132
6134 6133
6135 6134
6136 6135
6137 6136
6138 6137
6139 6138
6140 6139
6141 6140
6142 6141
6143 6142
6144 6143
6145 6144
6146 6145
6147 6146
6148 6147
6149 6148
6150 6149
6151 6150
6152 6151
6153 6152
6154 6153
6155 6154
6156 6155
6157 6156
6158 6157
6159 6158
6160 6159
6161 6160
6162 6161
6163 6162
6164 6163
6165 6164
6166 6165
6167 6166
6168 6167
6169 6168
6169 2163
6170 1748
6171 6170
6172 6171
6173 6172
6174 6173
6175 6174
6176 6175
6177 6176
6178 6177
6179 6178
6180 6179
6181 6180
6182 6181
6183 6182
6184 6183
6185 6184
6186 6185
6186 1748
6187 2629
6188 2629
6189 6187
6190 6189
6191 6187
6192 6189
6193 6191
6194 6188
6195 6194
6196 6191
6197 6187
6198 6190
6199 6198
6200 6191
6201 6196
6202 6199
6203 6199
6204 6198
6205 6191
6206 2629
6207 6191
6208 6207
6209 2629
6210 6206
6211 2629
6212 6193
6213 6209
6214 6194
6215 6204
6216 6191
6217 6214
6218 6202
6219 6215
6220 6207
6221 6220
6222 6204
6223 6205
6224 6211
6225 6213
6226 6212
6227 6220
6228 6216
6229 6217
6230 4454
6231 4454
6232 6230
6233 6232
6234 6231
6235 6231
6236 6230
6237 6236
6238 6236
6239 6232
6240 4454
6241 6233
6242 6231
6243 4454
6244 6241
6245 6244
6246 4454
6247 4602
6248 6247
6249 6248
6250 6249
6251 6250
6252 6251
6253 6252
6254 6253
6255 6254
6256 6255
6257 6256
6258 6257
6259 6258
6260 6259
6261 6260
6262 6261
6263 6262
6264 6263
6265 6264
6266 6265
6267 6266
6268 6267
6269 6268
6270 6269
6271 6270
6272 6271
6273 6272
6274 6273
6275 6274
6276 6275
6277 6276
6278 6277
6279 6278
6280 6279
6281 6280
6282 6281
6283 6282
6284 6283
6285 6284
6286 6285
6287 6286
6288 6287
6289 6288
6290 6289
6290 4602
6291 2313
6292 6291
6293 6292
6294 6293
6295 6294
6296 6295
6297 6296
6298 6297
6299 6298
6300 6299
6301 6300
6302 6301
6303 6302
6304 6303
6305 6304
6306 6305
6307 6306
6308 6307
6309 6308
6310 6309
6311 6310
6312 6311
6312 2313
6313 496
6314 6313
6315 6314
6316 6315
6317 6316
6318 6317
6319 6318
6320 6319
6321 6320
6322 6321
6323 6322
6324 6323
6325 6324
6326 6325
6327 6326
6328 6327
6329 6328
6330 6329
6331 6330
6332 6331
6333 6332
6334 6333
6335 6334
6336 6335
6337 6336
6338 6337
6339 6338
6340 6339
6341 6340
6342 6341
6343 6342
6344 6343
6345 6344
6346 6345
6347 6346
6348 6347
6349 6348
6350 6349
6351 6350
6352 6351
6353 6352
6354 6353
6355 6354
6356 6355
6357 6356
6358 6357
6359 6358
6360 6359
6361 6360
6362 6361
6363 6362
6364 6363
6365 6364
6366 6365
6367 6366
6368 6367
6369 6368
6370 6369
6371 6370
6372 6371
6373 6372
6374 6373
6375 6374
6376 6375
6377 6376
6378 6377
6379 6378
6380 6379
6381 6380
6381 496
6382 774
6383 6382
6384 6383
6385 6384
6386 6385
6387 6386
6388 6387
6389 6388
6390 6389
6391 6390
6392 6391
6393 6392
6394 6393
6395 6394
6396 6395
6397 6396
6398 6397
6399 6398
6400 6399
6401 6400
6402 6401
6403 6402
6404 6403
6405 6404
6406 6405
6407 6406
6408 6407
6409 6408
6410 6409
6411 6410
6412 6411
6413 6412
6414 6413
6415 6414
6416 6415
6417 6416
6418 6417
6419 6418
6420 6419
6421 6420
6422 6421
6423 6422
6424 6423
6425 6424
6426 6425
6427 6426
6428 6427
6429 6428
6430 6429
6431 6430
6432 6431
6433 6432
6434 6433
6435 6434
6436 6435
6437 6436
6438 6437
6439 6438
6440 6439
6441 6440
6442 6441
6443 6442
6443 774
6444 2223
6445 6444
6446 6444
6447 2223
6448 6446
6449 6446
6450 6448
6451 6446
6452 2223
6453 2223
6454 6448
6455 6449
6456 6446
6457 6447
6458 6451
6459 6451
6460 6453
6461 2223
6462 2223
6463 2223
6464 6462
6465 6446
6466 6452
6467 6456
6468 6447
6469 6452
6470 6445
6471 6450
6472 6471
6473 6470
6474 6454
6475 6470
6476 5611
6477 6476
6478 6477
6479 6478
6480 6479
6481 6480
6482 6481
6483 6482
6484 6483
6485 6484
6486 6485
6487 6486
6488 6487
6489 6488
6490 6489
6491 6490
6492 6491
6493 6492
6494 6493
6495 6494
6496 6495
6497 6496
6498 6497
6499 6498
6500 6499
6501 6500
6502 6501
6503 6502
6504 6503
6505 6504
6506 6505
6507 6506
6508 6507
6509 6508
6510 6509
6511 6510
6511 5611
6512 118
6513 6512
6514 6513
6515 6514
6516 6515
6517 6516
6518 6517
6519 6518
6520 6519
6521 6520
6522 6521
6523 6522
6524 6523
6525 6524
6526 6525
6527 6526
6528 6527
6529 6528
6530 6529
6531 6530
6532 6531
6533 6532
6534 6533
6535 6534
6535 118
6536 4280
6537 6536
6538 6537
6539 6538
6540 6539
6541 6540
6542 6541
6543 6542
6544 6543
6545 6544
6546 6545
6547 6546
6548 6547
6549 6548
6550 6549
6551 6550
6552 6551
6553 6552
6554 6553
6555 6554
6556 6555
6557 6556
6558 6557
6559 6558
6560 6559
6561 6560
6562 6561
6563 6562
6564 6563
6565 6564
6566 6565
6567 6566
6568 6567
6569 6568
6570 6569
6571 6570
6572 6571
6573 6572
6574 6573
6575 6574
6576 6575
6577 6576
6578 6577
6579 6578
6580 6579
6581 6580
6582 6581
6583 6582
6584 6583
6585 6584
6586 6585
6587 6586
6588 6587
6589 6588
6590 6589
6591 6590
6592 6591
6593 6592
6594 6593
6595 6594
6596 6595
6597 6596
6598 6597
6599 6598
6600 6599
6601 6600
6602 6601
6603 6602
6604 6603
6604 4280
6605 4364
6606 4364
6607 6605
6608 4364
6609 6605
6610 6605
6611 6606
6612 6610
6613 6608
6614 6611
6615 6613
6616 6612
6617 6606
6618 6611
6619 6617
6620 6609
6621 6613
6622 6608
6623 6610
6624 6608
6625 6611
6626 6622
6627 6614
6628 6609
6629 6621
6630 6608
6631 6620
6632 6609
6633 6628
6634 6614
6635 6626
6636 6626
6637 6614
6638 6621
6639 6622
6640 6629
6641 6640
6642 6609
6643 6608
6644 6639
6645 6615
6646 6630
6647 6612
6648 6628
6649 6632
6650 6635
6651 6617
6652 6607
6653 6646
6654 6653
6655 6637
6656 6647
6657 6654
6658 6650
6659 5374
6660 6659
6661 6660
6662 6661
6663 6662
6664 6663
6665 6664
6666 6665
6667 6666
6668 6667
6669 6668
6670 6669
6671 6670
6672 6671
6673 6672
6674 6673
6675 6674
6676 6675
6677 6676
6678 6677
6679 6678
6680 6679
6681 6680
6682 6681
6683 6682
6684 6683
6685 6684
6686 6685
6687 6686
6688 6687
6689 6688
6690 6689
6691 6690
6692 6691
6693 6692
6694 6693
6695 6694
6696 6695
6697 6696
6698 6697
6699 6698
6700 6699
6701 6700
6702 6701
6703 6702
6704 6703
6705 6704
6706 6705
6707 6706
6708 6707
6709 6708
6710 6709
6711 6710
6712 6711
6713 6712
6714 6713
6715 6714
6716 6715
6717 6716
6718 6717
6719 6718
6720 6719
6721 6720
6722 6721
6723 6722
6724 6723
6725 6724
6726 6725
6727 6726
6728 6727
6729 6728
6730 6729
6731 6730
6732 6731
6733 6732
6734 6733
6735 6734
6735 5374
6736 629
6737 6736
6738 6737
6739 6738
6740 6739
6741 6740
6742 6741
6743 6742
6744 6743
6745 6744
6746 6745
6747 6746
6748 6747
6749 6748
6750 6749
6751 6750
6752 6751
6753 6752
6754 6753
6755 6754
6756 6755
6757 6756
6758 6757
6759 6758
6760 6759
6761 6760
6762 6761
6763 6762
6764 6763
6765 6764
6766 6765
6767 6766
6768 6767
6769 6768
6770 6769
6771 6770
6772 6771
6773 6772
6774 6773
6775 6774
6776 6775
6777 6776
6778 6777
6779 6778
6780 6779
6781 6780
6782 6781
6783 6782
6784 6783
6785 6784
6786 6785
6787 6786
6788 6787
6789 6788
6790 6789
6791 6790
6792 6791
6793 6792
6794 6793
6795 6794
6796 6795
6797 6796
6798 6797
6799 6798
6800 6799
6801 6800
6801 629
6802 6287
6803 6802
6803 6287
6804 39
6805 6804
6806 6805
6807 6806
6808 6807
6809 6808
6810 6809
6810 39
6811 343
6812 6811
6813 6812
6814 6813
6815 6814
6816 6815
6817 6816
6818 6817
6819 6818
6820 6819
6821 6820
6822 6821
6823 6822
6824 6823
6825 6824
6826 6825
6827 6826
6828 6827
6829 6828
6830 6829
6831 6830
6832 6831
6833 6832
6834 6833
6835 6834
6836 6835
6837 6836
6838 6837
6839 6838
6840 6839
6841 6840
6842 6841
6843 6842
6844 6843
6845 6844
6846 6845
6847 6846
6848 6847
6849 6848
6850 6849
6851 6850
6852 6851
6853 6852
6854 6853
6855 6854
6856 6855
6857 6856
6858 6857
6859 6858
6860 6859
6861 6860
6862 6861
6863 6862
6864 6863
6865 6864
6866 6865
6867 6866
6868 6867
6869 6868
6870 6869
6871 6870
6872 6871
6873 6872
6874 6873
6875 6874
6876 6875
6877 6876
6878 6877
6879 6878
6880 6879
6881 6880
6882 6881
6883 6882
6884 6883
6885 6884
6886 6885
6887 6886
6888 6887
6889 6888
6890 6889
6891 6890
6892 6891
6893 6892
6894 6893
6895 6894
6896 6895
6897 6896
6898 6897
6899 6898
6900 6899
6901 6900
6902 6901
6903 6902
6904 6903
6905 6904
6906 6905
6907 6906
6908 6907
6908 343
6909 4629
6910 6909
6911 6910
6912 6911
6913 6912
6914 6913
6915 6914
6916 6915
6917 6916
6918 6917
6919 6918
6920 6919
6921 6920
6922 6921
6923 6922
6924 6923
6925 6924
6926 6925
6927 6926
6928 6927
6929 6928
6930 6929
6931 6930
6932 6931
6933 6932
6934 6933
6934 4629
6935 2950
6936 2950
6937 2950
6938 2950
6939 6936
6940 6938
6941 6939
6942 6939
6943 6936
6944 6943
6945 6942
6946 6935
6947 6939
6948 6938
6949 6946
6950 6944
6951 6937
6952 6935
6953 2950
6954 6947
6955 6945
6956 6943
6957 6956
6958 6948
6959 6947
6960 6953
6961 6945
6962 6940
6963 6938
6964 6955
6965 6940
6966 6954
6967 6956
6968 6944
6969 6950
6970 6947
6971 6955
6972 6944
6973 6946
6974 6969
6975 6966
6976 6956
6977 6973
6978 6968
6979 6971
6980 6944
6981 2950
6982 6956
6983 6937
6984 6961
6985 4867
6986 6985
6987 6986
6988 6987
6989 6988
6989 4867
6990 3857
6991 3857
6992 6990
6993 3857
6994 6990
6995 3857
6996 6992
6997 6995
6998 6993
6999 3857
7000 6992
7001 7000
7002 6992
7003 6999
7004 6992
7005 6997
7006 7003
7007 6995
7008 7000
7009 3857
7010 7008
7011 6995
7012 7002
7013 6990
7014 7013
7015 6998
7016 7013
7017 2601
7018 7017
7019 7018
7020 7019
7021 7020
7022 7021
7023 7022
7024 7023
7025 7024
7026 7025
7027 7026
7028 7027
7029 7028
7030 7029
7031 7030
7032 7031
7033 7032
7034 7033
7035 7034
7036 7035
7037 7036
7038 7037
7039 7038
7040 7039
7041 7040
7041 2601
7042 2788
7043 2788
7044 2788
7045 7042
7046 7045
7047 7042
7048 7047
7049 7048
7050 7044
7051 7049
7052 7050
7053 7044
7054 7048
7055 7044
7056 7043
7057 7046
7058 7047
7059 2788
7060 7046
7061 7049
7062 7043
7063 7044
7064 7050
7065 7043
7066 7054
7067 7045
7068 7064
7069 7068
7070 7055
7071 7057
7072 7071
7073 7072
7074 7073
7075 7072
7076 7050
7077 7056
7078 7060
7079 6952
7080 7079
7081 7080
7082 7081
7083 7082
7084 7083
7085 7084
7086 7085
7087 7086
7088 7087
7089 7088
7090 7089
7091 7090
7091 6952
7092 4306
7093 7092
7094 7093
7095 7094
7096 7095
7097 7096
7098 7097
7099 7098
7100 7099
7101 7100
7102 7101
7103 7102
7104 7103
7105 7104
7106 7105
7107 7106
7108 7107
7109 7108
7110 7109
7111 7110
7112 7111
7113 7112
7114 7113
7115 7114
7116 7115
7117 7116
7118 7117
7119 7118
7120 7119
7121 7120
7122 7121
7123 7122
7124 7123
7125 7124
7126 7125
7127 7126
7128 7127
7129 7128
7130 7129
7131 7130
7132 7131
7133 7132
7134 7133
7135 7134
7136 7135
7137 7136
7138 7137
7139 7138
7140 7139
7141 7140
7142 7141
7143 7142
7144 7143
7145 7144
7146 7145
7147 7146
7148 7147
7149 7148
7150 7149
7151 7150
7152 7151
7153 7152
7154 7153
7155 7154
7156 7155
7157 7156
7158 7157
7159 7158
7160 7159
7161 7160
7162 7161
7162 4306
7163 2215
7164 2215
7165 7163
7166 2215
7167 7166
7168 2215
7169 7168
7170 7164
7171 7164
7172 7168
7173 7163
7174 7172
7175 7172
7176 7169
7177 7169
7178 7173
7179 7172
7180 7176
7181 7174
7182 7174
7183 7177
7184 2215
7185 7164
7186 2215
7187 7181
7188 7171
7189 7187
7190 7184
7191 7177
7192 7174
7193 7178
7194 7179
7195 7174
7196 7163
7197 7164
7198 7170
7199 7189
7200 7164
7201 7196
7202 7185
7203 7171
7204 7203
7205 7194
7206 7163
7207 7178
7208 7186
7209 7168
7210 7206
7211 7187
7212 7166
7213 7188
7214 7167
7215 7188
7216 7185
7217 7165
7218 7203
7219 7210
7220 7166
7221 2215
7222 1364
7223 7222
7224 7223
7225 7224
7226 7225
7227 7226
7228 7227
7229 7228
7230 7229
7231 7230
7232 7231
7233 7232
7234 7233
7235 7234
7236 7235
7237 7236
7238 7237
7239 7238
7240 7239
7241 7240
7242 7241
7243 7242
7244 7243
7245 7244
7246 7245
7247 7246
7248 7247
7249 7248
7250 7249
7251 7250
7252 7251
7253 7252
7254 7253
7255 7254
7256 7255
7257 7256
7258 7257
7259 7258
7260 7259
7261 7260
7262 7261
7263 7262
7264 7263
7265 7264
7266 7265
7267 7266
7268 7267
7269 7268
7270 7269
7271 7270
7272 7271
7273 7272
7274 7273
7275 7274
7276 7275
7277 7276
7278 7277
7279 7278
7280 7279
7281 7280
7282 7281
7283 7282
7284 7283
7285 7284
7286 7285
7287 7286
7288 7287
7289 7288
7290 7289
7290 1364
7291 5799
7292 7291
7293 7292
7294 7293
7295 7294
7296 7295
7297 7296
7298 7297
7299 7298
7300 7299
7301 7300
7302 7301
7303 7302
7304 7303
7305 7304
7306 7305
7307 7306
7308 7307
7309 7308
7310 7309
7311 7310
7312 7311
7313 7312
7314 7313
7315 7314
7316 7315
7317 7316
7318 7317
7319 7318
7320 7319
7321 7320
7322 7321
7323 7322
7324 7323
7325 7324
7326 7325
7327 7326
7328 7327
7329 7328
7330 7329
7331 7330
7332 7331
7333 7332
7334 7333
7335 7334
7336 7335
7337 7336
7338 7337
7339 7338
7340 7339
7341 7340
7342 7341
7343 7342
7344 7343
7344 5799
7345 1918
7346 1918
7347 1918
7348 7347
7349 7345
7350 7345
7351 7346
7352 7348
7353 7352
7354 7345
7355 7350
7356 1918
7357 7354
7358 1918
7359 7352
7360 7357
7361 266
7362 7361
7363 7362
7364 7363
7365 7363
7366 7361
7367 7362
7368 266
7369 7363
7370 7363
7371 7367
7372 7361
7373 7367
7374 266
7375 7363
7376 7374
7377 7361
7378 266
7379 7375
7380 7367
7381 7368
7382 7381
7383 7362
7384 7365
7385 7382
7386 7373
7387 7381
7388 7379
7389 7377
7390 7370
7391 7390
7392 7381
7393 7378
7394 266
7395 7391
7396 7365
7397 7387
7398 7365
7399 7381
7400 7393
7401 7365
7402 7364
7403 2880
7404 7403
7405 7404
7406 7405
7407 7406
7408 7407
7409 7408
7410 7409
7411 7410
7412 7411
7413 7412
7414 7413
7415 7414
7416 7415
7417 7416
7418 7417
7419 7418
7420 7419
7421 7420
7422 7421
7423 7422
7424 7423
7425 7424
7426 7425
7427 7426
7428 7427
7429 7428
7430 7429
7431 7430
7432 7431
7433 7432
7434 7433
7435 7434
7436 7435
7437 7436
7438 7437
7439 7438
7440 7439
7441 7440
7442 7441
7443 7442
7444 7443
7445 7444
7446 7445
7447 7446
7448 7447
7449 7448
7450 7449
7451 7450
7452 7451
7453 7452
7454 7453
7455 7454
7456 7455
7457 7456
7458 7457
7459 7458
7460 7459
7461 7460
7462 7461
7463 7462
7464 7463
7465 7464
7466 7465
7467 7466
7468 7467
7469 7468
7470 7469
7471 7470
7472 7471
7473 7472
7474 7473
7475 7474
7476 7475
7477 7476
7478 7477
7479 7478
7480 7479
7481 7480
7481 2880
7482 3845
7483 3845
7484 3845
7485 7482
7486 3845
7487 7485
7488 7486
7489 7482
7490 7487
7491 7489
7492 7482
7493 7490
7494 7489
7495 7489
7496 7494
7497 3845
7498 7491
7499 7498
7500 7483
7501 3845
7502 7499
7503 7496
7504 7498
7505 7495
7506 7489
7507 7490
7508 7483
7509 7498
7510 7485
7511 7505
7512 7494
7513 7484
7514 5514
7515 7514
7516 7514
7517 7516
7518 7515
7519 7514
7520 7515
7521 7514
7522 7518
7523 7514
7524 7519
7525 7519
7526 7517
7527 7518
7528 7526
7529 7519
7530 7523
7531 7527
7532 7520
7533 7529
7534 7519
7535 7517
7536 7520
7537 7535
7538 7533
7539 7536
7540 7526
7541 7521
7542 7518
7543 7519
7544 7523
7545 7539
7546 7526
7547 7520
7548 7529
7549 7531
7550 7530
7551 7537
7552 7521
7553 7516
7554 7526
7555 7537
7556 7541
7557 7534
7558 5514
7559 7532
7560 7546
7561 7531
7562 7518
7563 7537
7564 7558
7565 7527
7566 7520
7567 7554
7568 7560
7569 7537
7570 7526
7571 7553
7572 7535
7573 7516
7574 7522
7575 5514
7576 7536
7577 7519
7578 7556
7579 7518
7580 7574
7581 7557
7582 7526
7583 7554
7584 7568
7585 7574
7586 7584
7587 7521
7588 7526
7589 7544
7590 7576
7591 7558
7592 7577
7593 7575
7594 7535
7595 5514
7596 7518
7597 7526
7598 7542
7599 7527
7600 7534
7601 4499
7602 4499
7603 7602
7604 7602
7605 7604
7606 7605
7607 7605
7608 7602
7609 7603
7610 7608
7611 4499
7612 7607
7613 7605
7614 7608
7615 7605
7616 7607
7617 7604
7618 7615
7619 7612
7620 7610
7621 7616
7622 7605
7623 7620
7624 7610
7625 6788
7626 7625
7627 7626
7628 7627
7629 7628
7630 7629
7631 7630
7632 7631
7633 7632
7634 7633
7635 7634
7636 7635
7637 7636
7638 7637
7639 7638
7640 7639
7641 7640
7642 7641
7643 7642
7644 7643
7645 7644
7646 7645
7647 7646
7648 7647
7649 7648
7650 7649
7651 7650
7652 7651
7653 7652
7654 7653
7655 7654
7656 7655
7657 7656
7658 7657
7659 7658
7660 7659
7661 7660
7662 7661
7663 7662
7664 7663
7665 7664
7665 6788
7666 3129
7667 7666
7668 7667
7669 7668
7670 7669
7671 7670
7672 7671
7673 7672
7674 7673
7675 7674
7676 7675
7676 3129
7677 1664
7678 7677
7679 7678
7680 7678
7681 7679
7682 7677
7683 7677
7684 7682
7685 7679
7686 7680
7687 7682
7688 7678
7689 7687
7690 7685
7691 7686
7692 7682
7693 7685
7694 7683
7695 7690
7696 7677
7697 7690
7698 7682
7699 7692
7700 7698
7701 7687
7702 7685
7703 7702
7704 7682
7705 7681
7706 1664
7707 7693
7708 7684
7709 7689
7710 7693
7711 7688
7712 7698
7713 7694
7714 7695
7715 7683
7716 7689
7717 7678
7718 7701
7719 7709
7720 7709
7721 7700
7722 7699
7723 7697
7724 7714
7725 7688
7726 7718
7727 7678
7728 7712
7729 7694
7730 7712
7731 7714
7732 7728
7733 7713
7734 7691
7735 7677
7736 7729
7737 7724
7738 7693
7739 7721
7740 7732
7741 1664
7742 1664
7743 7688
7744 1664
7745 7699
7746 7728
7747 7739
7748 7735
7749 7687
7750 7694
7751 7705
7752 7702
7753 7706
7754 7695
7755 7686
7756 7745
7757 7755
7758 7686
7759 7736
7760 3309
7761 7760
7762 3309
7763 7760
7764 7760
7765 7760
7766 7763
7767 7765
7768 7761
7769 7767
7770 7760
7771 7769
7772 7769
7773 7772
7774 7760
7775 7771
7776 7765
7777 7763
7778 7776
7779 7777
7780 5444
7781 7780
7782 7780
7783 7781
7784 7783
7785 5444
7786 7782
7787 7780
7788 7785
7789 7783
7790 7784
7791 7786
7792 7781
7793 7790
7794 7793
7795 7787
7796 7789
7797 7795
7798 7790
7799 7786
7800 7797
7801 7784
7802 7794
7803 7789
7804 7785
7805 7787
7806 7787
7807 7792
7808 7804
7809 7801
7810 7806
7811 7794
7812 7780
7813 7793
7814 7781
7815 7786
7816 7810
7817 5444
7818 7783
7819 7788
7820 7808
7821 7820
7822 7789
7823 7794
7824 7807
7825 7793
7826 7783
7827 7803
7828 7827
7829 7785
7830 7804
7831 7799
7832 7818
7833 7792
7834 7804
7835 7817
7836 7806
7837 7826
7838 7811
7839 7808
7840 7788
7841 7786
7842 7798
7843 7838
7844 7843
7845 827
7846 7845
7847 827
7848 7847
7849 7848
7850 7847
7851 7847
7852 1588
7853 7852
7854 7852
7855 7854
7856 7855
7857 7854
7858 7856
7859 1588
7860 7854
7861 7857
7862 7859
7863 7860
7864 7856
7865 7853
7866 7860
7867 7863
7868 7859
7869 7868
7870 7862
7871 7857
7872 7860
7873 7859
7874 7873
7875 1588
7876 7859
7877 7856
7878 7857
7879 7875
7880 7864
7881 7867
7882 7867
7883 7880
7884 7882
7885 7856
7886 7872
7887 7853
7888 7883
7889 7880
7890 7852
7891 7871
7892 7885
7893 7875
7894 7893
7895 7874
7896 7865
7897 7866
7898 7862
7899 7888
7900 7878
7901 7884
7902 7899
7903 7875
7904 7902
7905 7864
7906 7902
7907 7878
7908 7861
7909 7880
7910 7854
7911 7879
7912 7882
7913 7908
7914 7865
7915 7912
7916 7877
7917 7870
7918 7907
7919 7865
7920 4748
7921 7920
7922 7920
7923 7922
7924 7923
7925 7923
7926 7924
7927 7921
7928 7922
7929 7928
7930 7927
7931 7930
7932 7928
7933 7925
7934 7929
7935 7933
7936 7929
7937 7930
7938 7930
7939 7922
7940 7936
7941 7934
7942 7940
7943 7920
7944 7931
7945 7941
7946 7932
7947 7938
7948 7935
7949 4793
7950 4793
7951 7949
7952 7951
7953 4793
7954 7949
7955 4793
7956 4793
7957 7955
7958 7953
7959 7954
7960 4793
7961 7959
7962 7961
7963 7956
7964 7962
7965 7952
7966 7965
7967 7961
7968 7962
7969 7966
7970 7968
7971 7949
7972 7949
7973 7952
7974 7966
7975 7958
7976 7962
7977 7975
7978 7960
7979 7954
7980 7950
7981 7964
7982 4793
7983 7957
7984 7953
7985 7970
7986 7967
7987 7968
7988 7951
7989 7956
7990 7969
7991 7975
7992 7965
7993 7985
7994 7967
7995 7990
7996 7985
7997 7980
7998 7960
7999 7974
8000 7957
8001 7972
8002 7954
8003 7974
8004 7949
8005 7952
8006 7969
8007 7956
8008 8004
8009 7987
8010 7975
8011 7983
8012 7963
8013 8007
8014 7967
8015 7966
8016 7974
8017 8005
8018 7962
8019 7994
8020 7949
8021 7993
8022 8019
8023 7968
8024 7960
8025 7982
8026 7949
8027 7997
8028 8003
8029 7971
8030 7987
8031 7991
8032 8031
8033 7993
8034 8014
8035 7983
8036 7983
8037 8015
8038 4471
8039 4471
8040 8038
8041 8038
8042 8040
8043 4471
8044 8043
8045 8038
8046 8043
8047 8039
8048 8042
8049 8038
8050 8045
8051 8041
8052 8039
8053 8042
8054 8038
8055 8046
8056 8041
8057 8045
8058 4471
8059 8058
8060 8048
8061 8052
8062 8061
8063 8043
8064 8054
8065 8039
8066 8062
8067 4471
8068 8043
8069 8046
8070 8041
8071 8063
8072 8043
8073 8061
8074 8043
8075 8056
8076 8055
8077 8065
8078 8071
8079 8062
8080 8077
8081 8069
8082 8042
8083 8061
8084 8065
8085 8038
8086 8045
8087 8061
8088 8044
8089 8079
8090 8038
8091 8090
8092 8048
8093 8054
8094 8044
8095 8081
8096 8093
8097 8057
8098 8094
8099 8045
8100 8099
8101 8074
8102 8061
8103 8066
8104 8081
8105 8087
8106 8058
8107 8091
8108 8106
8109 8042
8110 8098
8111 8085
8112 8041
8113 8054
8114 8082
8115 8067
8116 8071
8117 8049
8118 8111
8119 8111
8120 8110
8121 8104
8122 8084
8123 8117
8124 8039
8125 8038
8126 8107
8127 8114
8128 8117
8129 8101
8130 8059
8131 8060
8132 2257
8133 8132
8134 8132
8135 2257
8136 2257
8137 8135
8138 2257
8139 8132
8140 8135
8141 8136
8142 8137
8143 8134
8144 8137
8145 8137
8146 8143
8147 8142
8148 8141
8149 8137
8150 8144
8151 8136
8152 8134
8153 8152
8154 8147
8155 8134
8156 8139
8157 8148
8158 8139
8159 8138
8160 8141
8161 8132
8162 8137
8163 8151
8164 8158
8165 2257
8166 1580
8167 1580
8168 8166
8169 1580
8170 8166
8171 8168
8172 8166
8173 8170
8174 8168
8175 8170
8176 8175
8177 8173
8178 8172
8179 8171
8180 8169
8181 8169
8182 8179
8183 1580
8184 1580
8185 8174
8186 8181
8187 8184
8188 8181
8189 8177
8190 8173
8191 8183
8192 8185
8193 1580
8194 8189
8195 8188
8196 8174
8197 8195
8198 8197
8199 8188
8200 8169
8201 8191
8202 8181
8203 8179
8204 8188
8205 8192
8206 8181
8207 8166
8208 8181
8209 8184
8210 8188
8211 8179
8212 8194
8213 8170
8214 8185
8215 8209
8216 8210
8217 6266
8218 6266
8219 6266
8220 8219
8221 8220
8222 6266
8223 8221
8224 6266
8225 8220
8226 8218
8227 6266
8228 8224
8229 8219
8230 8220
8231 6266
8232 8222
8233 8223
8234 8223
8235 8231
8236 8231
8237 8236
8238 8236
8239 8231
8240 8236
8241 8237
8242 8233
8243 8238
8244 8223
8245 8243
8246 8242
8247 8238
8248 8234
8249 8236
8250 8235
8251 8234
8252 8248
8253 8223
8254 8233
8255 8223
8256 8226
8257 8242
8258 8220
8259 8233
8260 8252
8261 8249
8262 2306
8263 8262
8264 8262
8265 8262
8266 8262
8267 2306
8268 8266
8269 8263
8270 8269
8271 8264
8272 8263
8273 8268
8274 8262
8275 8269
8276 8271
8277 8263
8278 8267
8279 8277
8280 8275
8281 8269
8282 8275
8283 2306
8284 8268
8285 8282
8286 8267
8287 8285
8288 4319
8289 4319
8290 8289
8291 8289
8292 8289
8293 8290
8294 8293
8295 8294
8296 8289
8297 8289
8298 8296
8299 8297
8300 8288
8301 8288
8302 8288
8303 4319
8304 8290
8305 8288
8306 8299
8307 8300
8308 8292
8309 8295
8310 8289
8311 8307
8312 8302
8313 8300
8314 8289
8315 8311
8316 8290
8317 8289
8318 8300
8319 8307
8320 8311
8321 8303
8322 8293
8323 8307
8324 8295
8325 8309
8326 8309
8327 8321
8328 8292
8329 1021
8330 1021
8331 1021
8332 8329
8333 8329
8334 8332
8335 8332
8336 8331
8337 8332
8338 1021
8339 8335
8340 8334
8341 8330
8342 8339
8343 8340
8344 8329
8345 8331
8346 8330
8347 8340
8348 8331
8349 8343
8350 8342
8351 8338
8352 8344
8353 8344
8354 8345
8355 7007
8356 7007
8357 8356
8358 7007
8359 8356
8360 8355
8361 8357
8362 8356
8363 8361
8364 7007
8365 8364
8366 8365
8367 8358
8368 8359
8369 8358
8370 8358
8371 8358
8372 8359
8373 8358
8374 8355
8375 7007
8376 7007
8377 8362
8378 8368
8379 8378
8380 8379
8381 8355
8382 8368
8383 8364
8384 8359
8385 8359
8386 8378
8387 8380
8388 8362
8389 8358
8390 8383
8391 8368
8392 8356
8393 8383
8394 8381
8395 8359
8396 8388
8397 8371
8398 8392
8399 8380
8400 8361
8401 8396
8402 8387
8403 8358
8404 8361
8405 8396
8406 8391
8407 8385
8408 8389
8409 8402
8410 8405
8411 8387
8412 8372
8413 8371
8414 8378
8415 8405
8416 8371
8417 8360
8418 8410
8419 8402
8420 8390
8421 8356
8422 8415
8423 8396
8424 8362
8425 8357
8426 8365
8427 8382
8428 8361
8429 8403
8430 8429
8431 8375
8432 8419
8433 8404
8434 8391
8435 8374
8436 8394
8437 8428
8438 8426
8439 8386
8440 8403
8441 8358
8442 8440
8443 8395
8444 8422
8445 8442
8446 8431
8447 8431
8448 8392
8449 8357
8450 36
8451 8450
8452 8451
8453 8452
8454 8453
8455 8454
8456 8455
8457 8456
8458 8457
8459 8458
8460 8459
8461 8460
8462 8461
8463 8462
8464 8463
8465 8464
8466 8465
8467 8466
8468 8467
8469 8468
8470 8469
8471 8470
8472 8471
8473 8472
8474 8473
8475 8474
8476 8475
8477 8476
8478 8477
8479 8478
8480 8479
8481 8480
8482 8481
8483 8482
8484 8483
8485 8484
8486 8485
8487 8486
8488 8487
8489 8488
8490 8489
8491 8490
8492 8491
8493 8492
8494 8493
8495 8494
8496 8495
8497 8496
8498 8497
8499 8498
8500 8499
8501 8500
8502 8501
8503 8502
8504 8503
8505 8504
8506 8505
8506 36
8507 5176
8508 8507
8509 8508
8510 8509
8511 8510
8512 8511
8513 8512
8514 8513
8515 8514
8516 8515
8517 8516
8518 8517
8519 8518
8520 8519
8521 8520
8522 8521
8523 8522
8524 8523
8525 8524
8526 8525
8527 8526
8528 8527
8529 8528
8530 8529
8531 8530
8532 8531
8533 8532
8534 8533
8535 8534
8536 8535
8537 8536
8538 8537
8539 8538
8540 8539
8541 8540
8542 8541
8543 8542
8544 8543
8545 8544
8546 8545
8547 8546
8548 8547
8549 8548
8550 8549
8551 8550
8552 8551
8553 8552
8554 8553
8555 8554
8556 8555
8557 8556
8558 8557
8559 8558
8560 8559
8561 8560
8562 8561
8563 8562
8564 8563
8565 8564
8566 8565
8567 8566
8568 8567
8569 8568
8570 8569
8571 8570
8572 8571
8573 8572
8574 8573
8575 8574
8576 8575
8577 8576
8578 8577
8579 8578
8580 8579
8581 8580
8582 8581
8583 8582
8584 8583
8585 8584
8586 8585
8587 8586
8588 8587
8589 8588
8590 8589
8591 8590
8592 8591
8593 8592
8594 8593
8595 8594
8596 8595
8597 8596
8598 8597
8599 8598
8600 8599
8601 8600
8602 8601
8603 8602
8604 8603
8605 8604
8605 5176
8606 201
8607 8606
8608 8607
8609 8608
8610 8609
8611 8610
8612 8611
8613 8612
8614 8613
8615 8614
8616 8615
8617 8616
8618 8617
8619 8618
8620 8619
8621 8620
8622 8621
8623 8622
8624 8623
8625 8624
8626 8625
8627 8626
8627 201
8628 6112
8629 8628
8630 8629
8631 8630
8632 8631
8633 8632
8633 6112
8634 6381
8635 8634
8636 8635
8637 8636
8638 8637
8639 8638
8640 8639
8641 8640
8642 8641
8643 8642
8644 8643
8645 8644
8646 8645
8647 8646
8648 8647
8649 8648
8650 8649
8651 8650
8652 8651
8653 8652
8654 8653
8655 8654
8656 8655
8657 8656
8658 8657
8659 8658
8660 8659
8661 8660
8662 8661
8663 8662
8664 8663
8665 8664
8666 8665
8667 8666
8668 8667
8669 8668
8670 8669
8671 8670
8672 8671
8673 8672
8674 8673
8675 8674
8676 8675
8677 8676
8678 8677
8679 8678
8680 8679
8680 6381
8681 7720
8682 8681
8683 8682
8684 8683
8685 8684
8686 8685
8687 8686
8688 8687
8689 8688
8690 8689
8691 8690
8692 8691
8693 8692
8694 8693
8695 8694
8696 8695
8697 8696
8698 8697
8699 8698
8700 8699
8701 8700
8702 8701
8703 8702
8704 8703
8705 8704
8706 8705
8707 8706
8708 8707
8709 8708
8710 8709
8711 8710
8712 8711
8713 8712
8714 8713
8715 8714
8716 8715
8717 8716
8718 8717
8719 8718
8720 8719
8721 8720
8722 8721
8723 8722
8724 8723
8725 8724
8726 8725
8727 8726
8728 8727
8729 8728
8730 8729
8731 8730
8732 8731
8733 8732
8734 8733
8735 8734
8736 8735
8737 8736
8738 8737
8738 7720
8739 7649
8740 7649
8741 8740
8742 8739
8743 8740
8744 8740
8745 8743
8746 8739
8747 8741
8748 8745
8749 8747
8750 8742
8751 8741
8752 8745
8753 8740
8754 8750
8755 8742
8756 8751
8757 8740
8758 7649
8759 7649
8760 8741
8761 8760
8762 8743
8763 8748
8764 8758
8765 8762
8766 8740
8767 8766
8768 8743
8769 8760
8770 7650
8771 7650
8772 7650
8773 7650
8774 7650
8775 8773
8776 8770
8777 8775
8778 8775
8779 8778
8780 8771
8781 8776
8782 8772
8783 8779
8784 8780
8785 7650
8786 8777
8787 8782
8788 8776
8789 8777
8790 8775
8791 8787
8792 8788
8793 8772
8794 8772
8795 8790
8796 8778
8797 8792
8798 8783
8799 8784
8800 8772
8801 8779
8802 8772
8803 8782
8804 8782
8805 8775
8806 8782
8807 8783
8808 8799
8809 8806
8810 468
8811 468
8812 8811
8813 8812
8814 8812
8815 8811
8816 8810
8817 8816
8818 8817
8819 8818
8820 8810
8821 8810
8822 8821
8823 8822
8824 8811
8825 8823
8826 8810
8827 468
8828 8818
8829 8817
8830 8816
8831 8829
8832 8817
8833 8820
8834 8828
8835 8828
8836 8823
8837 8834
8838 8814
8839 8810
8840 8822
8841 8816
8842 8840
8843 8820
8844 8839
8845 8835
8846 5365
8847 8846
8848 5365
8849 5365
8850 8849
8851 8846
8852 8849
8853 8846
8854 8852
8855 8853
8856 8853
8857 8853
8858 8849
8859 8854
8860 8850
8861 8858
8862 8849
8863 8849
8864 8863
8865 8858
8866 8862
8867 8858
8868 8866
8869 8848
8870 8849
8871 8867
8872 8850
8873 8849
8874 8852
8875 8856
8876 8865
8877 8872
8878 8853
8879 8868
8880 8852
8881 8880
8882 8857
8883 8850
8884 8877
8885 8853
8886 8853
8887 5365
8888 8852
8889 8847
8890 8889
8891 8877
8892 8852
8893 8887
8894 8856
8895 8878
8896 8852
8897 8855
8898 8887
8899 8858
8900 8848
8901 8862
8902 8885
8903 8859
8904 8847
8905 8886
8906 8876
8907 8883
8908 8873
8909 8893
8910 8881
8911 8904
8912 8877
8913 8852
8914 8875
8915 8869
8916 8880
8917 8891
8918 8862
8919 8874
8920 8905
8921 7907
8922 8921
8923 8922
8924 8923
8925 8924
8926 8925
8927 8926
8928 8927
8929 8928
8930 8929
8931 8930
8932 8931
8933 8932
8934 8933
8935 8934
8936 8935
8937 8936
8938 8937
8939 8938
8940 8939
8941 8940
8942 8941
8943 8942
8944 8943
8945 8944
8946 8945
8947 8946
8948 8947
8949 8948
8950 8949
8951 8950
8952 8951
8953 8952
8954 8953
8955 8954
8956 8955
8957 8956
8958 8957
8959 8958
8960 8959
8961 8960
8962 8961
8963 8962
8964 8963
8965 8964
8966 8965
8967 8966
8967 7907
8968 1457
8969 8968
8970 8969
8971 8970
8972 8971
8973 8972
8974 8973
8975 8974
8976 8975
8977 8976
8978 8977
8979 8978
8980 8979
8981 8980
8982 8981
8983 8982
8984 8983
8985 8984
8986 8985
8987 8986
8988 8987
8989 8988
8990 8989
8991 8990
8992 8991
8993 8992
8994 8993
8995 8994
8996 8995
8997 8996
8998 8997
8999 8998
9000 8999
9001 9000
9002 9001
9003 9002
9004 9003
9004 1457
9005 4737
9006 9005
9007 4737
9008 9006
9009 9007
9010 9008
9011 4737
9012 9005
9013 9005
9014 9010
9015 9012
9016 9011
9017 9007
9018 9014
9019 9010
9020 9006
9021 9016
9022 9008
9023 9012
9024 9010
9025 9015
9026 9018
9027 9009
9028 9006
9029 9021
9030 9026
9031 9019
9032 9006
9033 9015
9034 9030
9035 9034
9036 9012
9037 9033
9038 9011
9039 9010
9040 9038
9041 9040
9042 9006
9043 9039
9044 9025
9045 9025
9046 9009
9047 9025
9048 9006
9049 9026
9050 9026
9051 9015
9052 9015
9053 9007
9054 9033
9055 9054
9056 9007
9057 9010
9058 9019
9059 9038
9060 9039
9061 9059
9062 9032
9063 9033
9064 9034
9065 9026
9066 9051
9067 9051
9068 9058
9069 9005
9070 9069
9071 9011
9072 9016
9073 9015
9074 9006
9075 9035
9076 9056
9077 9065
9078 9029
9079 9077
9080 9062
9081 9051
9082 9067
9083 9029
9084 9067
9085 9016
9086 9056
9087 9029
9088 9030
9089 9023
9090 9022
9091 9020
9092 9091
9093 9013
9094 9005
9095 9067
9096 9007
9097 9028
9098 9034
9099 9010
9100 9034
9101 9049
9102 9083
9103 9043
9104 5668
9105 5668
9106 9104
9107 9104
9108 9106
9109 9108
9110 9105
9111 9108
9112 8055
9113 9112
9114 9113
9115 9114
9116 8055
9117 9112
9118 9117
9119 9113
9120 9113
9121 9116
9122 9121
9123 9117
9124 8055
9125 9118
9126 9125
9127 9115
9128 9122
9129 9122
9130 9126
9131 9125
9132 9129
9133 9117
9134 9132
9135 9112
9136 9126
9137 9127
9138 9124
9139 9120
9140 9138
9141 9137
9142 9126
9143 9135
9144 9112
9145 9133
9146 9145
9147 9142
9148 9132
9149 9144
9150 9119
9151 9146
9152 9123
9153 9148
9154 9142
9155 9128
9156 9127
9157 9120
9158 9121
9159 9154
9160 9133
9161 9143
9162 9143
9163 9160
9164 9157
9165 9145
9166 8055
9167 9135
9168 9150
9169 9122
9170 9163
9171 9169
9172 9149
9173 9167
9174 9129
9175 9132
9176 9145
9177 9137
9178 9161
9179 9123
9180 9127
9181 9112
9182 9144
9183 9152
9184 9180
9185 9181
9186 9177
9187 9144
9188 9163
9189 9178
9190 9137
9191 9140
9192 9128
9193 9171
9194 9179
9195 9118
9196 8055
9197 9183
9198 9177
9199 9195
9200 9138
9201 9118
9202 9131
9203 9187
9204 9151
9205 9115
9206 8055
9207 9124
9208 9202
9209 9168
9210 5082
9211 9210
9212 9211
9213 5082
9214 9212
9215 5082
9216 8487
9217 9216
9218 9217
9219 9218
9220 9219
9221 9220
9222 9221
9223 9222
9224 9223
9225 9224
9226 9225
9227 9226
9228 9227
9229 9228
9230 9229
9231 9230
9232 9231
9233 9232
9234 9233
9235 9234
9236 9235
9237 9236
9238 9237
9239 9238
9240 9239
9241 9240
9242 9241
9243 9242
9244 9243
9245 9244
9246 9245
9247 9246
9248 9247
9249 9248
9250 9249
9251 9250
9252 9251
9253 9252
9254 9253
9255 9254
9256 9255
9257 9256
9258 9257
9259 9258
9260 9259
9261 9260
9262 9261
9263 9262
9264 9263
9265 9264
9266 9265
9267 9266
9268 9267
9269 9268
9270 9269
9271 9270
9272 9271
9273 9272
9274 9273
9275 9274
9276 9275
9277 9276
9278 9277
9279 9278
9280 9279
9281 9280
9282 9281
9283 9282
9284 9283
9285 9284
9286 9285
9287 9286
9288 9287
9289 9288
9290 9289
9291 9290
9292 9291
9293 9292
9294 9293
9294 8487
9295 2572
9296 9295
9297 9296
9298 9297
9299 9298
9300 9299
9301 9300
9302 9301
9303 9302
9303 2572
9304 577
9305 9304
9306 9305
9307 9306
9308 9307
9309 9308
9310 9309
9311 9310
9312 9311
9313 9312
9314 9313
9315 9314
9316 9315
9317 9316
9318 9317
9319 9318
9320 9319
9321 9320
9322 9321
9323 9322
9324 9323
9325 9324
9326 9325
9327 9326
9328 9327
9329 9328
9330 9329
9331 9330
9332 9331
9333 9332
9334 9333
9335 9334
9336 9335
9337 9336
9338 9337
9339 9338
9340 9339
9341 9340
9342 9341
9343 9342
9344 9343
9345 9344
9346 9345
9347 9346
9348 9347
9349 9348
9350 9349
9351 9350
9352 9351
9353 9352
9354 9353
9355 9354
9356 9355
9357 9356
9358 9357
9359 9358
9360 9359
9360 577
9361 4831
9362 9361
9363 9362
9364 9363
9365 9364
9366 9365
9367 9366
9368 9367
9369 9368
9370 9369
9371 9370
9372 9371
9373 9372
9374 9373
9375 9374
9376 9375
9377 9376
9378 9377
9379 9378
9380 9379
9381 9380
9382 9381
9383 9382
9384 9383
9385 9384
9386 9385
9387 9386
9388 9387
9389 9388
9390 9389
9391 9390
9392 9391
9393 9392
9394 9393
9395 9394
9396 9395
9397 9396
9398 9397
9399 9398
9400 9399
9401 9400
9402 9401
9403 9402
9404 9403
9405 9404
9406 9405
9407 9406
9408 9407
9409 9408
9410 9409
9411 9410
9412 9411
9413 9412
9414 9413
9415 9414
9416 9415
9417 9416
9418 9417
9419 9418
9420 9419
9421 9420
9422 9421
9423 9422
9424 9423
9425 9424
9426 9425
9427 9426
9428 9427
9429 9428
9430 9429
9431 9430
9432 9431
9433 9432
9434 9433
9435 9434
9436 9435
9436 4831
9437 4804
9438 4804
9439 9437
9440 9437
9441 4804
9442 9440
9443 9438
9444 4804
9445 9438
9446 9442
9447 9437
9448 9439
9449 9437
9450 9440
9451 9441
9452 9448
9453 9447
9454 9438
9455 9437
9456 9455
9457 9451
9458 9453
9459 9458
9460 9440
9461 9458
9462 9437
9463 9448
9464 9456
9465 9450
9466 9443
9467 9463
9468 9451
9469 9466
9470 9450
9471 9456
9472 9449
9473 9438
9474 9446
9475 9450
9476 9469
9477 9446
9478 9448
9479 9461
9480 9441
9481 9453
9482 9481
9483 9448
9484 9461
9485 9462
9486 9462
9487 9473
9488 9456
9489 9466
9490 9443
9491 9442
9492 4804
9493 9454
9494 9443
9495 9482
9496 9478
9497 9475
9498 9483
9499 9446
9500 9468
9501 9456
9502 9447
9503 9438
9504 9454
9505 9490
9506 9479
9507 9484
9508 9502
9509 9440
9510 9479
9511 9507
9512 9463
9513 9464
9514 9451
9515 9442
9516 9514
9517 9445
9518 9465
9519 9465
9520 9512
9521 9449
9522 9454
9523 9491
9524 9441
9525 9492
9526 9456
9527 9495
9528 9445
9529 8594
9530 9529
9531 9530
9532 9531
9533 9532
9534 9533
9535 9534
9536 9535
9537 9536
9538 9537
9539 9538
9540 9539
9541 9540
9542 9541
9543 9542
9544 9543
9545 9544
9546 9545
9547 9546
9548 9547
9549 9548
9550 9549
9551 9550
9552 9551
9553 9552
9554 9553
9555 9554
9556 9555
9557 9556
9558 9557
9559 9558
9560 9559
9561 9560
9562 9561
9563 9562
9564 9563
9565 9564
9566 9565
9567 9566
9568 9567
9569 9568
9570 9569
9571 9570
9572 9571
9573 9572
9574 9573
9575 9574
9576 9575
9577 9576
9578 9577
9579 9578
9580 9579
9581 9580
9582 9581
9583 9582
9584 9583
9585 9584
9586 9585
9587 9586
9588 9587
9589 9588
9590 9589
9591 9590
9592 9591
9593 9592
9594 9593
9595 9594
9596 9595
9597 9596
9598 9597
9599 9598
9600 9599
9601 9600
9602 9601
9603 9602
9604 9603
9605 9604
9606 9605
9607 9606
9608 9607
9609 9608
9610 9609
9611 9610
9612 9611
9613 9612
9614 9613
9615 9614
9616 9615
9617 9616
9618 9617
9619 9618
9620 9619
9621 9620
9622 9621
9623 9622
9624 9623
9625 9624
9626 9625
9626 8594
9627 8815
9628 9627
9629 9628
9630 9629
9631 9630
9632 9631
9633 9632
9634 9633
9635 9634
9636 9635
9637 9636
9638 9637
9639 9638
9640 9639
9641 9640
9642 9641
9643 9642
9644 9643
9645 9644
9646 9645
9647 9646
9648 9647
9649 9648
9650 9649
9651 9650
9652 9651
9653 9652
9654 9653
9655 9654
9656 9655
9657 9656
9658 9657
9659 9658
9660 9659
9661 9660
9662 9661
9663 9662
9664 9663
9665 9664
9666 9665
9667 9666
9668 9667
9669 9668
9670 9669
9671 9670
9672 9671
9673 9672
9674 9673
9675 9674
9676 9675
9677 9676
9678 9677
9679 9678
9680 9679
9681 9680
9682 9681
9683 9682
9684 9683
9685 9684
9686 9685
9687 9686
9688 9687
9689 9688
9690 9689
9691 9690
9691 8815
9692 1421
9693 9692
9694 1421
9695 9694
9696 1421
9697 9693
9698 9694
9699 9698
9700 9695
9701 1421
9702 9696
9703 9693
9704 9696
9705 9697
9706 9700
9707 9698
9708 9695
9709 9708
9710 9708
9711 1421
9712 9710
9713 9701
9714 9713
9715 9702
9716 9703
9717 9714
9718 9706
9719 9701
9720 9699
9721 9692
9722 9692
9723 9694
9724 9701
9725 9706
9726 9724
9727 9715
9728 1421
9729 9707
9730 9714
9731 9706
9732 9707
9733 9713
9734 9708
9735 9698
9736 9719
9737 9712
9738 9721
9739 9708
9740 9727
9741 9729
9742 9712
9743 9695
9744 9699
9745 9712
9746 9701
9747 9717
9748 9699
9749 9693
9750 9726
9751 9708
9752 9740
9753 9740
9754 9706
9755 9750
9756 9728
9757 9754
9758 9697
9759 9758
9760 9713
9761 9756
9762 9719
9763 9720
9764 9695
9765 9734
9766 9696
9767 9756
9768 9720
9769 9726
9770 9719
9771 2778
9772 9771
9773 2778
9774 9773
9775 9773
9776 9775
9777 9774
9778 2778
9779 9773
9780 9776
9781 9771
9782 9781
9783 9775
9784 9779
9785 2778
9786 9772
9787 9781
9788 9783
9789 9786
9790 9778
9791 9789
9792 9774
9793 9785
9794 9780
9795 9785
9796 9773
9797 9795
9798 9796
9799 9780
9800 9772
9801 9791
9802 9785
9803 1965
9804 1965
9805 9804
9806 1965
9807 1965
9808 9803
9809 9803
9810 9806
9811 9803
9812 9805
9813 1965
9814 9803
9815 9803
9816 9811
9817 9816
9818 1965
9819 9805
9820 9804
9821 7553
9822 9821
9823 9821
9824 9821
9825 9824
9826 9822
9827 9825
9828 9826
9829 9826
9830 9824
9831 9829
9832 9828
9833 9832
9834 9821
9835 9826
9836 9822
9837 9822
9838 9825
9839 9836
9840 9830
9841 9839
9842 9840
9843 9839
9844 9837
9845 9841
9846 9824
9847 9836
9848 9831
9849 9832
9850 9844
9851 9834
9852 9850
9853 9839
9854 9836
9855 9833
9856 9826
9857 9835
9858 9847
9859 9821
9860 9843
9861 9823
9862 9856
9863 9861
9864 9843
9865 9853
9866 9831
9867 9850
9868 9835
9869 9862
9870 9836
9871 9868
9872 9850
9873 9845
9874 9860
9875 9866
9876 9858
9877 9850
9878 9841
9879 9829
9880 9833
9881 9842
9882 9863
9883 9833
9884 9882
9885 9859
9886 9846
9887 9875
9888 9853
9889 9886
9890 9877
9891 9871
9892 9859
9893 9885
9894 9888
9895 9857
9896 9891
9897 9830
9898 9833
9899 9862
9900 1968
9901 1968
9902 1968
9903 1968
9904 9900
9905 1968
9906 9904
9907 9900
9908 9905
9909 9906
9910 1968
9911 9900
9912 9905
9913 9911
9914 9900
9915 9903
9916 9912
9917 9909
9918 9915
9919 9902
9920 9912
9921 9915
9922 9921
9923 9904
9924 9923
9925 9915
9926 9918
9927 9902
9928 9901
9929 9924
9930 7169
9931 9930
9932 9931
9933 9932
9934 9933
9935 9934
9936 9935
9937 9936
9938 9937
9939 9938
9940 9939
9941 9940
9942 9941
9943 9942
9944 9943
9945 9944
9946 9945
9947 9946
9948 9947
9949 9948
9950 9949
9951 9950
9952 9951
9953 9952
9954 9953
9955 9954
9956 9955
9957 9956
9958 9957
9959 9958
9960 9959
9961 9960
9962 9961
9963 9962
9964 9963
9965 9964
9966 9965
9967 9966
9968 9967
9969 9968
9970 9969
9971 9970
9972 9971
9973 9972
9974 9973
9975 9974
9976 9975
9977 9976
9978 9977
9979 9978
9980 9979
9981 9980
9982 9981
9983 9982
9984 9983
9985 9984
9986 9985
9987 9986
9988 9987
9989 9988
9990 9989
9991 9990
9992 9991
9993 9992
9994 9993
9995 9994
9996 9995
9997 9996
9998 9997
9999 9998
10000 9999
10000 7169
