1000 1099
2 1
3 2
3 1
4 1
5 4
6 5
7 6
7 1
8 7
9 7
10 7
11 10
12 11
13 12
14 13
15 14
16 15
16 7
17 15
18 17
18 15
19 14
20 14
21 20
22 20
23 6
24 6
25 6
26 6
27 25
28 6
29 26
30 29
31 2
32 31
33 32
34 33
35 31
36 2
37 10
38 37
39 38
40 39
41 40
42 41
42 10
43 41
44 41
45 43
46 44
47 43
48 38
49 48
49 38
50 40
51 50
52 40
53 52
54 40
55 54
56 52
57 40
58 14
59 14
60 58
61 14
62 14
63 61
64 61
65 58
66 38
67 38
68 66
69 66
70 67
71 23
72 71
73 72
74 73
75 73
76 74
77 41
78 77
79 78
80 79
81 80
82 81
83 82
83 41
84 22
85 84
86 85
87 86
88 87
89 88
89 22
90 64
91 90
92 91
93 92
94 93
95 94
96 95
97 96
97 64
98 21
99 98
99 21
100 21
101 100
102 101
103 102
104 103
105 104
106 105
106 21
107 93
108 107
109 107
110 27
111 110
112 27
113 112
114 74
115 114
116 115
116 74
117 4
118 117
119 92
120 119
121 120
122 121
123 122
123 92
124 60
125 124
126 125
127 126
128 127
128 60
129 64
130 129
131 129
132 64
133 132
134 131
135 129
136 64
137 133
138 133
139 138
140 139
141 140
142 141
142 133
143 17
144 143
145 144
146 145
147 146
147 17
148 1
149 148
150 54
151 54
152 150
153 152
154 153
155 150
156 54
157 150
158 155
159 2
160 159
161 160
162 161
163 162
164 163
165 164
166 165
167 166
167 2
168 17
169 168
169 17
170 138
171 170
172 171
173 172
174 173
175 174
175 138
176 134
177 134
178 33
179 178
180 178
181 134
182 134
183 181
184 181
185 183
186 184
187 78
188 187
189 188
190 189
191 190
192 191
193 192
194 193
194 78
195 155
196 195
197 196
198 197
199 198
200 199
201 200
202 201
203 202
203 155
204 148
205 148
206 205
207 206
208 77
209 208
210 209
211 210
212 211
213 212
214 213
214 77
215 19
216 215
217 216
217 19
218 61
219 218
220 219
221 220
222 221
222 61
223 119
224 119
225 224
226 224
227 224
228 227
229 225
230 224
231 224
232 150
233 150
234 233
235 234
236 232
237 236
238 234
239 56
240 239
241 240
242 241
243 242
244 243
245 244
245 56
246 37
247 246
248 247
248 37
249 228
250 249
251 250
252 251
252 228
253 193
254 193
255 254
256 253
257 193
258 198
259 258
260 259
261 260
262 261
263 262
263 198
264 29
265 264
266 265
266 29
267 63
268 63
269 267
270 63
271 269
272 270
273 63
274 272
275 274
276 223
277 223
278 90
279 278
280 90
281 279
282 281
283 279
284 280
285 283
286 147
287 286
288 287
289 288
290 289
291 290
292 291
293 292
294 293
294 147
295 254
296 254
297 209
298 297
299 298
300 299
301 300
301 209
302 164
303 164
304 302
305 302
306 304
307 303
308 307
309 281
310 281
311 281
312 310
313 281
314 127
315 314
316 315
317 316
317 127
318 137
319 318
320 319
321 320
322 321
323 322
324 323
325 324
325 137
326 131
327 326
328 327
328 131
329 38
330 329
331 330
331 38
332 1
333 1
334 333
335 332
336 333
337 332
338 337
339 1
340 120
341 340
342 341
343 342
344 343
345 344
346 345
347 346
347 120
348 345
349 348
350 349
351 350
352 351
353 352
354 353
355 354
355 345
356 258
357 356
358 356
359 258
360 218
361 360
362 361
362 218
363 37
364 363
365 364
366 365
367 364
368 366
369 365
370 37
371 283
372 371
373 372
373 283
374 20
375 374
376 20
377 235
378 377
379 378
380 379
381 380
382 381
382 235
383 39
384 383
385 383
386 383
387 385
388 383
389 386
390 314
391 314
392 390
393 391
394 390
395 394
396 394
397 395
398 390
399 201
400 399
401 400
402 401
403 402
404 403
405 404
406 405
407 406
407 201
408 304
409 304
410 409
411 304
412 304
413 410
414 254
415 414
416 254
417 416
418 414
419 285
420 419
421 419
422 285
423 285
424 285
425 422
426 422
427 245
428 427
428 245
429 81
430 81
431 430
432 81
433 429
434 329
435 434
435 329
436 427
437 436
438 437
439 438
439 427
440 390
441 390
442 441
443 442
444 442
445 390
446 200
447 446
448 447
449 448
450 449
451 450
452 451
452 200
453 382
454 453
455 382
456 453
457 382
458 454
459 454
460 453
461 330
462 330
463 462
464 221
465 464
466 465
467 466
468 467
469 468
470 469
471 470
472 471
472 221
473 383
474 473
475 474
476 474
477 474
478 477
479 16
480 479
481 480
482 481
482 16
483 345
484 483
484 345
485 25
486 485
487 486
487 25
488 9
489 9
490 9
491 490
492 489
493 489
494 491
495 471
496 495
497 496
498 497
499 498
500 499
501 500
502 501
503 502
503 471
504 46
505 504
506 505
507 506
508 507
508 46
509 402
510 509
511 509
512 510
513 510
514 513
515 509
516 402
517 434
518 517
519 518
519 434
520 217
521 520
522 520
523 521
524 172
525 172
526 211
527 526
528 527
529 527
530 211
531 529
532 526
533 528
534 28
535 28
536 28
537 28
538 535
539 537
540 537
541 512
542 541
543 542
544 543
545 544
546 545
547 546
548 547
549 548
549 512
550 131
551 550
552 551
553 552
554 553
555 554
556 555
556 131
557 124
558 124
559 557
560 557
561 559
562 124
563 561
564 559
565 249
566 565
567 566
568 567
568 249
569 155
570 569
571 570
572 571
572 155
573 247
574 573
575 574
576 575
577 576
578 577
579 578
580 579
580 247
581 519
582 519
583 519
584 581
585 583
586 584
587 582
588 586
589 585
590 589
591 590
592 591
593 592
594 593
595 594
595 585
596 153
597 596
598 597
599 598
600 599
601 600
602 601
603 602
604 603
604 153
605 215
606 605
607 606
607 215
608 267
609 608
610 609
611 610
611 267
612 472
613 612
613 472
614 315
615 614
616 615
617 315
618 616
619 315
620 81
621 620
622 621
622 81
623 358
624 358
625 358
626 481
627 626
628 627
629 628
630 629
631 630
632 631
633 632
634 633
634 481
635 246
636 246
637 636
638 560
639 638
640 639
641 640
642 641
643 642
644 643
645 644
645 560
646 241
647 646
648 241
649 572
650 572
651 649
652 649
653 652
654 653
655 653
656 603
657 656
658 656
659 658
660 603
661 660
662 661
663 658
664 657
665 422
666 665
667 666
668 667
668 422
669 662
670 669
671 670
671 662
672 128
673 672
674 128
675 128
676 673
677 672
678 231
679 678
680 678
681 679
682 231
683 679
684 678
685 681
686 440
687 440
688 440
689 688
690 440
691 688
692 689
693 440
694 90
695 694
696 694
697 90
698 694
699 697
700 29
701 700
701 29
702 487
703 702
704 702
705 703
706 702
707 706
708 487
709 326
710 709
711 710
712 711
713 712
713 326
714 700
715 700
716 715
717 716
718 700
719 716
720 716
721 275
722 275
723 275
724 723
725 722
726 275
727 723
728 218
729 218
730 728
731 729
732 731
733 732
734 733
735 728
736 178
737 178
738 736
739 737
740 438
741 740
742 438
743 742
744 743
745 438
746 744
747 746
748 144
749 144
750 749
751 144
752 750
753 749
754 350
755 754
756 755
757 756
758 757
759 758
760 759
761 760
762 761
762 350
763 73
764 763
765 764
766 765
767 766
768 767
769 768
769 73
770 86
771 770
772 771
773 772
774 773
775 774
776 775
777 776
778 777
778 86
779 190
780 779
781 780
782 781
783 782
783 190
784 247
785 784
786 785
787 786
787 247
788 711
789 788
790 789
791 790
792 791
792 711
793 185
794 793
795 794
796 795
797 796
798 797
799 798
800 799
800 185
801 782
802 801
803 802
804 803
804 782
805 116
806 116
807 806
808 806
809 805
810 809
811 807
812 322
813 812
813 322
814 578
815 814
816 815
816 578
817 637
818 637
819 817
820 819
821 637
822 818
823 822
824 817
825 309
826 825
827 826
828 826
829 309
830 32
831 830
832 830
833 830
834 715
835 715
836 835
837 835
838 834
839 834
840 715
841 468
842 468
843 842
844 420
845 844
846 845
847 846
847 420
848 698
849 848
850 849
851 850
852 851
853 852
854 853
854 698
855 514
856 855
857 856
858 514
859 514
860 379
861 860
861 379
862 209
863 862
864 863
865 864
866 865
866 209
867 528
868 867
868 528
869 55
870 869
871 870
872 871
873 872
874 873
875 874
875 55
876 69
877 876
878 877
879 878
880 879
881 880
881 69
882 690
883 690
884 882
885 884
886 885
887 882
888 886
889 114
890 889
891 890
892 891
893 892
894 893
895 894
896 895
896 114
897 180
898 897
899 898
900 899
901 900
902 901
903 902
904 903
904 180
905 834
906 905
907 906
908 907
908 834
909 350
910 350
911 909
912 909
913 911
914 307
915 307
916 307
917 915
918 917
919 916
920 915
921 307
922 301
923 301
924 301
925 924
926 924
927 923
928 925
929 925
930 928
931 927
932 931
933 932
934 933
935 934
935 927
936 31
937 936
938 937
938 31
939 366
940 939
941 940
942 941
943 942
944 943
944 366
945 149
946 945
947 946
948 947
949 948
949 149
950 757
951 950
952 951
953 952
954 953
955 954
955 757
956 716
957 956
958 957
959 958
959 716
960 508
961 960
962 961
963 962
964 963
965 964
966 965
966 508
967 298
968 967
969 968
970 969
971 970
972 971
972 298
973 628
974 973
975 974
976 975
977 976
978 977
979 978
980 979
981 980
981 628
982 209
983 982
984 983
985 983
986 982
987 209
988 985
989 957
990 989
991 990
992 991
993 992
994 993
995 994
996 995
997 996
997 957
998 73
999 998
1000 999
1000 73
