1000 1001
2 1
3 2
4 3
5 4
6 5
7 6
8 7
9 8
10 9
11 10
12 11
13 12
14 13
15 14
16 15
17 16
18 17
19 18
20 19
21 20
22 21
23 22
24 23
25 24
26 25
27 26
28 27
29 28
30 29
31 30
32 31
33 32
34 33
35 34
36 35
37 36
38 37
39 38
40 39
41 40
42 41
43 42
44 43
45 44
46 45
47 46
48 47
49 48
50 49
51 50
52 51
53 52
54 53
55 54
56 55
57 56
58 57
59 58
60 59
61 60
62 61
63 62
64 63
65 64
66 65
67 66
67 1
68 23
69 68
70 68
71 70
72 68
73 23
74 72
75 71
76 75
77 72
78 73
79 73
80 68
81 72
82 69
83 77
84 75
85 71
86 82
87 84
88 79
89 72
90 84
91 68
92 86
93 80
94 90
95 93
96 91
97 95
98 87
99 68
100 82
101 99
102 101
103 23
104 87
105 69
106 69
107 71
108 68
109 101
110 101
111 110
112 109
113 111
114 109
115 101
116 101
117 115
118 101
119 113
120 114
121 111
122 117
123 113
124 110
125 119
126 101
127 121
128 125
129 117
130 110
131 122
132 125
133 128
134 109
135 125
136 131
137 124
138 126
139 131
140 139
141 122
142 136
143 130
144 124
145 133
146 110
147 121
148 121
149 137
150 147
151 136
152 146
153 134
154 113
155 122
156 137
157 126
158 112
159 120
160 137
161 142
162 119
163 109
164 154
165 121
166 149
167 148
168 135
169 149
170 167
171 117
172 110
173 109
174 153
175 138
176 132
177 115
178 101
179 118
180 135
181 168
182 139
183 160
184 174
185 171
186 127
187 120
188 164
189 109
190 162
191 184
192 113
193 137
194 177
195 185
196 135
197 142
198 144
199 163
200 167
201 114
202 197
203 111
204 178
205 154
206 199
207 141
208 168
209 149
210 161
211 148
212 148
213 177
214 194
215 200
216 154
217 171
218 126
219 127
220 128
221 122
222 215
223 110
224 213
225 137
226 169
227 159
228 125
229 195
230 142
231 211
232 211
233 172
234 112
235 130
236 182
237 188
238 228
239 226
240 204
241 198
242 219
243 166
244 194
245 214
246 144
247 174
248 114
249 111
250 247
251 142
252 251
253 162
254 146
255 220
256 253
257 190
258 175
259 235
260 139
261 132
262 224
263 237
264 175
265 166
266 133
267 236
268 185
269 131
270 141
271 122
272 209
273 207
274 257
275 190
276 264
277 156
278 111
279 257
280 155
281 223
282 150
283 171
284 200
285 232
286 265
287 224
288 182
289 274
290 289
291 120
292 185
293 206
294 126
295 172
296 184
297 288
298 196
299 192
300 126
301 221
302 262
303 297
304 141
305 157
306 302
307 225
308 134
309 230
310 163
311 135
312 239
313 171
314 208
315 178
316 180
317 182
318 231
319 192
320 207
321 204
322 285
323 311
324 304
325 284
326 155
327 115
328 221
329 324
330 192
331 130
332 258
333 138
334 138
335 138
336 262
337 303
338 308
339 233
340 133
341 253
342 132
343 111
344 272
345 250
346 307
347 238
348 272
349 203
350 244
351 122
352 272
353 288
354 336
355 329
356 118
357 196
358 202
359 262
360 294
361 255
362 306
363 280
364 199
365 306
366 304
367 113
368 344
369 137
370 355
371 331
372 236
373 209
374 297
375 123
376 342
377 362
378 173
379 118
380 141
381 196
382 338
383 165
384 185
385 340
386 369
387 253
388 189
389 375
390 161
391 199
392 119
393 241
394 176
395 270
396 364
397 245
398 328
399 195
400 301
401 145
402 134
403 111
404 339
405 362
406 294
407 172
408 287
409 305
410 143
411 402
412 266
413 215
414 411
415 195
416 111
417 234
418 324
419 230
420 404
421 267
422 402
423 351
424 109
425 355
426 396
427 418
428 209
429 337
430 226
431 203
432 195
433 276
434 174
435 281
436 138
437 358
438 161
439 406
440 417
441 152
442 382
443 210
444 136
445 195
446 127
447 254
448 125
449 319
450 124
451 365
452 101
453 216
454 301
455 232
456 135
457 290
458 123
459 293
460 438
461 222
462 177
463 188
464 289
465 411
466 391
467 329
468 193
469 141
470 163
471 398
472 111
473 245
474 299
475 230
476 261
477 228
478 302
479 124
480 199
481 474
482 322
483 239
484 387
485 174
486 195
487 263
488 333
489 189
490 338
491 158
492 220
493 279
494 352
495 155
496 119
497 200
498 317
499 276
500 265
501 380
502 385
503 327
504 149
505 376
506 206
507 123
508 419
509 238
510 441
511 120
512 441
513 246
514 448
515 351
516 227
517 515
518 263
519 225
520 232
521 184
522 503
523 305
524 418
525 356
526 179
527 497
528 498
529 392
530 213
531 202
532 177
533 177
534 201
535 399
536 240
537 383
538 329
539 267
540 161
541 168
542 236
543 165
544 436
545 217
546 390
547 232
548 363
549 199
550 350
551 116
552 134
553 281
554 168
555 203
556 57
557 57
558 556
559 57
560 556
561 557
562 558
563 560
564 560
565 556
566 564
567 558
568 565
569 57
570 563
571 559
572 568
573 571
574 569
575 562
576 556
577 571
578 569
579 571
580 575
581 567
582 577
583 576
584 561
585 562
586 569
587 558
588 557
589 575
590 557
591 578
592 586
593 591
594 590
595 577
596 565
597 589
598 590
599 593
600 590
601 571
602 570
603 573
604 594
605 592
606 463
607 606
608 606
609 606
610 606
611 610
612 606
613 612
614 607
615 610
616 612
617 615
618 612
619 608
620 463
621 619
622 619
623 612
624 615
625 614
626 612
627 619
628 609
629 463
630 610
631 617
632 607
633 619
634 629
635 611
636 609
637 627
638 613
639 624
640 622
641 612
642 622
643 623
644 622
645 616
646 626
647 606
648 623
649 629
650 632
651 615
652 632
653 628
654 620
655 647
656 628
657 632
658 625
659 635
660 608
661 623
662 636
663 654
664 639
665 632
666 609
667 638
668 665
669 660
670 617
671 669
672 616
673 645
674 668
675 642
676 649
677 642
678 661
679 609
680 619
681 613
682 668
683 635
684 463
685 619
686 646
687 669
688 648
689 688
690 633
691 611
692 678
693 640
694 688
695 685
696 636
697 627
698 614
699 659
700 611
701 690
702 629
703 665
704 641
705 632
706 629
707 683
708 637
709 682
710 692
711 698
712 664
713 651
714 655
715 627
716 652
717 657
718 606
719 639
720 606
721 654
722 686
723 628
724 655
725 720
726 682
727 661
728 722
729 661
730 635
731 674
732 611
733 687
734 614
735 680
736 641
737 613
738 702
739 721
740 697
741 657
742 694
743 712
744 656
745 724
746 670
747 675
748 727
749 677
750 616
751 703
752 639
753 658
754 701
755 681
756 741
757 613
758 644
759 703
760 646
761 677
762 636
763 689
764 621
765 714
766 717
767 707
768 760
769 621
770 645
771 613
772 677
773 725
774 755
775 690
776 621
777 691
778 690
779 648
780 749
781 647
782 644
783 715
784 725
785 697
786 674
787 636
788 648
789 737
790 733
791 720
792 607
793 763
794 784
795 729
796 620
797 772
798 623
799 779
800 696
801 714
802 694
803 701
804 771
805 664
806 654
807 630
808 683
809 792
810 627
811 726
812 805
813 616
814 630
815 765
816 801
817 766
818 692
819 769
820 656
821 683
822 793
823 795
824 648
825 783
826 679
827 739
828 627
829 668
830 619
831 637
832 628
833 802
834 620
835 706
836 663
837 834
838 832
839 676
840 706
841 800
842 786
843 761
844 697
845 631
846 625
847 836
848 766
849 753
850 741
851 795
852 756
853 676
854 772
855 825
856 625
857 746
858 463
859 705
860 635
861 721
862 610
863 622
864 693
865 632
866 820
867 728
868 656
869 825
870 737
871 610
872 766
873 773
874 652
875 693
876 716
877 852
878 755
879 695
880 728
881 638
882 654
883 644
884 628
885 666
886 701
887 774
888 766
889 667
890 725
891 633
892 887
893 710
894 611
895 607
896 786
897 797
898 860
899 809
900 846
901 727
902 801
903 691
904 763
905 797
906 791
907 646
908 763
909 703
910 744
911 691
912 610
913 797
914 806
915 895
916 678
917 647
918 631
919 764
920 808
921 762
922 811
923 908
924 675
925 920
926 689
927 725
928 872
929 724
930 639
931 880
932 889
933 843
934 850
935 736
936 793
937 632
938 696
939 850
940 674
941 708
942 941
943 942
944 943
945 944
946 945
947 946
948 947
949 948
950 949
951 950
952 951
953 952
954 953
955 954
956 955
957 956
958 957
959 958
960 959
961 960
962 961
963 962
964 963
965 964
966 965
967 966
968 967
969 968
970 969
971 970
972 971
973 972
974 973
975 974
976 975
977 976
978 977
979 978
980 979
981 980
982 981
983 982
984 983
985 984
986 985
987 986
988 987
989 988
990 989
991 990
992 991
993 992
994 993
995 994
996 995
997 996
998 997
999 998
1000 999
1000 708
