1000 1000
2 1
3 2
4 1
5 3
6 4
7 3
8 5
9 4
10 9
11 3
12 4
13 2
14 2
15 5
16 11
17 3
18 2
19 14
20 16
21 9
22 8
23 14
24 2
25 11
26 14
27 6
28 3
29 20
30 21
31 3
32 24
33 3
34 20
35 11
36 23
37 13
38 32
39 34
40 3
41 30
42 5
43 30
44 31
45 32
46 3
47 35
48 28
49 34
50 16
51 10
52 38
53 35
54 47
55 7
56 14
57 36
58 12
59 19
60 3
61 46
62 14
63 44
64 47
65 58
66 8
67 51
68 43
69 58
70 10
71 41
72 40
73 23
74 70
75 17
76 66
77 33
78 72
79 72
80 35
81 1
82 23
83 26
84 38
85 32
86 57
87 53
88 43
89 69
90 56
91 47
92 22
93 39
94 29
95 47
96 33
97 16
98 93
99 35
100 65
101 27
102 85
103 16
104 23
105 7
106 32
107 1
108 2
109 50
110 28
111 3
112 79
113 79
114 76
115 82
116 61
117 36
118 53
119 33
120 70
121 93
122 66
123 9
124 72
125 11
126 81
127 114
128 8
129 102
130 78
131 50
132 60
133 63
134 114
135 25
136 56
137 38
138 87
139 14
140 26
141 110
142 2
143 133
144 98
145 28
146 129
147 64
148 128
149 4
150 115
151 1
152 76
153 4
154 19
155 141
156 16
157 7
158 2
159 27
160 128
161 91
162 74
163 121
164 3
165 35
166 151
167 54
168 70
169 101
170 32
171 160
172 32
173 169
174 5
175 130
176 105
177 153
178 149
179 145
180 137
181 75
182 23
183 117
184 19
185 50
186 119
187 15
188 20
189 105
190 53
191 76
192 172
193 15
194 75
195 50
196 71
197 37
198 104
199 51
200 27
201 67
202 26
203 27
204 3
205 119
206 175
207 117
208 159
209 84
210 194
211 109
212 202
213 89
214 101
215 186
216 173
217 32
218 119
219 70
220 48
221 211
222 129
223 94
224 64
225 66
226 125
227 94
228 120
229 207
230 170
231 222
232 69
233 200
234 4
235 44
236 228
237 81
238 78
239 42
240 62
241 191
242 60
243 227
244 230
245 162
246 101
247 83
248 55
249 197
250 75
251 31
252 209
253 116
254 130
255 173
256 178
257 53
258 184
259 77
260 135
261 28
262 199
263 224
264 76
265 157
266 154
267 70
268 212
269 38
270 31
271 145
272 89
273 42
274 76
275 74
276 181
277 119
278 78
279 85
280 265
281 105
282 35
283 192
284 64
285 57
286 105
287 148
288 236
289 230
290 53
291 175
292 53
293 80
294 181
295 262
296 8
297 208
298 21
299 11
300 177
301 282
302 252
303 21
304 223
305 35
306 111
307 250
308 150
309 295
310 181
311 202
312 17
313 44
314 210
315 49
316 46
317 53
318 276
319 202
320 262
321 216
322 36
323 277
324 178
325 12
326 107
327 70
328 125
329 147
330 106
331 232
332 164
333 317
334 321
335 321
336 152
337 332
338 166
339 203
340 164
341 174
342 136
343 144
344 336
345 30
346 319
347 245
348 196
349 332
350 275
351 201
352 281
353 168
354 299
355 120
356 324
357 66
358 1
359 14
360 31
361 181
362 28
363 232
364 132
365 168
366 130
367 225
368 222
369 164
370 235
371 74
372 130
373 313
374 181
375 37
376 50
377 24
378 349
379 207
380 120
381 26
382 32
383 41
384 82
385 376
386 48
387 120
388 384
389 28
390 376
391 351
392 140
393 71
394 254
395 369
396 246
397 214
398 347
399 365
400 298
401 123
402 315
403 98
404 130
405 130
406 103
407 204
408 188
409 81
410 271
411 161
412 103
413 339
414 135
415 58
416 93
417 358
418 93
419 212
420 236
421 270
422 231
423 386
424 417
425 184
426 122
427 9
428 152
429 151
430 293
431 372
432 12
433 178
434 268
435 125
436 173
437 359
438 176
439 68
440 236
441 410
442 326
443 129
444 12
445 400
446 204
447 319
448 327
449 21
450 118
451 50
452 34
453 334
454 124
455 369
456 106
457 47
458 436
459 199
460 293
461 259
462 329
463 397
464 65
465 343
466 140
467 347
468 406
469 215
470 290
471 293
472 290
473 313
474 259
475 348
476 152
477 84
478 203
479 131
480 398
481 98
482 33
483 118
484 385
485 154
486 375
487 452
488 273
489 463
490 185
491 283
492 428
493 343
494 31
495 275
496 306
497 60
498 93
499 422
500 213
501 459
502 237
503 370
504 281
505 344
506 283
507 117
508 425
509 87
510 62
511 139
512 41
513 175
514 102
515 127
516 210
517 281
518 231
519 98
520 25
521 261
522 496
523 357
524 33
525 493
526 310
527 417
528 341
529 17
530 369
531 437
532 286
533 53
534 341
535 345
536 152
537 118
538 446
539 46
540 505
541 426
542 93
543 423
544 464
545 250
546 133
547 422
548 444
549 479
550 362
551 315
552 194
553 523
554 204
555 105
556 206
557 507
558 236
559 36
560 25
561 260
562 260
563 391
564 343
565 379
566 540
567 40
568 297
569 123
570 278
571 335
572 328
573 479
574 324
575 255
576 14
577 518
578 400
579 442
580 9
581 429
582 200
583 94
584 494
585 216
586 49
587 165
588 290
589 289
590 452
591 301
592 88
593 183
594 291
595 133
596 147
597 244
598 517
599 347
600 100
601 536
602 569
603 157
604 526
605 348
606 188
607 226
608 99
609 336
610 573
611 411
612 518
613 146
614 7
615 104
616 565
617 148
618 72
619 555
620 310
621 301
622 123
623 452
624 285
625 329
626 176
627 95
628 348
629 9
630 226
631 358
632 344
633 268
634 220
635 559
636 273
637 580
638 169
639 438
640 454
641 90
642 283
643 67
644 542
645 422
646 362
647 99
648 223
649 551
650 195
651 178
652 593
653 209
654 251
655 176
656 142
657 602
658 211
659 289
660 531
661 580
662 154
663 483
664 325
665 575
666 326
667 546
668 199
669 84
670 539
671 612
672 495
673 322
674 216
675 122
676 161
677 449
678 338
679 541
680 485
681 562
682 523
683 590
684 298
685 452
686 24
687 33
688 134
689 683
690 437
691 352
692 560
693 491
694 297
695 647
696 478
697 625
698 395
699 313
700 539
701 243
702 367
703 429
704 496
705 298
706 242
707 435
708 397
709 507
710 470
711 547
712 145
713 420
714 570
715 582
716 288
717 563
718 595
719 111
720 160
721 410
722 430
723 642
724 636
725 645
726 95
727 366
728 689
729 35
730 73
731 449
732 678
733 369
734 288
735 587
736 709
737 658
738 264
739 295
740 556
741 729
742 640
743 18
744 20
745 165
746 356
747 164
748 140
749 136
750 246
751 479
752 159
753 361
754 420
755 584
756 508
757 491
758 677
759 122
760 465
761 531
762 467
763 45
764 25
765 566
766 257
767 708
768 212
769 504
770 581
771 258
772 436
773 178
774 223
775 666
776 660
777 309
778 37
779 646
780 247
781 493
782 344
783 400
784 412
785 247
786 289
787 201
788 535
789 535
790 439
791 774
792 458
793 395
794 230
795 555
796 365
797 290
798 557
799 234
800 217
801 158
802 271
803 478
804 136
805 406
806 525
807 571
808 747
809 501
810 228
811 456
812 611
813 753
814 558
815 208
816 445
817 389
818 590
819 139
820 700
821 171
822 596
823 403
824 806
825 211
826 127
827 749
828 334
829 682
830 343
831 364
832 814
833 515
834 326
835 570
836 695
837 118
838 731
839 740
840 736
841 284
842 640
843 438
844 374
845 280
846 263
847 727
848 597
849 226
850 85
851 284
852 474
853 86
854 26
855 293
856 195
857 425
858 594
859 222
860 584
861 265
862 210
863 309
864 767
865 328
866 147
867 607
868 394
869 261
870 598
871 814
872 507
873 218
874 709
875 744
876 15
877 679
878 332
879 790
880 342
881 430
882 69
883 399
884 170
885 321
886 860
887 13
888 690
889 807
890 812
891 727
892 232
893 631
894 58
895 482
896 618
897 779
898 819
899 119
900 521
901 900
902 901
903 902
904 903
905 904
906 905
907 906
908 907
909 908
910 909
911 910
912 911
913 912
914 913
915 914
916 915
917 916
918 917
919 918
920 919
921 920
922 921
923 922
924 923
925 924
926 925
927 926
928 927
929 928
930 929
931 930
932 931
933 932
934 933
935 934
936 935
937 936
938 937
939 938
940 939
941 940
942 941
943 942
944 943
945 944
946 945
947 946
948 947
949 948
950 949
951 950
952 951
953 952
954 953
955 954
956 955
957 956
958 957
959 958
960 959
961 960
962 961
963 962
964 963
965 964
966 965
967 966
968 967
969 968
970 969
971 970
972 971
973 972
974 973
975 974
976 975
977 976
978 977
979 978
980 979
981 980
982 981
983 982
984 983
985 984
986 985
987 986
988 987
989 988
990 989
991 990
992 991
993 992
994 993
995 994
996 995
997 996
998 997
999 998
1000 999
1000 521
