1000 1009
2 1
3 1
4 3
5 4
6 3
7 4
8 5
9 6
10 7
11 5
12 4
13 7
14 2
15 14
16 2
17 4
18 7
19 14
20 5
21 12
22 3
23 21
24 13
25 20
26 24
27 17
28 4
29 1
30 9
31 12
32 23
33 9
34 4
35 34
36 35
37 36
38 37
39 38
40 39
41 40
42 41
43 42
44 43
45 44
46 45
47 46
48 47
49 48
50 49
51 50
52 51
53 52
54 53
55 54
56 55
57 56
58 57
59 58
60 59
61 60
62 61
63 62
64 63
65 64
65 4
66 31
67 66
68 67
69 68
70 69
71 70
72 71
73 72
74 73
75 74
76 75
77 76
78 77
79 78
80 79
81 80
82 81
83 82
84 83
85 84
86 85
87 86
88 87
89 88
90 89
91 90
92 91
93 92
94 93
95 94
96 95
97 96
98 97
99 98
100 99
101 100
102 101
103 102
104 103
105 104
106 105
107 106
108 107
109 108
110 109
111 110
112 111
113 112
114 113
115 114
116 115
117 116
118 117
119 118
120 119
121 120
122 121
123 122
124 123
125 124
126 125
127 126
128 127
129 128
130 129
131 130
132 131
133 132
134 133
135 134
136 135
137 136
138 137
139 138
139 31
140 69
141 140
142 141
143 142
144 143
145 144
146 145
147 146
148 147
149 148
150 149
151 150
152 151
153 152
154 153
155 154
156 155
157 156
158 157
159 158
160 159
161 160
162 161
163 162
164 163
165 164
166 165
167 166
168 167
169 168
170 169
171 170
172 171
173 172
174 173
175 174
176 175
177 176
178 177
179 178
180 179
181 180
182 181
183 182
184 183
185 184
186 185
187 186
188 187
189 188
190 189
191 190
192 191
193 192
194 193
195 194
196 195
197 196
198 197
199 198
200 199
201 200
202 201
203 202
204 203
205 204
206 205
207 206
208 207
209 208
210 209
211 210
212 211
213 212
214 213
215 214
216 215
217 216
218 217
219 218
220 219
221 220
222 221
223 222
224 223
225 224
226 225
226 69
227 28
228 28
229 28
230 228
231 230
232 228
233 28
234 28
235 28
236 228
237 231
238 233
239 229
240 234
241 229
242 240
243 236
244 232
245 228
246 232
247 246
248 247
249 248
250 237
251 229
252 227
253 244
254 240
255 239
256 249
257 243
258 227
259 206
260 206
261 260
262 259
263 262
264 262
265 259
266 264
267 261
268 259
269 206
270 265
271 206
272 261
273 272
274 272
275 274
276 272
277 267
278 273
279 266
280 268
281 267
282 262
283 279
284 277
285 260
286 272
287 267
288 284
289 284
290 2
291 2
292 291
293 290
294 292
295 2
296 295
297 2
298 2
299 2
300 293
301 293
302 299
303 302
304 295
305 296
306 295
307 2
308 295
309 302
310 2
311 307
312 299
313 290
314 312
315 303
316 308
317 290
318 298
319 311
320 309
321 310
322 302
323 292
324 308
325 322
326 295
327 307
328 298
329 327
330 316
331 307
332 308
333 307
334 290
335 300
336 300
337 309
338 313
339 318
340 306
341 301
342 306
343 341
344 324
345 322
346 334
347 303
348 312
349 346
350 2
351 347
352 336
353 334
354 325
355 314
356 348
357 338
358 326
359 315
360 351
361 354
362 314
363 346
364 311
365 344
366 329
367 366
368 295
369 7
370 369
371 370
372 371
373 372
374 373
375 374
376 375
377 376
378 377
379 378
380 379
381 380
382 381
383 382
384 383
385 384
386 385
387 386
388 387
389 388
390 389
391 390
392 391
393 392
394 393
395 394
396 395
397 396
398 397
399 398
400 399
401 400
402 401
403 402
404 403
405 404
406 405
407 406
408 407
409 408
410 409
411 410
412 411
413 412
414 413
415 414
416 415
417 416
418 417
419 418
420 419
421 420
422 421
422 7
423 45
424 423
425 424
426 424
427 424
428 426
429 427
430 45
431 426
432 423
433 427
434 432
435 45
436 426
437 425
438 434
439 426
440 426
441 427
442 423
443 429
444 434
445 430
446 429
447 441
448 447
449 423
450 431
451 445
452 440
453 437
454 441
455 426
456 433
457 439
458 428
459 458
460 458
461 448
462 432
463 455
464 439
465 458
466 463
467 430
468 437
469 456
470 425
471 456
472 439
473 446
474 434
475 456
476 471
477 471
478 446
479 439
480 471
481 469
482 477
483 450
484 444
485 457
486 456
487 475
488 455
489 429
490 482
491 452
492 423
493 431
494 487
495 489
496 464
497 451
498 433
499 449
500 476
501 492
502 430
503 473
504 450
505 501
506 452
507 489
508 461
509 306
510 509
511 510
512 511
513 512
514 513
515 514
516 515
517 516
518 517
519 518
520 519
521 520
522 521
523 522
524 523
525 524
526 525
527 526
528 527
529 528
530 529
531 530
532 531
533 532
534 533
535 534
536 535
537 536
538 537
539 538
540 539
541 540
542 541
543 542
544 543
545 544
546 545
547 546
548 547
548 306
549 300
550 549
551 550
552 551
553 552
554 553
555 554
556 555
557 556
558 557
559 558
560 559
561 560
562 561
563 562
564 563
565 564
566 565
567 566
568 567
569 568
570 569
571 570
572 571
573 572
574 573
575 574
576 575
577 576
578 577
579 578
580 579
581 580
582 581
583 582
584 583
585 584
586 585
586 300
587 504
588 587
589 504
590 504
591 590
592 504
593 504
594 592
595 587
596 587
597 538
598 538
599 538
600 599
601 600
602 601
603 597
604 603
605 538
606 602
607 604
608 538
609 607
610 538
611 599
612 602
613 605
614 610
615 602
616 608
617 599
618 616
619 602
620 604
621 602
622 598
623 610
624 601
625 599
626 600
627 613
628 612
629 604
630 610
631 610
632 620
633 606
634 620
635 604
636 634
637 597
638 602
639 616
640 629
641 611
642 636
643 629
644 616
645 635
646 636
647 611
648 607
649 613
650 621
651 634
652 614
653 605
654 641
655 652
656 614
657 606
658 621
659 627
660 653
661 655
662 631
663 625
664 614
665 639
666 622
667 627
668 663
669 658
670 640
671 623
672 609
673 668
674 652
675 629
676 620
677 649
678 671
679 672
680 653
681 678
682 665
683 682
684 629
685 615
686 620
687 637
688 685
689 660
690 676
691 622
692 162
693 692
694 693
695 694
696 695
697 696
698 697
699 698
700 699
701 700
702 701
703 702
704 703
705 704
706 705
707 706
708 707
709 708
710 709
711 710
712 711
713 712
714 713
715 714
716 715
717 716
718 717
719 718
720 719
721 720
722 721
723 722
724 723
725 724
725 162
726 85
727 85
728 726
729 85
730 726
731 726
732 85
733 729
734 730
735 734
736 730
737 727
738 85
739 730
740 733
741 732
742 741
743 735
744 738
745 741
746 738
747 743
748 738
749 735
750 728
751 750
752 745
753 728
754 736
755 754
756 731
757 749
758 742
759 755
760 729
761 746
762 753
763 757
764 762
765 750
766 733
767 759
768 759
769 751
770 741
771 731
772 769
773 730
774 762
775 726
776 750
777 737
778 773
779 747
780 775
781 764
782 736
783 754
784 782
785 757
786 730
787 774
788 749
789 763
790 749
791 788
792 781
793 775
794 726
795 785
796 761
797 794
798 736
799 769
800 795
801 784
802 769
803 759
804 775
805 777
806 729
807 767
808 61
809 808
810 809
811 810
812 811
813 812
814 813
815 814
816 815
817 816
818 817
819 818
820 819
821 820
822 821
823 822
824 823
825 824
826 825
827 826
828 827
829 828
830 829
831 830
832 831
833 832
834 833
835 834
836 835
837 836
838 837
839 838
840 839
841 840
842 841
843 842
844 843
845 844
846 845
847 846
848 847
849 848
850 849
851 850
852 851
853 852
854 853
855 854
856 855
857 856
858 857
858 61
859 800
860 859
861 860
862 861
863 862
864 863
865 864
866 865
867 866
868 867
869 868
870 869
871 870
872 871
873 872
874 873
874 800
875 20
876 20
877 20
878 20
879 877
880 876
881 879
882 879
883 20
884 880
885 876
886 883
887 883
888 878
889 878
890 880
891 882
892 884
893 882
894 884
895 891
896 20
897 882
898 886
899 895
900 880
901 896
902 899
903 894
904 897
905 903
906 20
907 904
908 881
909 20
910 896
911 889
912 882
913 884
914 894
915 879
916 913
917 882
918 902
919 905
920 916
921 917
922 913
923 915
924 916
925 20
926 883
927 890
928 907
929 878
930 917
931 876
932 893
933 892
934 911
935 891
936 878
937 884
938 924
939 930
940 896
941 936
942 881
943 919
944 902
945 915
946 902
947 926
948 887
949 936
950 911
951 926
952 896
953 923
954 916
955 901
956 922
957 877
958 901
959 914
960 925
961 930
962 919
963 930
964 396
965 964
966 965
967 966
968 967
969 968
970 969
971 970
972 971
973 972
974 973
975 974
976 975
977 976
978 977
979 978
980 979
981 980
982 981
983 982
984 983
985 984
986 985
987 986
988 987
989 988
990 989
991 990
992 991
993 992
994 993
995 994
996 995
997 996
998 997
999 998
1000 999
1000 396
