10000 10009
2 1
3 2
4 3
5 4
6 5
7 6
8 7
9 8
10 9
11 10
12 11
13 12
14 13
15 14
16 15
17 16
18 17
19 18
20 19
21 20
22 21
23 22
24 23
25 24
26 25
27 26
28 27
29 28
30 29
31 30
32 31
33 32
34 33
35 34
36 35
37 36
38 37
39 38
40 39
41 40
42 41
43 42
44 43
45 44
46 45
47 46
48 47
49 48
50 49
51 50
52 51
53 52
54 53
55 54
56 55
57 56
58 57
59 58
60 59
61 60
62 61
63 62
64 63
65 64
66 65
67 66
68 67
69 68
70 69
71 70
72 71
73 72
74 73
75 74
76 75
77 76
78 77
79 78
80 79
81 80
82 81
83 82
84 83
85 84
86 85
87 86
88 87
89 88
90 89
91 90
92 91
93 92
94 93
95 94
96 95
97 96
98 97
99 98
100 99
101 100
102 101
103 102
104 103
105 104
106 105
107 106
108 107
109 108
110 109
111 110
112 111
113 112
114 113
115 114
116 115
117 116
118 117
119 118
120 119
121 120
122 121
123 122
124 123
125 124
126 125
127 126
128 127
129 128
130 129
131 130
132 131
133 132
134 133
135 134
136 135
137 136
138 137
139 138
140 139
141 140
142 141
143 142
144 143
145 144
146 145
147 146
148 147
149 148
150 149
151 150
152 151
153 152
154 153
155 154
156 155
157 156
158 157
159 158
160 159
161 160
162 161
163 162
164 163
165 164
166 165
167 166
168 167
169 168
170 169
171 170
172 171
173 172
174 173
175 174
176 175
177 176
178 177
179 178
180 179
181 180
182 181
183 182
184 183
185 184
186 185
187 186
188 187
189 188
190 189
191 190
192 191
193 192
194 193
195 194
196 195
197 196
198 197
199 198
200 199
201 200
202 201
203 202
204 203
205 204
206 205
207 206
208 207
209 208
210 209
211 210
212 211
213 212
214 213
215 214
216 215
217 216
218 217
219 218
220 219
221 220
222 221
223 222
224 223
225 224
226 225
227 226
228 227
229 228
230 229
231 230
232 231
233 232
234 233
235 234
236 235
237 236
238 237
239 238
240 239
241 240
242 241
243 242
244 243
245 244
246 245
247 246
248 247
249 248
250 249
251 250
252 251
253 252
254 253
255 254
256 255
257 256
258 257
259 258
260 259
261 260
262 261
263 262
264 263
265 264
266 265
267 266
268 267
269 268
270 269
271 270
272 271
273 272
274 273
275 274
276 275
277 276
278 277
279 278
280 279
281 280
282 281
283 282
284 283
285 284
286 285
287 286
288 287
289 288
290 289
291 290
292 291
293 292
294 293
295 294
296 295
297 296
298 297
299 298
300 299
301 300
302 301
303 302
304 303
305 304
306 305
307 306
308 307
309 308
310 309
311 310
312 311
313 312
314 313
315 314
316 315
317 316
318 317
319 318
320 319
321 320
322 321
323 322
324 323
325 324
326 325
327 326
328 327
329 328
330 329
331 330
332 331
333 332
334 333
335 334
336 335
337 336
338 337
339 338
340 339
341 340
342 341
343 342
344 343
345 344
346 345
347 346
348 347
349 348
350 349
351 350
352 351
353 352
354 353
355 354
356 355
357 356
358 357
359 358
360 359
361 360
362 361
363 362
364 363
365 364
366 365
367 366
368 367
369 368
370 369
371 370
372 371
373 372
374 373
375 374
376 375
377 376
378 377
379 378
380 379
381 380
382 381
383 382
384 383
385 384
386 385
387 386
388 387
389 388
390 389
391 390
392 391
393 392
394 393
395 394
396 395
397 396
398 397
399 398
400 399
401 400
402 401
403 402
404 403
405 404
406 405
407 406
408 407
409 408
410 409
411 410
412 411
413 412
414 413
415 414
416 415
417 416
418 417
419 418
420 419
421 420
422 421
423 422
424 423
425 424
426 425
427 426
428 427
429 428
430 429
431 430
432 431
433 432
434 433
435 434
436 435
437 436
438 437
439 438
440 439
441 440
442 441
443 442
444 443
445 444
446 445
447 446
448 447
449 448
450 449
451 450
452 451
453 452
454 453
455 454
456 455
457 456
458 457
459 458
460 459
461 460
462 461
463 462
464 463
465 464
466 465
467 466
468 467
469 468
470 469
471 470
472 471
473 472
474 473
475 474
476 475
477 476
478 477
479 478
480 479
481 480
482 481
483 482
484 483
485 484
486 485
487 486
488 487
489 488
490 489
491 490
492 491
493 492
494 493
495 494
496 495
497 496
498 497
499 498
500 499
501 500
502 501
503 502
504 503
505 504
506 505
507 506
508 507
509 508
510 509
511 510
512 511
513 512
514 513
515 514
516 515
517 516
518 517
519 518
520 519
521 520
522 521
523 522
524 523
525 524
526 525
527 526
528 527
529 528
530 529
531 530
532 531
533 532
534 533
535 534
536 535
537 536
538 537
539 538
540 539
541 540
542 541
543 542
544 543
545 544
546 545
547 546
548 547
549 548
550 549
551 550
552 551
553 552
554 553
555 554
556 555
557 556
558 557
559 558
560 559
561 560
562 561
563 562
564 563
565 564
566 565
567 566
568 567
569 568
570 569
571 570
572 571
573 572
574 573
575 574
576 575
577 576
578 577
579 578
580 579
581 580
582 581
583 582
584 583
585 584
586 585
587 586
588 587
589 588
590 589
591 590
592 591
593 592
594 593
595 594
596 595
597 596
598 597
599 598
600 599
601 600
602 601
603 602
604 603
605 604
606 605
607 606
608 607
609 608
610 609
611 610
612 611
613 612
614 613
615 614
616 615
617 616
618 617
619 618
620 619
621 620
622 621
623 622
624 623
625 624
626 625
627 626
628 627
629 628
630 629
631 630
632 631
633 632
634 633
635 634
636 635
637 636
638 637
639 638
640 639
641 640
642 641
643 642
644 643
645 644
646 645
647 646
648 647
649 648
650 649
651 650
652 651
653 652
654 653
655 654
656 655
657 656
658 657
659 658
660 659
661 660
662 661
663 662
664 663
665 664
666 665
667 666
668 667
669 668
670 669
671 670
672 671
673 672
674 673
675 674
676 675
677 676
678 677
679 678
680 679
681 680
682 681
683 682
684 683
685 684
686 685
687 686
688 687
689 688
690 689
691 690
692 691
693 692
694 693
695 694
696 695
697 696
698 697
699 698
700 699
701 700
702 701
703 702
704 703
705 704
706 705
707 706
708 707
709 708
710 709
711 710
712 711
713 712
714 713
715 714
716 715
717 716
718 717
719 718
720 719
721 720
722 721
723 722
724 723
725 724
726 725
727 726
728 727
729 728
730 729
731 730
732 731
733 732
734 733
735 734
736 735
737 736
738 737
739 738
740 739
741 740
742 741
743 742
744 743
745 744
746 745
747 746
748 747
749 748
750 749
751 750
752 751
753 752
754 753
755 754
756 755
757 756
758 757
759 758
760 759
761 760
762 761
763 762
764 763
765 764
766 765
767 766
768 767
769 768
770 769
771 770
772 771
773 772
774 773
775 774
776 775
777 776
778 777
779 778
780 779
781 780
782 781
783 782
784 783
785 784
786 785
787 786
788 787
789 788
790 789
791 790
792 791
793 792
794 793
795 794
796 795
797 796
798 797
799 798
800 799
801 800
802 801
803 802
804 803
805 804
806 805
807 806
808 807
809 808
810 809
811 810
812 811
813 812
814 813
815 814
816 815
817 816
818 817
819 818
820 819
821 820
822 821
823 822
824 823
825 824
826 825
827 826
828 827
829 828
830 829
831 830
832 831
833 832
834 833
835 834
836 835
837 836
838 837
839 838
840 839
841 840
842 841
843 842
844 843
845 844
846 845
847 846
848 847
849 848
850 849
851 850
852 851
853 852
854 853
855 854
856 855
857 856
858 857
859 858
860 859
861 860
862 861
863 862
864 863
865 864
866 865
867 866
868 867
869 868
870 869
871 870
872 871
873 872
874 873
875 874
876 875
877 876
878 877
879 878
880 879
881 880
882 881
883 882
884 883
885 884
886 885
887 886
888 887
889 888
890 889
891 890
892 891
893 892
894 893
895 894
896 895
897 896
898 897
899 898
900 899
901 900
902 901
903 902
904 903
905 904
906 905
907 906
908 907
909 908
909 1
910 841
911 910
912 841
913 912
914 912
915 913
916 841
917 841
918 913
919 915
920 917
921 912
922 913
923 910
924 912
925 920
926 918
927 926
928 915
929 914
930 921
931 922
932 928
933 918
934 841
935 921
936 924
937 932
938 930
939 922
940 913
941 928
942 936
943 933
944 942
945 942
946 924
947 919
948 932
949 919
950 927
951 941
952 947
953 926
954 914
955 954
956 940
957 940
958 925
959 912
960 912
961 933
962 912
963 937
964 939
965 945
966 925
967 937
968 929
969 952
970 956
971 913
972 962
973 950
974 937
975 972
976 921
977 959
978 939
979 973
980 916
981 971
982 970
983 922
984 979
985 923
986 983
987 921
988 973
989 963
990 942
991 974
992 951
993 923
994 957
995 957
996 988
997 966
998 940
999 960
1000 938
1001 998
1002 925
1003 970
1004 1000
1005 990
1006 978
1007 953
1008 972
1009 969
1010 985
1011 930
1012 968
1013 1010
1014 1001
1015 951
1016 982
1017 999
1018 934
1019 972
1020 1007
1021 924
1022 910
1023 941
1024 935
1025 959
1026 996
1027 1026
1028 1018
1029 910
1030 955
1031 930
1032 919
1033 938
1034 963
1035 1027
1036 841
1037 984
1038 1010
1039 980
1040 984
1041 946
1042 979
1043 1018
1044 1004
1045 987
1046 1006
1047 1002
1048 918
1049 936
1050 1043
1051 932
1052 917
1053 952
1054 913
1055 957
1056 962
1057 961
1058 992
1059 948
1060 925
1061 968
1062 1027
1063 1008
1064 939
1065 1001
1066 916
1067 980
1068 1049
1069 996
1070 967
1071 932
1072 1046
1073 994
1074 1010
1075 947
1076 978
1077 1054
1078 972
1079 1077
1080 1051
1081 1028
1082 1032
1083 1076
1084 924
1085 997
1086 1022
1087 930
1088 963
1089 921
1090 1019
1091 920
1092 1006
1093 964
1094 979
1095 1067
1096 991
1097 926
1098 931
1099 926
1100 953
1101 1091
1102 930
1103 974
1104 1078
1105 955
1106 915
1107 931
1108 972
1109 915
1110 1046
1111 1106
1112 1036
1113 994
1114 1039
1115 1067
1116 990
1117 1061
1118 1079
1119 1091
1120 1016
1121 1024
1122 1080
1123 1103
1124 939
1125 1002
1126 1052
1127 1068
1128 998
1129 1013
1130 970
1131 1110
1132 921
1133 980
1134 1084
1135 982
1136 919
1137 947
1138 1037
1139 1088
1140 1097
1141 1010
1142 955
1143 1122
1144 1105
1145 1095
1146 1131
1147 948
1148 1076
1149 999
1150 994
1151 1063
1152 927
1153 1013
1154 1133
1155 919
1156 1131
1157 1083
1158 940
1159 1081
1160 994
1161 1115
1162 1006
1163 914
1164 995
1165 1015
1166 956
1167 1067
1168 997
1169 1145
1170 953
1171 1082
1172 1117
1173 1036
1174 1171
1175 1110
1176 931
1177 1125
1178 1010
1179 1152
1180 1150
1181 1148
1182 1068
1183 952
1184 1021
1185 948
1186 983
1187 1056
1188 1001
1189 1134
1190 1112
1191 918
1192 1015
1193 954
1194 1154
1195 1039
1196 1146
1197 1069
1198 1181
1199 925
1200 947
1201 1089
1202 1146
1203 1130
1204 937
1205 984
1206 1124
1207 1001
1208 934
1209 1070
1210 1012
1211 1061
1212 1181
1213 1074
1214 1067
1215 1016
1216 922
1217 1209
1218 1021
1219 1105
1220 1122
1221 1139
1222 973
1223 1099
1224 1152
1225 944
1226 926
1227 1025
1228 1149
1229 1076
1230 1206
1231 920
1232 1125
1233 1080
1234 933
1235 1038
1236 1205
1237 927
1238 994
1239 1157
1240 913
1241 917
1242 1231
1243 1103
1244 946
1245 1099
1246 931
1247 912
1248 1205
1249 1197
1250 1171
1251 1191
1252 1117
1253 1139
1254 922
1255 1129
1256 1118
1257 944
1258 1081
1259 1016
1260 1200
1261 1230
1262 1046
1263 1082
1264 1127
1265 1112
1266 1259
1267 1065
1268 1070
1269 1175
1270 931
1271 954
1272 1114
1273 1218
1274 1193
1275 985
1276 1005
1277 1062
1278 1094
1279 1193
1280 1209
1281 1103
1282 1102
1283 1080
1284 1181
1285 1140
1286 974
1287 1273
1288 1099
1289 1031
1290 1141
1291 1160
1292 929
1293 1082
1294 981
1295 1037
1296 1247
1297 1171
1298 1028
1299 1250
1300 947
1301 1034
1302 1139
1303 1111
1304 918
1305 938
1306 1103
1307 1270
1308 1153
1309 1235
1310 932
1311 975
1312 1288
1313 1219
1314 953
1315 1084
1316 1157
1317 976
1318 1039
1319 1285
1320 1036
1321 1099
1322 927
1323 1309
1324 1242
1325 1273
1326 1187
1327 1199
1328 1292
1329 941
1330 1090
1331 1279
1332 1192
1333 1167
1334 1168
1335 1302
1336 1029
1337 1040
1338 1205
1339 1334
1340 1323
1341 947
1342 1214
1343 1160
1344 1289
1345 1169
1346 1322
1347 930
1348 1188
1349 1174
1350 1233
1351 1019
1352 986
1353 1098
1354 952
1355 1227
1356 1175
1357 970
1358 915
1359 1149
1360 1255
1361 1340
1362 1220
1363 1010
1364 1172
1365 1198
1366 1169
1367 1106
1368 932
1369 1296
1370 1272
1371 1167
1372 1061
1373 1333
1374 1180
1375 1299
1376 1049
1377 962
1378 1007
1379 917
1380 1177
1381 1127
1382 1149
1383 1290
1384 1118
1385 1292
1386 998
1387 1139
1388 941
1389 1293
1390 932
1391 1229
1392 1286
1393 1146
1394 1118
1395 1327
1396 1050
1397 1264
1398 1387
1399 962
1400 1080
1401 1074
1402 1225
1403 928
1404 927
1405 1241
1406 1182
1407 955
1408 1366
1409 1185
1410 1181
1411 957
1412 1336
1413 1081
1414 925
1415 1333
1416 1219
1417 1167
1418 1019
1419 841
1420 1265
1421 930
1422 1239
1423 1006
1424 1013
1425 1230
1426 1132
1427 1081
1428 1406
1429 1324
1430 1253
1431 976
1432 1098
1433 1399
1434 987
1435 1183
1436 1061
1437 991
1438 926
1439 938
1440 1049
1441 1294
1442 1148
1443 1094
1444 1107
1445 1134
1446 978
1447 1104
1448 973
1449 953
1450 1346
1451 1123
1452 1074
1453 1257
1454 1178
1455 1176
1456 1177
1457 1164
1458 1058
1459 1359
1460 1366
1461 1442
1462 1280
1463 1010
1464 1305
1465 1417
1466 1381
1467 1343
1468 932
1469 1368
1470 1452
1471 1066
1472 1230
1473 1321
1474 1112
1475 1352
1476 994
1477 1325
1478 1361
1479 1133
1480 1205
1481 1193
1482 1321
1483 1230
1484 1459
1485 1475
1486 1372
1487 1419
1488 1179
1489 1165
1490 1243
1491 967
1492 1460
1493 1130
1494 1196
1495 1489
1496 1405
1497 1222
1498 1352
1499 1075
1500 935
1501 1059
1502 1281
1503 1410
1504 1049
1505 975
1506 1425
1507 1085
1508 1249
1509 1151
1510 1227
1511 1087
1512 1372
1513 1223
1514 922
1515 1197
1516 1264
1517 1391
1518 1260
1519 1005
1520 1407
1521 1219
1522 1296
1523 1174
1524 1012
1525 940
1526 1294
1527 1147
1528 1116
1529 978
1530 996
1531 1017
1532 1061
1533 1264
1534 1396
1535 1151
1536 1133
1537 927
1538 1329
1539 1049
1540 992
1541 1130
1542 1121
1543 967
1544 1360
1545 967
1546 1248
1547 1346
1548 1058
1549 1069
1550 1273
1551 1526
1552 990
1553 1416
1554 1157
1555 1369
1556 952
1557 1401
1558 1452
1559 1332
1560 1041
1561 1119
1562 945
1563 961
1564 1506
1565 1535
1566 1198
1567 1485
1568 1114
1569 1209
1570 982
1571 976
1572 1161
1573 1560
1574 1020
1575 1403
1576 1201
1577 1510
1578 1056
1579 964
1580 1053
1581 1438
1582 1167
1583 1330
1584 1225
1585 1500
1586 914
1587 1124
1588 1412
1589 1264
1590 1061
1591 1530
1592 1352
1593 1311
1594 1163
1595 1234
1596 1203
1597 1393
1598 991
1599 1336
1600 1556
1601 1321
1602 1475
1603 1529
1604 1080
1605 1489
1606 979
1607 1124
1608 1475
1609 1323
1610 1181
1611 1037
1612 1150
1613 1248
1614 613
1615 1614
1616 1614
1617 613
1618 1617
1619 1614
1620 613
1621 1617
1622 1615
1623 1619
1624 1623
1625 1619
1626 613
1627 1614
1628 1620
1629 1623
1630 613
1631 1630
1632 1614
1633 1626
1634 1625
1635 1625
1636 1619
1637 1630
1638 1630
1639 1634
1640 1619
1641 1616
1642 1616
1643 1621
1644 1616
1645 1632
1646 1636
1647 1643
1648 1625
1649 1617
1650 1649
1651 1636
1652 1635
1653 1622
1654 1614
1655 1639
1656 1641
1657 1622
1658 1647
1659 1654
1660 1622
1661 1641
1662 1620
1663 1629
1664 1655
1665 1629
1666 1635
1667 1664
1668 1657
1669 1642
1670 1637
1671 1663
1672 1653
1673 1621
1674 1626
1675 1633
1676 1672
1677 1673
1678 1631
1679 1639
1680 1654
1681 1673
1682 1627
1683 1652
1684 1614
1685 1632
1686 1620
1687 1678
1688 1614
1689 1678
1690 1688
1691 1660
1692 1634
1693 1624
1694 1669
1695 1687
1696 1689
1697 1695
1698 1637
1699 1627
1700 1649
1701 1665
1702 1640
1703 1663
1704 1615
1705 1639
1706 1693
1707 1619
1708 1705
1709 1646
1710 1685
1711 1699
1712 1642
1713 1710
1714 1647
1715 1660
1716 1624
1717 1630
1718 1627
1719 1696
1720 1682
1721 1642
1722 1620
1723 1709
1724 1620
1725 1683
1726 1721
1727 1631
1728 1666
1729 1670
1730 1663
1731 1641
1732 1699
1733 1629
1734 1666
1735 1675
1736 1619
1737 1653
1738 1731
1739 1674
1740 1709
1741 1615
1742 1679
1743 1731
1744 1726
1745 1659
1746 1630
1747 1642
1748 1707
1749 1688
1750 1664
1751 1708
1752 1749
1753 1750
1754 1637
1755 1637
1756 1615
1757 1626
1758 1620
1759 1677
1760 1615
1761 1690
1762 1678
1763 1622
1764 1616
1765 1734
1766 1745
1767 1755
1768 1710
1769 1652
1770 1622
1771 1745
1772 1685
1773 1708
1774 1705
1775 1759
1776 1710
1777 1725
1778 1758
1779 1763
1780 1753
1781 1670
1782 1778
1783 1720
1784 1713
1785 1718
1786 1778
1787 1658
1788 1758
1789 1757
1790 1650
1791 1767
1792 1628
1793 1649
1794 1627
1795 1764
1796 1724
1797 1698
1798 1702
1799 1688
1800 1682
1801 1634
1802 1749
1803 1645
1804 1708
1805 1670
1806 1666
1807 1745
1808 1723
1809 1658
1810 1787
1811 1666
1812 1653
1813 1641
1814 1757
1815 1787
1816 1780
1817 1651
1818 1696
1819 1793
1820 1741
1821 1725
1822 1677
1823 1808
1824 1621
1825 1721
1826 1789
1827 1734
1828 1658
1829 1691
1830 1741
1831 1714
1832 1639
1833 1733
1834 1814
1835 1811
1836 1789
1837 1660
1838 1802
1839 1798
1840 1793
1841 1728
1842 1750
1843 1811
1844 1792
1845 1616
1846 1804
1847 1810
1848 1705
1849 1804
1850 1783
1851 1734
1852 1683
1853 1769
1854 1670
1855 1754
1856 1722
1857 1649
1858 1628
1859 1749
1860 1843
1861 1736
1862 1622
1863 1721
1864 1664
1865 1740
1866 1767
1867 1818
1868 1663
1869 1710
1870 1857
1871 1843
1872 1647
1873 1770
1874 1780
1875 1777
1876 1686
1877 1659
1878 1696
1879 1809
1880 1804
1881 1725
1882 1851
1883 1878
1884 1842
1885 1793
1886 1774
1887 1649
1888 1672
1889 1677
1890 1837
1891 1863
1892 1683
1893 1617
1894 1629
1895 1640
1896 1688
1897 1675
1898 1652
1899 1892
1900 1846
1901 1820
1902 1792
1903 1696
1904 1711
1905 1853
1906 1626
1907 1798
1908 1698
1909 1810
1910 1893
1911 1616
1912 1781
1913 1690
1914 1842
1915 1824
1916 1774
1917 1654
1918 1761
1919 1769
1920 1626
1921 1909
1922 1878
1923 1666
1924 1859
1925 1791
1926 1751
1927 1638
1928 1853
1929 1811
1930 1634
1931 1632
1932 1869
1933 1799
1934 1698
1935 1762
1936 1817
1937 1675
1938 1359
1939 1938
1940 1939
1941 1938
1942 1938
1943 1940
1944 1938
1945 1941
1946 1938
1947 1359
1948 1945
1949 1938
1950 1949
1951 1942
1952 1946
1953 1941
1954 1946
1955 1359
1956 1955
1957 1939
1958 1955
1959 1956
1960 1947
1961 1959
1962 1957
1963 1941
1964 1953
1965 1938
1966 1961
1967 1956
1968 1944
1969 1963
1970 1953
1971 1940
1972 1950
1973 1965
1974 1938
1975 1966
1976 1972
1977 1948
1978 1967
1979 1971
1980 1956
1981 1972
1982 1971
1983 1965
1984 1982
1985 1954
1986 1946
1987 1940
1988 1955
1989 1980
1990 1956
1991 1970
1992 1989
1993 1981
1994 1957
1995 1967
1996 1954
1997 1959
1998 1963
1999 1961
2000 1955
2001 2000
2002 1943
2003 1958
2004 2002
2005 1981
2006 1965
2007 1977
2008 1946
2009 1986
2010 1945
2011 1960
2012 1958
2013 1964
2014 1953
2015 1971
2016 1968
2017 1981
2018 1949
2019 2003
2020 1968
2021 1960
2022 1983
2023 1988
2024 1996
2025 1946
2026 1955
2027 1945
2028 1963
2029 1986
2030 1977
2031 1992
2032 1997
2033 1938
2034 1999
2035 1979
2036 2006
2037 1944
2038 1976
2039 1967
2040 1978
2041 1998
2042 1950
2043 1981
2044 2022
2045 1998
2046 2017
2047 1989
2048 1960
2049 1943
2050 1999
2051 2037
2052 1965
2053 1946
2054 2051
2055 2030
2056 1962
2057 1973
2058 2022
2059 1983
2060 2003
2061 1996
2062 2045
2063 2049
2064 1952
2065 2003
2066 1939
2067 1952
2068 2056
2069 1961
2070 1996
2071 2068
2072 1987
2073 1952
2074 1973
2075 1359
2076 2023
2077 2071
2078 1964
2079 2027
2080 2023
2081 1951
2082 1994
2083 1967
2084 1971
2085 2026
2086 1998
2087 1953
2088 2064
2089 2015
2090 1999
2091 1991
2092 2056
2093 2092
2094 2055
2095 2002
2096 1976
2097 2034
2098 2054
2099 2065
2100 2014
2101 1992
2102 2088
2103 2048
2104 2063
2105 2009
2106 1956
2107 2086
2108 1988
2109 2038
2110 2019
2111 2059
2112 2100
2113 1957
2114 2032
2115 2057
2116 2001
2117 1944
2118 2044
2119 2048
2120 2055
2121 2063
2122 1965
2123 1982
2124 2118
2125 2110
2126 2019
2127 1989
2128 1985
2129 2127
2130 2081
2131 1962
2132 2069
2133 2030
2134 2084
2135 2004
2136 2020
2137 2024
2138 2132
2139 1974
2140 2081
2141 2115
2142 1954
2143 2120
2144 2106
2145 1993
2146 2008
2147 2017
2148 2081
2149 2001
2150 2061
2151 2037
2152 1944
2153 1981
2154 2075
2155 1963
2156 2037
2157 2034
2158 1998
2159 2037
2160 1973
2161 2155
2162 2079
2163 2086
2164 2115
2165 1998
2166 2137
2167 1951
2168 2081
2169 1949
2170 2149
2171 2046
2172 2135
2173 2130
2174 2017
2175 2111
2176 2076
2177 2044
2178 2060
2179 1986
2180 2051
2181 2132
2182 2167
2183 2007
2184 2178
2185 2089
2186 2146
2187 1960
2188 2115
2189 2100
2190 1945
2191 1359
2192 2014
2193 1989
2194 2119
2195 2163
2196 2187
2197 2120
2198 1985
2199 2041
2200 2005
2201 1968
2202 2183
2203 2031
2204 2156
2205 1948
2206 2197
2207 2098
2208 1941
2209 2077
2210 2141
2211 2117
2212 2191
2213 2173
2214 2058
2215 2042
2216 2023
2217 2027
2218 1972
2219 2180
2220 2179
2221 1973
2222 2019
2223 2007
2224 2081
2225 2173
2226 2216
2227 2019
2228 1989
2229 1972
2230 1949
2231 2134
2232 2132
2233 1986
2234 2037
2235 2135
2236 2128
2237 2036
2238 2165
2239 2043
2240 2212
2241 2028
2242 2107
2243 1966
2244 2187
2245 2033
2246 2201
2247 2024
2248 1952
2249 2084
2250 2193
2251 2013
2252 2076
2253 2020
2254 2083
2255 2232
2256 1975
2257 755
2258 2257
2259 2258
2260 2259
2261 2260
2262 2261
2263 2262
2264 2263
2265 2264
2266 2265
2267 2266
2268 2267
2269 2268
2270 2269
2271 2270
2272 2271
2273 2272
2274 2273
2275 2274
2276 2275
2277 2276
2278 2277
2279 2278
2280 2279
2281 2280
2282 2281
2283 2282
2284 2283
2285 2284
2286 2285
2287 2286
2288 2287
2289 2288
2290 2289
2291 2290
2292 2291
2293 2292
2294 2293
2295 2294
2296 2295
2297 2296
2298 2297
2299 2298
2300 2299
2301 2300
2302 2301
2303 2302
2304 2303
2305 2304
2306 2305
2307 2306
2308 2307
2309 2308
2310 2309
2311 2310
2312 2311
2313 2312
2314 2313
2315 2314
2316 2315
2317 2316
2318 2317
2319 2318
2320 2319
2321 2320
2322 2321
2323 2322
2324 2323
2325 2324
2326 2325
2327 2326
2328 2327
2329 2328
2330 2329
2331 2330
2332 2331
2333 2332
2334 2333
2335 2334
2336 2335
2337 2336
2338 2337
2339 2338
2340 2339
2341 2340
2342 2341
2343 2342
2344 2343
2345 2344
2346 2345
2347 2346
2348 2347
2349 2348
2350 2349
2351 2350
2352 2351
2353 2352
2354 2353
2355 2354
2356 2355
2357 2356
2358 2357
2359 2358
2360 2359
2361 2360
2362 2361
2363 2362
2364 2363
2365 2364
2366 2365
2367 2366
2368 2367
2369 2368
2370 2369
2371 2370
2372 2371
2373 2372
2374 2373
2375 2374
2376 2375
2377 2376
2378 2377
2379 2378
2380 2379
2381 2380
2382 2381
2383 2382
2384 2383
2385 2384
2386 2385
2387 2386
2388 2387
2389 2388
2390 2389
2391 2390
2392 2391
2393 2392
2394 2393
2395 2394
2396 2395
2397 2396
2398 2397
2399 2398
2400 2399
2401 2400
2402 2401
2403 2402
2404 2403
2405 2404
2406 2405
2407 2406
2408 2407
2409 2408
2410 2409
2411 2410
2412 2411
2413 2412
2414 2413
2415 2414
2416 2415
2417 2416
2418 2417
2419 2418
2420 2419
2421 2420
2422 2421
2423 2422
2424 2423
2425 2424
2426 2425
2427 2426
2428 2427
2429 2428
2430 2429
2431 2430
2432 2431
2433 2432
2434 2433
2435 2434
2436 2435
2437 2436
2438 2437
2439 2438
2440 2439
2441 2440
2442 2441
2443 2442
2444 2443
2445 2444
2446 2445
2447 2446
2448 2447
2449 2448
2450 2449
2451 2450
2452 2451
2453 2452
2454 2453
2455 2454
2456 2455
2457 2456
2458 2457
2459 2458
2460 2459
2461 2460
2462 2461
2463 2462
2464 2463
2465 2464
2466 2465
2467 2466
2468 2467
2469 2468
2470 2469
2471 2470
2472 2471
2473 2472
2474 2473
2475 2474
2476 2475
2477 2476
2478 2477
2479 2478
2480 2479
2481 2480
2482 2481
2483 2482
2484 2483
2485 2484
2486 2485
2487 2486
2488 2487
2489 2488
2490 2489
2491 2490
2492 2491
2493 2492
2494 2493
2495 2494
2496 2495
2497 2496
2498 2497
2499 2498
2500 2499
2501 2500
2502 2501
2503 2502
2504 2503
2505 2504
2506 2505
2507 2506
2508 2507
2509 2508
2510 2509
2511 2510
2512 2511
2513 2512
2514 2513
2515 2514
2516 2515
2517 2516
2518 2517
2519 2518
2520 2519
2521 2520
2522 2521
2523 2522
2524 2523
2525 2524
2526 2525
2527 2526
2528 2527
2529 2528
2530 2529
2531 2530
2532 2531
2533 2532
2534 2533
2535 2534
2536 2535
2537 2536
2538 2537
2539 2538
2540 2539
2541 2540
2542 2541
2543 2542
2544 2543
2545 2544
2546 2545
2547 2546
2548 2547
2549 2548
2550 2549
2551 2550
2552 2551
2553 2552
2554 2553
2555 2554
2556 2555
2557 2556
2558 2557
2559 2558
2560 2559
2561 2560
2562 2561
2563 2562
2564 2563
2565 2564
2566 2565
2567 2566
2568 2567
2569 2568
2570 2569
2571 2570
2572 2571
2573 2572
2574 2573
2575 2574
2576 2575
2577 2576
2578 2577
2579 2578
2580 2579
2581 2580
2582 2581
2583 2582
2584 2583
2585 2584
2586 2585
2587 2586
2588 2587
2589 2588
2590 2589
2591 2590
2592 2591
2593 2592
2594 2593
2595 2594
2596 2595
2597 2596
2598 2597
2599 2598
2600 2599
2601 2600
2602 2601
2603 2602
2604 2603
2605 2604
2606 2605
2607 2606
2608 2607
2609 2608
2610 2609
2611 2610
2612 2611
2613 2612
2614 2613
2615 2614
2616 2615
2617 2616
2618 2617
2619 2618
2620 2619
2621 2620
2622 2621
2623 2622
2624 2623
2625 2624
2626 2625
2627 2626
2628 2627
2629 2628
2630 2629
2631 2630
2632 2631
2633 2632
2634 2633
2635 2634
2636 2635
2637 2636
2638 2637
2639 2638
2640 2639
2641 2640
2642 2641
2643 2642
2644 2643
2645 2644
2646 2645
2647 2646
2648 2647
2649 2648
2650 2649
2651 2650
2652 2651
2653 2652
2654 2653
2655 2654
2656 2655
2657 2656
2658 2657
2659 2658
2660 2659
2661 2660
2662 2661
2663 2662
2664 2663
2665 2664
2666 2665
2667 2666
2668 2667
2669 2668
2670 2669
2671 2670
2672 2671
2673 2672
2674 2673
2675 2674
2676 2675
2677 2676
2678 2677
2679 2678
2680 2679
2681 2680
2682 2681
2683 2682
2684 2683
2685 2684
2686 2685
2687 2686
2688 2687
2689 2688
2690 2689
2691 2690
2692 2691
2693 2692
2694 2693
2695 2694
2696 2695
2697 2696
2698 2697
2699 2698
2700 2699
2701 2700
2702 2701
2703 2702
2704 2703
2705 2704
2706 2705
2707 2706
2708 2707
2709 2708
2710 2709
2711 2710
2712 2711
2713 2712
2714 2713
2715 2714
2716 2715
2717 2716
2718 2717
2719 2718
2720 2719
2721 2720
2722 2721
2723 2722
2724 2723
2725 2724
2726 2725
2727 2726
2728 2727
2729 2728
2730 2729
2731 2730
2732 2731
2733 2732
2734 2733
2735 2734
2736 2735
2737 2736
2738 2737
2739 2738
2740 2739
2741 2740
2742 2741
2743 2742
2744 2743
2745 2744
2746 2745
2747 2746
2748 2747
2749 2748
2750 2749
2751 2750
2752 2751
2753 2752
2754 2753
2755 2754
2756 2755
2757 2756
2758 2757
2759 2758
2760 2759
2761 2760
2762 2761
2763 2762
2764 2763
2765 2764
2766 2765
2767 2766
2768 2767
2769 2768
2770 2769
2771 2770
2772 2771
2773 2772
2774 2773
2775 2774
2776 2775
2777 2776
2778 2777
2779 2778
2780 2779
2781 2780
2782 2781
2783 2782
2784 2783
2785 2784
2786 2785
2787 2786
2788 2787
2789 2788
2790 2789
2791 2790
2792 2791
2793 2792
2794 2793
2795 2794
2796 2795
2797 2796
2798 2797
2799 2798
2800 2799
2801 2800
2802 2801
2803 2802
2804 2803
2805 2804
2806 2805
2807 2806
2808 2807
2809 2808
2810 2809
2811 2810
2812 2811
2813 2812
2814 2813
2815 2814
2816 2815
2817 2816
2818 2817
2819 2818
2820 2819
2821 2820
2822 2821
2823 2822
2824 2823
2825 2824
2826 2825
2827 2826
2828 2827
2829 2828
2830 2829
2831 2830
2832 2831
2833 2832
2834 2833
2835 2834
2836 2835
2837 2836
2838 2837
2839 2838
2840 2839
2841 2840
2842 2841
2843 2842
2844 2843
2845 2844
2846 2845
2847 2846
2848 2847
2849 2848
2850 2849
2851 2850
2852 2851
2853 2852
2854 2853
2855 2854
2856 2855
2857 2856
2858 2857
2859 2858
2860 2859
2861 2860
2862 2861
2863 2862
2864 2863
2865 2864
2866 2865
2867 2866
2868 2867
2869 2868
2870 2869
2871 2870
2872 2871
2873 2872
2874 2873
2875 2874
2876 2875
2877 2876
2878 2877
2878 755
2879 1230
2880 2879
2881 2880
2882 2881
2883 2882
2884 2883
2885 2884
2886 2885
2887 2886
2888 2887
2889 2888
2890 2889
2891 2890
2892 2891
2893 2892
2894 2893
2895 2894
2896 2895
2897 2896
2898 2897
2899 2898
2900 2899
2901 2900
2902 2901
2903 2902
2904 2903
2905 2904
2906 2905
2907 2906
2908 2907
2909 2908
2910 2909
2911 2910
2912 2911
2913 2912
2914 2913
2915 2914
2916 2915
2917 2916
2918 2917
2919 2918
2920 2919
2921 2920
2922 2921
2923 2922
2924 2923
2925 2924
2926 2925
2927 2926
2928 2927
2929 2928
2930 2929
2931 2930
2932 2931
2933 2932
2934 2933
2935 2934
2936 2935
2937 2936
2938 2937
2939 2938
2940 2939
2941 2940
2942 2941
2943 2942
2944 2943
2945 2944
2946 2945
2947 2946
2948 2947
2949 2948
2950 2949
2951 2950
2952 2951
2953 2952
2954 2953
2955 2954
2956 2955
2957 2956
2958 2957
2959 2958
2960 2959
2961 2960
2962 2961
2963 2962
2964 2963
2965 2964
2966 2965
2967 2966
2968 2967
2969 2968
2970 2969
2971 2970
2972 2971
2973 2972
2974 2973
2975 2974
2976 2975
2977 2976
2978 2977
2979 2978
2980 2979
2981 2980
2982 2981
2983 2982
2984 2983
2985 2984
2986 2985
2987 2986
2988 2987
2989 2988
2990 2989
2991 2990
2992 2991
2993 2992
2994 2993
2995 2994
2996 2995
2997 2996
2998 2997
2999 2998
3000 2999
3001 3000
3002 3001
3003 3002
3004 3003
3005 3004
3006 3005
3007 3006
3008 3007
3009 3008
3010 3009
3011 3010
3012 3011
3013 3012
3014 3013
3015 3014
3016 3015
3017 3016
3018 3017
3019 3018
3020 3019
3021 3020
3022 3021
3023 3022
3024 3023
3025 3024
3026 3025
3027 3026
3028 3027
3029 3028
3030 3029
3031 3030
3032 3031
3033 3032
3034 3033
3035 3034
3036 3035
3037 3036
3038 3037
3039 3038
3040 3039
3041 3040
3042 3041
3043 3042
3044 3043
3045 3044
3046 3045
3047 3046
3048 3047
3049 3048
3050 3049
3051 3050
3052 3051
3053 3052
3054 3053
3055 3054
3056 3055
3057 3056
3058 3057
3059 3058
3060 3059
3061 3060
3062 3061
3063 3062
3064 3063
3065 3064
3066 3065
3067 3066
3068 3067
3069 3068
3070 3069
3071 3070
3072 3071
3073 3072
3074 3073
3075 3074
3076 3075
3077 3076
3078 3077
3079 3078
3080 3079
3081 3080
3082 3081
3083 3082
3084 3083
3085 3084
3086 3085
3087 3086
3088 3087
3089 3088
3090 3089
3091 3090
3092 3091
3093 3092
3094 3093
3095 3094
3096 3095
3097 3096
3098 3097
3099 3098
3100 3099
3101 3100
3102 3101
3103 3102
3104 3103
3105 3104
3106 3105
3107 3106
3108 3107
3109 3108
3110 3109
3111 3110
3112 3111
3113 3112
3114 3113
3115 3114
3116 3115
3117 3116
3118 3117
3119 3118
3120 3119
3121 3120
3122 3121
3123 3122
3124 3123
3125 3124
3126 3125
3127 3126
3128 3127
3129 3128
3130 3129
3131 3130
3132 3131
3133 3132
3134 3133
3135 3134
3136 3135
3137 3136
3138 3137
3139 3138
3140 3139
3141 3140
3142 3141
3143 3142
3144 3143
3145 3144
3146 3145
3147 3146
3148 3147
3149 3148
3150 3149
3151 3150
3152 3151
3153 3152
3154 3153
3155 3154
3156 3155
3157 3156
3158 3157
3159 3158
3160 3159
3161 3160
3162 3161
3163 3162
3164 3163
3165 3164
3166 3165
3167 3166
3168 3167
3169 3168
3170 3169
3171 3170
3172 3171
3173 3172
3174 3173
3175 3174
3176 3175
3177 3176
3178 3177
3179 3178
3180 3179
3181 3180
3182 3181
3183 3182
3184 3183
3185 3184
3186 3185
3187 3186
3188 3187
3189 3188
3190 3189
3191 3190
3192 3191
3193 3192
3194 3193
3195 3194
3196 3195
3197 3196
3198 3197
3199 3198
3200 3199
3201 3200
3202 3201
3203 3202
3204 3203
3205 3204
3206 3205
3207 3206
3208 3207
3209 3208
3210 3209
3211 3210
3212 3211
3213 3212
3214 3213
3215 3214
3216 3215
3217 3216
3218 3217
3219 3218
3220 3219
3221 3220
3222 3221
3223 3222
3224 3223
3225 3224
3226 3225
3227 3226
3228 3227
3229 3228
3230 3229
3231 3230
3232 3231
3233 3232
3234 3233
3235 3234
3236 3235
3237 3236
3238 3237
3239 3238
3240 3239
3241 3240
3242 3241
3243 3242
3244 3243
3245 3244
3246 3245
3247 3246
3248 3247
3249 3248
3250 3249
3251 3250
3252 3251
3253 3252
3254 3253
3255 3254
3256 3255
3257 3256
3258 3257
3259 3258
3260 3259
3261 3260
3262 3261
3263 3262
3264 3263
3265 3264
3266 3265
3267 3266
3268 3267
3269 3268
3270 3269
3271 3270
3272 3271
3273 3272
3274 3273
3275 3274
3276 3275
3277 3276
3278 3277
3279 3278
3280 3279
3281 3280
3282 3281
3283 3282
3284 3283
3285 3284
3286 3285
3287 3286
3288 3287
3289 3288
3290 3289
3291 3290
3292 3291
3293 3292
3294 3293
3295 3294
3296 3295
3297 3296
3298 3297
3299 3298
3300 3299
3301 3300
3302 3301
3303 3302
3304 3303
3305 3304
3306 3305
3307 3306
3308 3307
3309 3308
3310 3309
3311 3310
3312 3311
3313 3312
3314 3313
3315 3314
3316 3315
3317 3316
3318 3317
3319 3318
3320 3319
3321 3320
3322 3321
3323 3322
3324 3323
3325 3324
3326 3325
3327 3326
3328 3327
3329 3328
3330 3329
3331 3330
3332 3331
3333 3332
3334 3333
3335 3334
3336 3335
3337 3336
3338 3337
3339 3338
3340 3339
3341 3340
3342 3341
3343 3342
3344 3343
3345 3344
3346 3345
3347 3346
3348 3347
3349 3348
3350 3349
3351 3350
3352 3351
3353 3352
3354 3353
3355 3354
3356 3355
3357 3356
3358 3357
3359 3358
3360 3359
3361 3360
3362 3361
3363 3362
3364 3363
3365 3364
3366 3365
3367 3366
3368 3367
3369 3368
3370 3369
3371 3370
3372 3371
3373 3372
3374 3373
3375 3374
3376 3375
3377 3376
3378 3377
3379 3378
3380 3379
3381 3380
3382 3381
3383 3382
3384 3383
3385 3384
3386 3385
3387 3386
3388 3387
3389 3388
3390 3389
3391 3390
3392 3391
3393 3392
3394 3393
3395 3394
3396 3395
3397 3396
3398 3397
3399 3398
3400 3399
3401 3400
3402 3401
3403 3402
3404 3403
3405 3404
3406 3405
3407 3406
3408 3407
3409 3408
3410 3409
3411 3410
3412 3411
3413 3412
3414 3413
3415 3414
3416 3415
3417 3416
3418 3417
3419 3418
3420 3419
3421 3420
3422 3421
3423 3422
3424 3423
3425 3424
3426 3425
3427 3426
3428 3427
3429 3428
3430 3429
3431 3430
3432 3431
3433 3432
3434 3433
3435 3434
3436 3435
3437 3436
3438 3437
3439 3438
3440 3439
3441 3440
3442 3441
3443 3442
3444 3443
3445 3444
3446 3445
3447 3446
3448 3447
3449 3448
3450 3449
3451 3450
3452 3451
3453 3452
3454 3453
3455 3454
3456 3455
3457 3456
3458 3457
3459 3458
3460 3459
3461 3460
3462 3461
3463 3462
3464 3463
3465 3464
3466 3465
3467 3466
3468 3467
3469 3468
3470 3469
3471 3470
3472 3471
3473 3472
3474 3473
3475 3474
3476 3475
3477 3476
3478 3477
3479 3478
3480 3479
3481 3480
3482 3481
3483 3482
3484 3483
3485 3484
3486 3485
3487 3486
3488 3487
3489 3488
3490 3489
3491 3490
3492 3491
3493 3492
3494 3493
3495 3494
3496 3495
3497 3496
3498 3497
3499 3498
3500 3499
3501 3500
3502 3501
3503 3502
3504 3503
3505 3504
3506 3505
3507 3506
3508 3507
3509 3508
3510 3509
3511 3510
3512 3511
3513 3512
3514 3513
3515 3514
3516 3515
3517 3516
3518 3517
3519 3518
3520 3519
3521 3520
3522 3521
3523 3522
3524 3523
3525 3524
3526 3525
3527 3526
3528 3527
3529 3528
3530 3529
3531 3530
3532 3531
3533 3532
3534 3533
3535 3534
3536 3535
3537 3536
3538 3537
3539 3538
3540 3539
3541 3540
3542 3541
3543 3542
3544 3543
3545 3544
3546 3545
3547 3546
3548 3547
3549 3548
3550 3549
3551 3550
3552 3551
3553 3552
3554 3553
3555 3554
3556 3555
3557 3556
3558 3557
3559 3558
3560 3559
3561 3560
3562 3561
3563 3562
3564 3563
3565 3564
3566 3565
3567 3566
3568 3567
3569 3568
3570 3569
3571 3570
3572 3571
3573 3572
3574 3573
3575 3574
3576 3575
3577 3576
3578 3577
3579 3578
3580 3579
3581 3580
3582 3581
3583 3582
3584 3583
3585 3584
3586 3585
3587 3586
3588 3587
3589 3588
3590 3589
3591 3590
3592 3591
3593 3592
3594 3593
3595 3594
3596 3595
3597 3596
3598 3597
3599 3598
3600 3599
3601 3600
3602 3601
3603 3602
3604 3603
3605 3604
3606 3605
3607 3606
3608 3607
3609 3608
3610 3609
3611 3610
3612 3611
3613 3612
3614 3613
3615 3614
3616 3615
3617 3616
3618 3617
3619 3618
3620 3619
3621 3620
3622 3621
3623 3622
3624 3623
3625 3624
3626 3625
3627 3626
3628 3627
3629 3628
3630 3629
3631 3630
3632 3631
3633 3632
3634 3633
3635 3634
3636 3635
3637 3636
3638 3637
3639 3638
3640 3639
3641 3640
3642 3641
3643 3642
3644 3643
3645 3644
3646 3645
3647 3646
3648 3647
3649 3648
3650 3649
3651 3650
3652 3651
3653 3652
3654 3653
3655 3654
3656 3655
3657 3656
3658 3657
3659 3658
3660 3659
3661 3660
3662 3661
3663 3662
3664 3663
3665 3664
3666 3665
3667 3666
3668 3667
3669 3668
3670 3669
3671 3670
3672 3671
3673 3672
3674 3673
3675 3674
3676 3675
3677 3676
3678 3677
3679 3678
3680 3679
3681 3680
3682 3681
3683 3682
3684 3683
3685 3684
3686 3685
3687 3686
3688 3687
3689 3688
3690 3689
3691 3690
3692 3691
3693 3692
3694 3693
3695 3694
3696 3695
3697 3696
3698 3697
3699 3698
3700 3699
3701 3700
3702 3701
3703 3702
3704 3703
3705 3704
3706 3705
3707 3706
3708 3707
3709 3708
3710 3709
3711 3710
3712 3711
3713 3712
3714 3713
3715 3714
3716 3715
3717 3716
3718 3717
3719 3718
3720 3719
3721 3720
3722 3721
3723 3722
3724 3723
3725 3724
3726 3725
3727 3726
3728 3727
3729 3728
3730 3729
3731 3730
3732 3731
3733 3732
3734 3733
3734 1230
3735 3394
3736 3735
3737 3736
3738 3737
3739 3738
3740 3739
3741 3740
3742 3741
3743 3742
3744 3743
3745 3744
3746 3745
3747 3746
3748 3747
3749 3748
3750 3749
3751 3750
3752 3751
3753 3752
3754 3753
3755 3754
3756 3755
3757 3756
3758 3757
3759 3758
3760 3759
3761 3760
3762 3761
3763 3762
3764 3763
3765 3764
3766 3765
3767 3766
3768 3767
3769 3768
3770 3769
3771 3770
3772 3771
3773 3772
3774 3773
3775 3774
3776 3775
3777 3776
3778 3777
3779 3778
3780 3779
3781 3780
3782 3781
3783 3782
3784 3783
3785 3784
3786 3785
3787 3786
3788 3787
3789 3788
3790 3789
3791 3790
3792 3791
3793 3792
3794 3793
3795 3794
3796 3795
3797 3796
3798 3797
3799 3798
3800 3799
3801 3800
3802 3801
3803 3802
3804 3803
3805 3804
3806 3805
3807 3806
3808 3807
3809 3808
3810 3809
3811 3810
3812 3811
3813 3812
3814 3813
3815 3814
3816 3815
3817 3816
3818 3817
3819 3818
3820 3819
3821 3820
3822 3821
3823 3822
3824 3823
3825 3824
3826 3825
3827 3826
3828 3827
3829 3828
3830 3829
3831 3830
3832 3831
3833 3832
3834 3833
3835 3834
3836 3835
3837 3836
3838 3837
3839 3838
3840 3839
3841 3840
3842 3841
3843 3842
3844 3843
3845 3844
3846 3845
3847 3846
3848 3847
3849 3848
3850 3849
3851 3850
3852 3851
3853 3852
3854 3853
3855 3854
3856 3855
3857 3856
3858 3857
3859 3858
3860 3859
3861 3860
3862 3861
3863 3862
3864 3863
3865 3864
3866 3865
3867 3866
3868 3867
3869 3868
3870 3869
3871 3870
3872 3871
3873 3872
3874 3873
3875 3874
3876 3875
3877 3876
3878 3877
3879 3878
3880 3879
3881 3880
3882 3881
3883 3882
3884 3883
3885 3884
3886 3885
3887 3886
3888 3887
3889 3888
3890 3889
3891 3890
3892 3891
3893 3892
3894 3893
3895 3894
3896 3895
3897 3896
3898 3897
3899 3898
3900 3899
3901 3900
3902 3901
3903 3902
3904 3903
3905 3904
3906 3905
3907 3906
3908 3907
3909 3908
3910 3909
3911 3910
3912 3911
3913 3912
3914 3913
3915 3914
3916 3915
3917 3916
3918 3917
3919 3918
3920 3919
3921 3920
3922 3921
3923 3922
3924 3923
3925 3924
3926 3925
3927 3926
3928 3927
3929 3928
3930 3929
3931 3930
3932 3931
3933 3932
3934 3933
3935 3934
3936 3935
3937 3936
3938 3937
3939 3938
3940 3939
3941 3940
3942 3941
3943 3942
3944 3943
3945 3944
3946 3945
3947 3946
3948 3947
3949 3948
3950 3949
3951 3950
3952 3951
3953 3952
3954 3953
3955 3954
3956 3955
3957 3956
3958 3957
3959 3958
3960 3959
3961 3960
3962 3961
3963 3962
3964 3963
3965 3964
3966 3965
3967 3966
3968 3967
3969 3968
3970 3969
3971 3970
3972 3971
3973 3972
3974 3973
3975 3974
3976 3975
3977 3976
3978 3977
3979 3978
3980 3979
3981 3980
3982 3981
3983 3982
3984 3983
3985 3984
3986 3985
3987 3986
3988 3987
3989 3988
3990 3989
3991 3990
3992 3991
3993 3992
3994 3993
3995 3994
3996 3995
3997 3996
3998 3997
3999 3998
4000 3999
4001 4000
4002 4001
4003 4002
4004 4003
4005 4004
4006 4005
4007 4006
4008 4007
4009 4008
4010 4009
4011 4010
4012 4011
4013 4012
4014 4013
4015 4014
4016 4015
4017 4016
4018 4017
4019 4018
4020 4019
4021 4020
4022 4021
4023 4022
4024 4023
4025 4024
4026 4025
4027 4026
4028 4027
4029 4028
4030 4029
4031 4030
4032 4031
4033 4032
4034 4033
4035 4034
4036 4035
4037 4036
4038 4037
4039 4038
4040 4039
4041 4040
4042 4041
4043 4042
4044 4043
4045 4044
4046 4045
4047 4046
4048 4047
4049 4048
4050 4049
4051 4050
4052 4051
4053 4052
4054 4053
4055 4054
4056 4055
4057 4056
4058 4057
4059 4058
4060 4059
4061 4060
4062 4061
4063 4062
4064 4063
4065 4064
4066 4065
4067 4066
4068 4067
4069 4068
4070 4069
4071 4070
4072 4071
4073 4072
4074 4073
4075 4074
4076 4075
4077 4076
4078 4077
4079 4078
4080 4079
4081 4080
4082 4081
4083 4082
4084 4083
4085 4084
4086 4085
4087 4086
4088 4087
4089 4088
4090 4089
4091 4090
4092 4091
4093 4092
4094 4093
4095 4094
4096 4095
4097 4096
4098 4097
4099 4098
4100 4099
4101 4100
4102 4101
4103 4102
4104 4103
4105 4104
4106 4105
4107 4106
4108 4107
4109 4108
4110 4109
4111 4110
4112 4111
4113 4112
4114 4113
4115 4114
4116 4115
4117 4116
4118 4117
4119 4118
4120 4119
4121 4120
4122 4121
4123 4122
4124 4123
4125 4124
4126 4125
4127 4126
4128 4127
4129 4128
4130 4129
4131 4130
4132 4131
4133 4132
4134 4133
4135 4134
4136 4135
4137 4136
4138 4137
4139 4138
4140 4139
4141 4140
4142 4141
4143 4142
4144 4143
4145 4144
4146 4145
4147 4146
4148 4147
4149 4148
4150 4149
4151 4150
4152 4151
4153 4152
4154 4153
4155 4154
4156 4155
4157 4156
4158 4157
4159 4158
4160 4159
4161 4160
4162 4161
4163 4162
4164 4163
4165 4164
4166 4165
4167 4166
4168 4167
4169 4168
4170 4169
4171 4170
4172 4171
4173 4172
4174 4173
4175 4174
4176 4175
4177 4176
4178 4177
4179 4178
4180 4179
4181 4180
4182 4181
4183 4182
4184 4183
4185 4184
4186 4185
4187 4186
4188 4187
4189 4188
4190 4189
4191 4190
4192 4191
4192 3394
4193 1000
4194 4193
4195 4194
4196 4195
4197 4196
4198 4197
4199 4198
4200 4199
4201 4200
4202 4201
4203 4202
4204 4203
4205 4204
4206 4205
4207 4206
4208 4207
4209 4208
4210 4209
4211 4210
4212 4211
4213 4212
4214 4213
4215 4214
4216 4215
4217 4216
4218 4217
4219 4218
4220 4219
4221 4220
4222 4221
4223 4222
4224 4223
4225 4224
4226 4225
4227 4226
4228 4227
4229 4228
4230 4229
4231 4230
4232 4231
4233 4232
4234 4233
4235 4234
4236 4235
4237 4236
4238 4237
4239 4238
4240 4239
4241 4240
4242 4241
4243 4242
4244 4243
4245 4244
4246 4245
4247 4246
4248 4247
4249 4248
4250 4249
4251 4250
4252 4251
4253 4252
4254 4253
4255 4254
4256 4255
4257 4256
4258 4257
4259 4258
4260 4259
4261 4260
4262 4261
4263 4262
4264 4263
4265 4264
4266 4265
4267 4266
4268 4267
4269 4268
4270 4269
4271 4270
4272 4271
4273 4272
4274 4273
4275 4274
4276 4275
4277 4276
4278 4277
4279 4278
4280 4279
4281 4280
4282 4281
4283 4282
4284 4283
4285 4284
4286 4285
4287 4286
4288 4287
4289 4288
4290 4289
4291 4290
4292 4291
4293 4292
4294 4293
4295 4294
4296 4295
4297 4296
4298 4297
4299 4298
4300 4299
4301 4300
4302 4301
4303 4302
4304 4303
4305 4304
4306 4305
4307 4306
4308 4307
4309 4308
4310 4309
4311 4310
4312 4311
4313 4312
4314 4313
4315 4314
4316 4315
4317 4316
4318 4317
4319 4318
4320 4319
4321 4320
4322 4321
4323 4322
4324 4323
4325 4324
4326 4325
4327 4326
4328 4327
4329 4328
4330 4329
4331 4330
4332 4331
4333 4332
4334 4333
4335 4334
4336 4335
4337 4336
4338 4337
4339 4338
4340 4339
4341 4340
4342 4341
4343 4342
4344 4343
4345 4344
4346 4345
4347 4346
4348 4347
4349 4348
4350 4349
4351 4350
4352 4351
4353 4352
4354 4353
4355 4354
4356 4355
4357 4356
4358 4357
4359 4358
4360 4359
4361 4360
4362 4361
4363 4362
4364 4363
4365 4364
4366 4365
4367 4366
4368 4367
4369 4368
4370 4369
4371 4370
4372 4371
4373 4372
4374 4373
4375 4374
4376 4375
4377 4376
4378 4377
4379 4378
4380 4379
4381 4380
4382 4381
4383 4382
4384 4383
4385 4384
4386 4385
4387 4386
4388 4387
4389 4388
4390 4389
4391 4390
4392 4391
4393 4392
4394 4393
4395 4394
4396 4395
4397 4396
4398 4397
4399 4398
4400 4399
4401 4400
4402 4401
4403 4402
4404 4403
4405 4404
4406 4405
4407 4406
4408 4407
4409 4408
4410 4409
4411 4410
4412 4411
4413 4412
4414 4413
4415 4414
4416 4415
4417 4416
4418 4417
4419 4418
4420 4419
4421 4420
4422 4421
4423 4422
4424 4423
4425 4424
4426 4425
4427 4426
4428 4427
4429 4428
4430 4429
4431 4430
4432 4431
4433 4432
4434 4433
4435 4434
4436 4435
4437 4436
4438 4437
4439 4438
4440 4439
4441 4440
4442 4441
4443 4442
4444 4443
4445 4444
4446 4445
4447 4446
4448 4447
4449 4448
4450 4449
4451 4450
4452 4451
4453 4452
4454 4453
4455 4454
4456 4455
4457 4456
4458 4457
4459 4458
4460 4459
4461 4460
4462 4461
4463 4462
4464 4463
4465 4464
4466 4465
4467 4466
4468 4467
4469 4468
4470 4469
4471 4470
4472 4471
4473 4472
4474 4473
4475 4474
4476 4475
4477 4476
4478 4477
4479 4478
4480 4479
4481 4480
4482 4481
4483 4482
4484 4483
4485 4484
4486 4485
4487 4486
4488 4487
4489 4488
4490 4489
4491 4490
4492 4491
4493 4492
4494 4493
4495 4494
4496 4495
4497 4496
4498 4497
4499 4498
4500 4499
4501 4500
4502 4501
4503 4502
4504 4503
4505 4504
4506 4505
4507 4506
4508 4507
4509 4508
4510 4509
4511 4510
4512 4511
4513 4512
4514 4513
4515 4514
4516 4515
4517 4516
4518 4517
4519 4518
4520 4519
4521 4520
4522 4521
4523 4522
4524 4523
4525 4524
4526 4525
4527 4526
4528 4527
4529 4528
4530 4529
4531 4530
4532 4531
4533 4532
4534 4533
4535 4534
4536 4535
4537 4536
4538 4537
4539 4538
4540 4539
4541 4540
4542 4541
4543 4542
4544 4543
4545 4544
4546 4545
4547 4546
4548 4547
4549 4548
4550 4549
4551 4550
4552 4551
4553 4552
4554 4553
4555 4554
4556 4555
4557 4556
4558 4557
4559 4558
4560 4559
4561 4560
4562 4561
4563 4562
4564 4563
4565 4564
4566 4565
4567 4566
4568 4567
4569 4568
4570 4569
4571 4570
4572 4571
4573 4572
4574 4573
4575 4574
4576 4575
4577 4576
4578 4577
4579 4578
4580 4579
4581 4580
4582 4581
4583 4582
4584 4583
4585 4584
4586 4585
4587 4586
4588 4587
4589 4588
4590 4589
4591 4590
4592 4591
4593 4592
4594 4593
4595 4594
4596 4595
4597 4596
4598 4597
4599 4598
4600 4599
4601 4600
4602 4601
4603 4602
4604 4603
4605 4604
4606 4605
4607 4606
4608 4607
4609 4608
4610 4609
4611 4610
4612 4611
4613 4612
4614 4613
4615 4614
4616 4615
4617 4616
4618 4617
4619 4618
4620 4619
4621 4620
4622 4621
4623 4622
4624 4623
4625 4624
4626 4625
4627 4626
4628 4627
4629 4628
4630 4629
4631 4630
4632 4631
4633 4632
4634 4633
4635 4634
4636 4635
4637 4636
4638 4637
4639 4638
4640 4639
4641 4640
4642 4641
4643 4642
4644 4643
4645 4644
4646 4645
4647 4646
4648 4647
4649 4648
4650 4649
4651 4650
4652 4651
4653 4652
4654 4653
4655 4654
4656 4655
4657 4656
4658 4657
4659 4658
4660 4659
4661 4660
4662 4661
4663 4662
4664 4663
4665 4664
4666 4665
4667 4666
4668 4667
4669 4668
4670 4669
4671 4670
4672 4671
4673 4672
4674 4673
4675 4674
4676 4675
4677 4676
4678 4677
4679 4678
4680 4679
4681 4680
4682 4681
4683 4682
4684 4683
4685 4684
4686 4685
4687 4686
4688 4687
4689 4688
4690 4689
4691 4690
4692 4691
4693 4692
4694 4693
4695 4694
4696 4695
4697 4696
4698 4697
4699 4698
4700 4699
4701 4700
4702 4701
4703 4702
4704 4703
4705 4704
4706 4705
4707 4706
4708 4707
4709 4708
4710 4709
4711 4710
4712 4711
4713 4712
4714 4713
4715 4714
4716 4715
4717 4716
4718 4717
4719 4718
4720 4719
4721 4720
4722 4721
4723 4722
4724 4723
4725 4724
4726 4725
4727 4726
4728 4727
4729 4728
4730 4729
4731 4730
4732 4731
4733 4732
4734 4733
4735 4734
4736 4735
4737 4736
4738 4737
4739 4738
4740 4739
4741 4740
4742 4741
4743 4742
4744 4743
4745 4744
4746 4745
4747 4746
4748 4747
4749 4748
4750 4749
4751 4750
4752 4751
4753 4752
4754 4753
4755 4754
4756 4755
4757 4756
4758 4757
4759 4758
4760 4759
4761 4760
4762 4761
4763 4762
4764 4763
4765 4764
4766 4765
4767 4766
4768 4767
4769 4768
4770 4769
4771 4770
4772 4771
4773 4772
4774 4773
4775 4774
4776 4775
4777 4776
4778 4777
4779 4778
4780 4779
4781 4780
4782 4781
4783 4782
4784 4783
4785 4784
4786 4785
4787 4786
4788 4787
4789 4788
4790 4789
4791 4790
4792 4791
4793 4792
4794 4793
4795 4794
4796 4795
4796 1000
4797 4791
4798 4791
4799 4798
4800 4797
4801 4799
4802 4799
4803 4798
4804 4797
4805 4804
4806 4791
4807 4804
4808 4804
4809 4800
4810 4809
4811 4800
4812 4805
4813 4799
4814 4799
4815 4799
4816 4806
4817 4814
4818 4816
4819 4809
4820 4816
4821 4814
4822 4802
4823 4805
4824 4818
4825 4820
4826 4813
4827 4818
4828 4814
4829 4809
4830 4827
4831 4820
4832 4803
4833 4805
4834 4806
4835 4828
4836 4833
4837 4827
4838 4830
4839 4834
4840 4836
4841 4834
4842 4832
4843 4836
4844 4825
4845 4832
4846 4838
4847 4825
4848 4839
4849 4821
4850 4829
4851 4849
4852 4816
4853 4841
4854 4821
4855 4797
4856 4809
4857 4854
4858 4816
4859 4834
4860 4798
4861 4841
4862 4815
4863 4850
4864 4799
4865 4806
4866 4817
4867 4834
4868 4820
4869 4827
4870 4824
4871 4823
4872 4818
4873 4808
4874 4822
4875 4830
4876 4835
4877 4846
4878 4862
4879 4857
4880 4851
4881 4848
4882 4801
4883 4852
4884 4797
4885 4829
4886 4840
4887 4800
4888 4886
4889 4819
4890 4841
4891 4857
4892 4819
4893 4849
4894 4855
4895 4830
4896 4874
4897 4884
4898 4829
4899 4838
4900 4845
4901 4876
4902 4826
4903 4835
4904 4834
4905 4854
4906 4791
4907 4869
4908 4868
4909 4852
4910 4831
4911 4818
4912 4884
4913 4887
4914 4870
4915 4800
4916 4873
4917 4812
4918 4905
4919 4861
4920 4837
4921 4912
4922 4810
4923 4872
4924 4846
4925 4875
4926 4895
4927 4842
4928 4906
4929 4879
4930 4837
4931 4851
4932 4828
4933 4910
4934 4825
4935 4926
4936 4928
4937 4887
4938 4855
4939 4791
4940 4890
4941 4825
4942 4921
4943 4884
4944 4872
4945 4805
4946 4921
4947 4938
4948 4836
4949 4901
4950 4907
4951 4930
4952 4807
4953 4853
4954 4882
4955 4880
4956 4848
4957 4927
4958 4811
4959 4830
4960 4922
4961 4843
4962 4857
4963 4926
4964 4929
4965 4835
4966 4872
4967 4965
4968 4825
4969 4949
4970 4885
4971 4952
4972 4839
4973 4866
4974 4960
4975 4956
4976 4954
4977 4877
4978 4908
4979 4970
4980 4852
4981 4973
4982 4861
4983 4956
4984 4891
4985 4914
4986 4904
4987 4855
4988 4984
4989 4846
4990 4822
4991 4887
4992 4811
4993 4838
4994 4829
4995 4960
4996 4941
4997 4957
4998 4885
4999 4791
5000 4936
5001 4918
5002 4926
5003 4820
5004 4827
5005 4948
5006 4956
5007 4952
5008 4911
5009 4968
5010 4803
5011 4808
5012 4979
5013 4868
5014 4855
5015 4846
5016 5001
5017 5015
5018 4972
5019 4986
5020 4871
5021 4996
5022 4936
5023 4930
5024 4858
5025 4939
5026 4808
5027 4911
5028 4839
5029 4846
5030 4798
5031 4810
5032 5005
5033 4963
5034 4869
5035 4930
5036 4900
5037 5022
5038 4958
5039 4823
5040 4918
5041 4812
5042 4845
5043 4819
5044 4944
5045 4968
5046 4916
5047 4799
5048 4969
5049 4961
5050 4854
5051 4964
5052 5019
5053 5002
5054 5003
5055 4884
5056 4888
5057 4896
5058 4969
5059 5010
5060 4895
5061 4804
5062 4982
5063 4986
5064 4904
5065 4957
5066 4891
5067 4889
5068 4884
5069 4814
5070 5062
5071 4978
5072 4851
5073 4868
5074 5013
5075 4913
5076 4987
5077 4970
5078 4977
5079 4965
5080 5043
5081 4814
5082 4988
5083 4906
5084 4950
5085 4826
5086 4973
5087 4911
5088 5056
5089 4815
5090 4814
5091 4947
5092 4909
5093 4832
5094 5074
5095 4842
5096 4938
5097 4998
5098 5057
5099 4983
5100 4826
5101 4842
5102 5030
5103 5076
5104 4902
5105 4813
5106 5077
5107 5013
5108 4933
5109 4995
5110 5074
5111 4907
5112 5104
5113 4916
5114 4899
5115 5009
5116 4823
5117 4854
5118 4938
5119 4957
5120 4799
5121 5022
5122 4967
5123 4945
5124 4978
5125 4826
5126 4846
5127 4811
5128 4998
5129 4972
5130 5126
5131 5092
5132 5078
5133 5041
5134 5007
5135 4931
5136 4851
5137 4797
5138 4908
5139 4984
5140 4924
5141 4929
5142 4921
5143 4814
5144 5063
5145 5131
5146 5066
5147 4871
5148 4862
5149 4940
5150 4906
5151 5013
5152 5123
5153 5108
5154 4985
5155 4871
5156 5093
5157 4851
5158 5106
5159 5033
5160 5048
5161 4918
5162 5037
5163 5039
5164 4888
5165 4805
5166 5138
5167 4866
5168 5143
5169 4812
5170 5096
5171 4803
5172 4802
5173 4844
5174 4800
5175 5020
5176 5037
5177 5123
5178 4811
5179 5099
5180 4908
5181 4878
5182 4922
5183 5182
5184 4822
5185 4926
5186 4919
5187 5178
5188 5110
5189 5131
5190 5075
5191 5029
5192 4945
5193 5044
5194 4847
5195 5031
5196 5169
5197 4960
5198 4997
5199 5126
5200 5001
5201 5033
5202 4993
5203 4942
5204 4919
5205 5035
5206 4978
5207 5071
5208 4956
5209 5136
5210 5179
5211 4945
5212 4832
5213 5034
5214 5103
5215 4998
5216 4935
5217 5143
5218 4879
5219 5215
5220 4981
5221 4851
5222 4826
5223 4939
5224 5119
5225 5023
5226 5194
5227 5091
5228 5120
5229 4870
5230 5045
5231 5014
5232 4925
5233 4860
5234 4853
5235 5147
5236 4961
5237 5025
5238 5146
5239 5079
5240 4858
5241 4916
5242 5227
5243 5125
5244 5210
5245 5232
5246 5193
5247 4978
5248 5214
5249 4830
5250 4843
5251 5079
5252 4923
5253 5136
5254 4811
5255 5213
5256 5100
5257 5056
5258 5063
5259 4992
5260 5093
5261 4968
5262 5094
5263 5002
5264 5108
5265 5163
5266 4998
5267 4943
5268 5210
5269 4853
5270 4876
5271 4817
5272 4838
5273 4940
5274 4819
5275 5109
5276 5114
5277 5154
5278 4988
5279 5260
5280 5108
5281 5213
5282 4828
5283 4817
5284 4886
5285 5101
5286 4946
5287 5078
5288 5203
5289 5092
5290 5152
5291 4914
5292 5216
5293 5232
5294 5098
5295 5105
5296 5260
5297 5018
5298 5146
5299 4909
5300 5009
5301 4844
5302 5187
5303 5202
5304 4848
5305 5287
5306 4995
5307 5012
5308 4896
5309 5291
5310 5203
5311 5162
5312 4980
5313 5225
5314 5173
5315 4926
5316 4993
5317 4874
5318 5162
5319 4874
5320 5213
5321 4919
5322 5295
5323 4848
5324 5298
5325 5262
5326 5248
5327 5123
5328 5319
5329 5076
5330 5174
5331 5010
5332 5318
5333 4827
5334 5062
5335 5233
5336 4913
5337 5138
5338 5056
5339 5116
5340 5293
5341 4839
5342 5340
5343 5279
5344 4982
5345 5265
5346 4822
5347 5132
5348 4905
5349 5112
5350 5228
5351 5182
5352 4996
5353 5115
5354 5049
5355 4870
5356 4938
5357 5244
5358 4909
5359 5282
5360 5324
5361 4928
5362 4822
5363 5182
5364 5049
5365 4829
5366 4869
5367 4821
5368 4983
5369 5054
5370 5346
5371 4825
5372 5184
5373 5346
5374 5012
5375 5043
5376 4810
5377 5020
5378 5339
5379 5024
5380 5104
5381 4838
5382 4870
5383 5092
5384 4890
5385 4800
5386 4843
5387 5151
5388 4824
5389 4894
5390 4846
5391 4894
5392 4872
5393 5014
5394 4832
5395 4978
5396 5379
5397 4967
5398 5088
5399 4965
5400 5052
5401 5218
5402 5027
5403 4978
5404 4890
5405 5024
5406 5276
5407 5136
5408 5377
5409 4869
5410 4939
5411 5348
5412 5140
5413 5126
5414 5176
5415 5141
5416 5202
5417 4881
5418 5189
5419 4998
5420 4893
5421 5192
5422 5272
5423 5061
5424 4954
5425 4988
5426 5399
5427 5065
5428 5243
5429 5129
5430 5409
5431 5242
5432 5332
5433 4955
5434 5245
5435 5191
5436 5241
5437 5140
5438 5058
5439 5203
5440 5386
5441 4882
5442 5380
5443 5227
5444 5256
5445 5423
5446 5203
5447 5057
5448 5229
5449 5160
5450 4871
5451 4955
5452 5175
5453 5023
5454 5240
5455 4843
5456 5377
5457 5200
5458 5042
5459 5356
5460 5393
5461 5178
5462 4897
5463 5010
5464 5041
5465 5231
5466 4954
5467 5193
5468 5375
5469 5364
5470 5052
5471 5288
5472 5237
5473 4797
5474 5169
5475 5442
5476 4865
5477 5352
5478 5314
5479 5201
5480 4825
5481 4864
5482 4950
5483 4945
5484 4904
5485 5369
5486 5237
5487 4879
5488 5216
5489 5291
5490 5083
5491 5337
5492 5150
5493 5329
5494 5259
5495 5108
5496 5357
5497 5085
5498 4884
5499 4841
5500 5003
5501 5405
5502 5393
5503 5151
5504 5174
5505 5457
5506 5075
5507 5219
5508 5168
5509 5372
5510 4827
5511 5479
5512 5500
5513 4925
5514 5121
5515 4943
5516 5503
5517 5008
5518 4809
5519 5113
5520 5400
5521 5323
5522 4913
5523 5269
5524 5145
5525 5111
5526 5217
5527 5158
5528 4963
5529 5526
5530 5458
5531 5083
5532 5341
5533 4873
5534 5033
5535 5368
5536 5398
5537 5174
5538 5237
5539 5377
5540 5510
5541 4909
5542 5150
5543 5425
5544 5021
5545 5451
5546 4894
5547 4872
5548 5453
5549 4951
5550 5395
5551 4904
5552 4815
5553 5139
5554 5161
5555 5250
5556 4882
5557 5272
5558 4832
5559 5205
5560 4923
5561 5396
5562 5488
5563 5321
5564 4918
5565 5130
5566 5077
5567 5541
5568 5172
5569 4991
5570 5118
5571 5241
5572 5258
5573 5425
5574 5222
5575 4845
5576 4873
5577 4932
5578 5337
5579 4805
5580 5264
5581 5356
5582 5229
5583 5472
5584 5024
5585 5073
5586 5261
5587 5584
5588 5081
5589 5296
5590 5245
5591 5120
5592 4938
5593 5175
5594 5449
5595 5194
5596 5269
5597 4993
5598 5186
5599 5181
5600 5332
5601 5206
5602 5047
5603 5472
5604 4917
5605 5033
5606 5204
5607 5143
5608 5094
5609 5438
5610 5157
5611 4993
5612 4938
5613 5009
5614 4881
5615 4951
5616 4859
5617 5327
5618 5415
5619 5572
5620 5382
5621 5060
5622 5066
5623 4805
5624 5267
5625 5501
5626 5336
5627 5406
5628 5114
5629 4819
5630 4813
5631 5162
5632 5450
5633 5180
5634 5305
5635 4926
5636 5165
5637 2504
5638 2504
5639 2504
5640 5638
5641 5640
5642 5641
5643 5640
5644 2504
5645 5640
5646 5644
5647 5643
5648 5640
5649 5643
5650 5640
5651 5647
5652 5644
5653 2504
5654 5644
5655 5651
5656 5641
5657 5637
5658 5657
5659 5652
5660 5641
5661 5660
5662 5642
5663 5662
5664 5643
5665 5660
5666 5661
5667 5648
5668 5650
5669 5639
5670 5664
5671 5657
5672 5658
5673 5663
5674 5652
5675 5645
5676 5665
5677 5645
5678 5658
5679 5664
5680 5643
5681 5654
5682 5668
5683 5671
5684 5647
5685 5677
5686 5670
5687 5645
5688 2504
5689 5674
5690 5664
5691 5674
5692 5670
5693 5690
5694 5644
5695 5653
5696 5686
5697 5685
5698 5683
5699 5646
5700 5645
5701 5649
5702 5652
5703 5682
5704 5649
5705 5644
5706 5670
5707 5667
5708 5702
5709 5692
5710 5687
5711 5654
5712 5679
5713 5646
5714 5697
5715 5680
5716 5667
5717 5653
5718 5713
5719 5679
5720 5676
5721 5664
5722 5684
5723 5670
5724 5707
5725 5700
5726 5667
5727 5702
5728 5722
5729 5639
5730 5684
5731 5672
5732 5704
5733 5661
5734 5637
5735 5731
5736 5689
5737 5713
5738 5721
5739 5648
5740 5700
5741 5723
5742 5726
5743 5682
5744 5687
5745 5669
5746 5699
5747 5736
5748 5702
5749 5736
5750 5685
5751 5713
5752 5688
5753 5668
5754 5673
5755 5750
5756 5672
5757 5749
5758 5699
5759 5669
5760 5646
5761 5662
5762 5692
5763 5649
5764 5668
5765 5721
5766 5643
5767 5686
5768 5713
5769 5688
5770 5719
5771 5681
5772 5697
5773 5684
5774 5702
5775 5769
5776 5747
5777 5738
5778 5750
5779 5738
5780 5674
5781 5741
5782 5780
5783 5718
5784 5660
5785 5699
5786 5721
5787 5683
5788 5710
5789 5669
5790 5775
5791 5653
5792 5646
5793 5684
5794 5733
5795 5733
5796 5792
5797 5779
5798 5740
5799 5747
5800 5778
5801 5666
5802 5757
5803 5714
5804 5719
5805 5656
5806 5768
5807 5744
5808 5756
5809 5802
5810 5809
5811 5751
5812 5806
5813 5683
5814 5723
5815 5736
5816 5769
5817 5798
5818 5731
5819 5652
5820 5732
5821 5808
5822 5739
5823 5671
5824 5651
5825 5823
5826 5806
5827 5778
5828 5692
5829 5723
5830 5787
5831 5701
5832 5702
5833 5704
5834 5701
5835 5697
5836 5685
5837 5705
5838 5640
5839 5773
5840 5812
5841 5729
5842 5807
5843 5640
5844 5682
5845 5660
5846 5645
5847 5755
5848 5810
5849 5649
5850 5772
5851 5700
5852 5643
5853 5774
5854 5739
5855 5686
5856 5840
5857 5705
5858 5666
5859 5653
5860 5848
5861 5763
5862 5687
5863 5732
5864 5799
5865 5793
5866 5706
5867 5815
5868 5860
5869 5734
5870 5749
5871 5828
5872 5689
5873 5834
5874 5834
5875 5851
5876 5718
5877 5835
5878 5778
5879 5852
5880 5811
5881 5741
5882 5674
5883 5783
5884 5825
5885 5699
5886 5812
5887 5696
5888 5641
5889 5682
5890 5808
5891 5866
5892 5845
5893 5782
5894 5805
5895 5773
5896 5728
5897 5725
5898 5762
5899 5819
5900 5722
5901 5768
5902 5638
5903 5710
5904 5862
5905 5647
5906 5860
5907 5726
5908 5819
5909 5724
5910 5886
5911 5855
5912 5676
5913 5800
5914 5793
5915 5887
5916 5672
5917 5695
5918 5685
5919 5857
5920 5754
5921 5694
5922 5736
5923 5722
5924 5746
5925 5894
5926 5847
5927 5744
5928 5698
5929 5807
5930 5641
5931 5799
5932 5665
5933 5744
5934 5677
5935 5932
5936 5692
5937 5863
5938 5648
5939 5758
5940 5712
5941 5913
5942 5892
5943 5787
5944 5737
5945 5786
5946 5690
5947 5846
5948 5735
5949 5690
5950 5924
5951 5855
5952 5808
5953 5722
5954 2504
5955 5673
5956 5935
5957 5644
5958 5823
5959 5833
5960 5947
5961 5940
5962 5661
5963 5891
5964 5904
5965 5908
5966 5738
5967 5679
5968 5765
5969 5925
5970 5812
5971 5861
5972 5877
5973 5943
5974 5647
5975 5897
5976 5727
5977 5880
5978 5788
5979 5812
5980 5702
5981 5839
5982 5827
5983 5810
5984 5757
5985 5746
5986 5980
5987 5812
5988 5708
5989 5806
5990 5827
5991 5888
5992 5929
5993 5751
5994 5770
5995 5926
5996 5712
5997 5696
5998 5812
5999 5892
6000 5719
6001 5877
6002 5735
6003 5889
6004 5787
6005 5908
6006 5809
6007 5764
6008 5997
6009 5897
6010 5694
6011 5823
6012 5726
6013 5851
6014 5751
6015 5820
6016 5811
6017 5872
6018 5749
6019 5709
6020 5642
6021 5968
6022 5816
6023 5985
6024 5987
6025 5895
6026 5998
6027 5764
6028 5967
6029 5971
6030 5903
6031 5769
6032 5682
6033 5714
6034 6008
6035 5746
6036 6016
6037 5963
6038 5924
6039 5677
6040 5719
6041 5838
6042 5947
6043 5683
6044 5773
6045 5922
6046 5795
6047 5695
6048 5790
6049 5939
6050 5724
6051 5846
6052 5799
6053 5702
6054 5959
6055 5845
6056 6018
6057 5837
6058 5910
6059 5988
6060 5791
6061 6014
6062 5897
6063 5659
6064 5872
6065 5770
6066 5731
6067 5802
6068 5718
6069 5943
6070 6033
6071 5756
6072 5654
6073 6055
6074 5980
6075 6037
6076 5949
6077 5646
6078 5809
6079 5915
6080 6000
6081 5821
6082 5683
6083 5936
6084 5861
6085 5847
6086 5986
6087 5747
6088 5968
6089 5722
6090 5776
6091 5644
6092 5688
6093 5980
6094 5662
6095 6015
6096 5687
6097 5852
6098 5824
6099 6053
6100 5949
6101 5808
6102 6095
6103 5847
6104 5721
6105 5886
6106 6098
6107 5951
6108 5934
6109 5961
6110 5720
6111 5957
6112 5875
6113 5719
6114 5704
6115 5719
6116 5956
6117 5764
6118 6008
6119 6003
6120 5911
6121 5820
6122 5687
6123 6114
6124 5944
6125 5764
6126 5846
6127 5882
6128 5970
6129 5974
6130 5930
6131 6122
6132 5683
6133 5869
6134 6014
6135 6123
6136 5984
6137 5972
6138 5743
6139 6125
6140 5902
6141 6117
6142 6098
6143 5637
6144 5734
6145 5704
6146 5922
6147 5708
6148 5954
6149 5909
6150 5862
6151 6097
6152 5882
6153 5871
6154 6001
6155 6060
6156 6041
6157 5755
6158 6099
6159 5881
6160 6093
6161 5997
6162 5942
6163 6086
6164 6074
6165 6156
6166 5978
6167 6107
6168 5659
6169 6019
6170 6017
6171 5975
6172 5767
6173 5962
6174 5989
6175 5666
6176 6121
6177 5973
6178 6006
6179 5962
6180 5889
6181 6180
6182 5689
6183 5680
6184 5846
6185 6013
6186 5948
6187 5784
6188 6137
6189 5842
6190 5728
6191 6148
6192 5972
6193 6090
6194 6154
6195 5638
6196 6001
6197 5855
6198 5752
6199 6102
6200 6074
6201 5812
6202 6015
6203 5804
6204 6152
6205 5702
6206 6100
6207 5724
6208 6073
6209 5659
6210 6166
6211 6122
6212 5728
6213 5951
6214 5640
6215 5846
6216 5797
6217 6126
6218 5718
6219 6193
6220 6115
6221 5822
6222 5787
6223 5701
6224 5928
6225 5965
6226 6194
6227 5791
6228 5928
6229 6071
6230 6020
6231 5713
6232 6194
6233 5801
6234 6164
6235 6057
6236 5793
6237 6073
6238 5872
6239 6152
6240 5921
6241 5966
6242 6059
6243 5734
6244 6112
6245 5697
6246 5762
6247 6048
6248 6081
6249 5866
6250 6021
6251 6098
6252 2504
6253 5724
6254 5885
6255 6045
6256 5900
6257 6150
6258 6127
6259 5802
6260 6207
6261 5723
6262 5959
6263 6002
6264 5842
6265 5970
6266 6112
6267 5861
6268 5811
6269 5776
6270 5763
6271 5680
6272 5705
6273 5815
6274 5855
6275 6150
6276 6143
6277 5985
6278 6237
6279 6090
6280 6069
6281 5813
6282 5779
6283 5761
6284 6046
6285 6239
6286 5935
6287 5657
6288 5968
6289 6109
6290 6283
6291 6273
6292 6135
6293 6108
6294 5654
6295 6246
6296 6170
6297 6233
6298 5809
6299 5848
6300 6197
6301 5691
6302 5749
6303 6284
6304 5677
6305 5700
6306 5892
6307 5638
6308 6079
6309 6105
6310 5746
6311 5685
6312 5678
6313 6142
6314 6023
6315 6280
6316 5752
6317 6046
6318 6001
6319 5711
6320 5728
6321 5774
6322 5986
6323 6298
6324 5679
6325 5659
6326 6123
6327 6298
6328 5943
6329 5984
6330 5788
6331 6059
6332 5831
6333 5966
6334 5975
6335 5971
6336 6098
6337 5893
6338 6186
6339 6041
6340 6303
6341 5748
6342 6269
6343 5973
6344 6106
6345 5890
6346 6083
6347 5695
6348 6250
6349 5758
6350 5909
6351 5879
6352 6257
6353 6016
6354 6230
6355 6173
6356 5783
6357 5910
6358 6018
6359 6238
6360 6256
6361 6354
6362 6192
6363 5903
6364 5985
6365 5917
6366 5658
6367 5770
6368 5963
6369 5752
6370 6147
6371 5937
6372 6272
6373 6286
6374 6059
6375 5892
6376 6151
6377 5696
6378 5826
6379 6201
6380 5748
6381 6143
6382 6238
6383 6343
6384 6346
6385 6214
6386 6023
6387 5687
6388 5872
6389 6343
6390 5984
6391 6310
6392 6173
6393 5909
6394 6235
6395 5917
6396 5771
6397 5678
6398 5753
6399 6378
6400 5964
6401 6179
6402 6333
6403 5985
6404 6080
6405 6331
6406 5924
6407 5833
6408 6148
6409 5646
6410 5757
6411 6203
6412 5655
6413 5744
6414 6020
6415 5968
6416 5819
6417 5719
6418 6191
6419 5688
6420 6360
6421 6334
6422 5890
6423 5793
6424 6162
6425 6407
6426 5762
6427 6119
6428 6126
6429 5706
6430 6145
6431 6425
6432 5989
6433 6355
6434 6073
6435 5913
6436 5889
6437 6408
6438 5978
6439 6067
6440 5842
6441 5961
6442 6098
6443 6149
6444 5802
6445 5967
6446 5841
6447 6217
6448 6401
6449 5937
6450 6271
6451 6173
6452 6273
6453 5642
6454 5780
6455 6099
6456 6291
6457 6362
6458 5877
6459 5769
6460 6233
6461 6366
6462 5747
6463 6382
6464 6034
6465 6380
6466 6365
6467 6190
6468 6178
6469 6301
6470 5975
6471 6406
6472 6331
6473 5791
6474 6143
6475 6127
6476 6069
6477 6299
6478 6169
6479 5879
6480 6034
6481 5709
6482 5776
6483 5880
6484 5819
6485 6122
6486 5644
6487 5754
6488 5725
6489 5685
6490 5968
6491 6242
6492 5701
6493 5997
6494 5638
6495 6238
6496 5776
6497 5697
6498 5739
6499 6469
6500 6499
6501 5921
6502 6183
6503 5757
6504 5917
6505 5787
6506 6292
6507 6359
6508 5704
6509 6131
6510 6476
6511 6206
6512 6408
6513 6392
6514 6256
6515 5850
6516 4085
6517 6516
6518 6517
6519 6518
6520 6519
6521 6520
6522 6521
6523 6522
6524 6523
6525 6524
6526 6525
6527 6526
6528 6527
6529 6528
6530 6529
6531 6530
6532 6531
6533 6532
6534 6533
6535 6534
6536 6535
6537 6536
6538 6537
6539 6538
6540 6539
6541 6540
6542 6541
6543 6542
6544 6543
6545 6544
6546 6545
6547 6546
6548 6547
6549 6548
6550 6549
6551 6550
6552 6551
6553 6552
6554 6553
6555 6554
6556 6555
6557 6556
6558 6557
6559 6558
6560 6559
6561 6560
6562 6561
6563 6562
6564 6563
6565 6564
6566 6565
6567 6566
6568 6567
6569 6568
6570 6569
6571 6570
6572 6571
6573 6572
6574 6573
6575 6574
6576 6575
6577 6576
6578 6577
6579 6578
6580 6579
6581 6580
6582 6581
6583 6582
6584 6583
6585 6584
6586 6585
6587 6586
6588 6587
6589 6588
6590 6589
6591 6590
6592 6591
6593 6592
6594 6593
6595 6594
6596 6595
6597 6596
6598 6597
6599 6598
6600 6599
6601 6600
6602 6601
6603 6602
6604 6603
6605 6604
6606 6605
6607 6606
6608 6607
6609 6608
6610 6609
6611 6610
6612 6611
6613 6612
6614 6613
6615 6614
6616 6615
6617 6616
6618 6617
6619 6618
6620 6619
6621 6620
6622 6621
6623 6622
6624 6623
6625 6624
6626 6625
6627 6626
6628 6627
6629 6628
6630 6629
6631 6630
6632 6631
6633 6632
6634 6633
6635 6634
6636 6635
6637 6636
6638 6637
6639 6638
6640 6639
6641 6640
6642 6641
6643 6642
6644 6643
6645 6644
6646 6645
6647 6646
6648 6647
6649 6648
6650 6649
6651 6650
6652 6651
6653 6652
6654 6653
6655 6654
6656 6655
6657 6656
6658 6657
6659 6658
6660 6659
6661 6660
6662 6661
6663 6662
6664 6663
6665 6664
6666 6665
6667 6666
6668 6667
6669 6668
6670 6669
6671 6670
6672 6671
6673 6672
6674 6673
6675 6674
6676 6675
6677 6676
6678 6677
6679 6678
6680 6679
6681 6680
6682 6681
6683 6682
6684 6683
6685 6684
6686 6685
6687 6686
6688 6687
6689 6688
6690 6689
6691 6690
6692 6691
6693 6692
6694 6693
6695 6694
6696 6695
6697 6696
6698 6697
6699 6698
6700 6699
6701 6700
6702 6701
6703 6702
6704 6703
6705 6704
6706 6705
6707 6706
6708 6707
6709 6708
6710 6709
6711 6710
6712 6711
6713 6712
6714 6713
6715 6714
6716 6715
6717 6716
6718 6717
6719 6718
6720 6719
6721 6720
6722 6721
6723 6722
6724 6723
6725 6724
6726 6725
6727 6726
6728 6727
6729 6728
6730 6729
6731 6730
6732 6731
6733 6732
6734 6733
6735 6734
6736 6735
6737 6736
6738 6737
6739 6738
6740 6739
6741 6740
6742 6741
6743 6742
6744 6743
6745 6744
6746 6745
6747 6746
6748 6747
6749 6748
6750 6749
6751 6750
6752 6751
6753 6752
6754 6753
6755 6754
6756 6755
6757 6756
6758 6757
6759 6758
6760 6759
6761 6760
6762 6761
6763 6762
6764 6763
6765 6764
6766 6765
6767 6766
6768 6767
6769 6768
6770 6769
6771 6770
6772 6771
6773 6772
6774 6773
6775 6774
6776 6775
6777 6776
6778 6777
6779 6778
6780 6779
6781 6780
6782 6781
6783 6782
6784 6783
6785 6784
6786 6785
6787 6786
6788 6787
6789 6788
6790 6789
6791 6790
6792 6791
6793 6792
6794 6793
6795 6794
6796 6795
6797 6796
6798 6797
6799 6798
6800 6799
6801 6800
6802 6801
6803 6802
6804 6803
6805 6804
6806 6805
6807 6806
6808 6807
6809 6808
6810 6809
6811 6810
6812 6811
6813 6812
6814 6813
6815 6814
6816 6815
6817 6816
6818 6817
6819 6818
6820 6819
6821 6820
6822 6821
6823 6822
6824 6823
6825 6824
6826 6825
6827 6826
6828 6827
6829 6828
6830 6829
6831 6830
6832 6831
6833 6832
6834 6833
6835 6834
6836 6835
6837 6836
6838 6837
6839 6838
6840 6839
6841 6840
6842 6841
6843 6842
6844 6843
6845 6844
6846 6845
6847 6846
6848 6847
6849 6848
6850 6849
6851 6850
6852 6851
6853 6852
6854 6853
6855 6854
6856 6855
6857 6856
6858 6857
6859 6858
6860 6859
6861 6860
6862 6861
6863 6862
6864 6863
6865 6864
6866 6865
6867 6866
6868 6867
6869 6868
6870 6869
6871 6870
6872 6871
6873 6872
6874 6873
6875 6874
6876 6875
6877 6876
6878 6877
6879 6878
6880 6879
6881 6880
6882 6881
6883 6882
6884 6883
6885 6884
6886 6885
6887 6886
6888 6887
6889 6888
6890 6889
6891 6890
6892 6891
6893 6892
6894 6893
6895 6894
6896 6895
6897 6896
6898 6897
6899 6898
6900 6899
6901 6900
6902 6901
6903 6902
6904 6903
6905 6904
6906 6905
6907 6906
6908 6907
6909 6908
6910 6909
6911 6910
6912 6911
6913 6912
6914 6913
6915 6914
6916 6915
6917 6916
6918 6917
6919 6918
6920 6919
6921 6920
6922 6921
6923 6922
6924 6923
6925 6924
6926 6925
6927 6926
6928 6927
6929 6928
6930 6929
6931 6930
6932 6931
6933 6932
6934 6933
6935 6934
6936 6935
6937 6936
6938 6937
6939 6938
6940 6939
6941 6940
6942 6941
6943 6942
6944 6943
6945 6944
6946 6945
6947 6946
6948 6947
6949 6948
6950 6949
6951 6950
6952 6951
6953 6952
6954 6953
6955 6954
6956 6955
6957 6956
6958 6957
6959 6958
6960 6959
6961 6960
6962 6961
6963 6962
6964 6963
6965 6964
6966 6965
6967 6966
6968 6967
6969 6968
6970 6969
6971 6970
6972 6971
6973 6972
6974 6973
6975 6974
6976 6975
6977 6976
6978 6977
6979 6978
6980 6979
6981 6980
6982 6981
6983 6982
6984 6983
6985 6984
6986 6985
6987 6986
6988 6987
6989 6988
6990 6989
6991 6990
6992 6991
6993 6992
6994 6993
6995 6994
6996 6995
6997 6996
6998 6997
6999 6998
7000 6999
7001 7000
7002 7001
7003 7002
7004 7003
7005 7004
7006 7005
7007 7006
7008 7007
7009 7008
7010 7009
7011 7010
7012 7011
7013 7012
7014 7013
7015 7014
7016 7015
7017 7016
7018 7017
7019 7018
7020 7019
7021 7020
7022 7021
7023 7022
7024 7023
7025 7024
7026 7025
7027 7026
7028 7027
7029 7028
7030 7029
7031 7030
7032 7031
7033 7032
7034 7033
7035 7034
7036 7035
7037 7036
7038 7037
7039 7038
7040 7039
7041 7040
7042 7041
7043 7042
7044 7043
7045 7044
7046 7045
7047 7046
7048 7047
7049 7048
7050 7049
7051 7050
7052 7051
7053 7052
7054 7053
7055 7054
7056 7055
7057 7056
7058 7057
7059 7058
7060 7059
7061 7060
7062 7061
7063 7062
7064 7063
7065 7064
7066 7065
7067 7066
7068 7067
7069 7068
7070 7069
7071 7070
7072 7071
7073 7072
7074 7073
7075 7074
7076 7075
7077 7076
7078 7077
7079 7078
7080 7079
7081 7080
7082 7081
7083 7082
7084 7083
7085 7084
7086 7085
7087 7086
7088 7087
7089 7088
7090 7089
7091 7090
7092 7091
7093 7092
7094 7093
7095 7094
7096 7095
7097 7096
7098 7097
7099 7098
7100 7099
7101 7100
7102 7101
7103 7102
7104 7103
7105 7104
7106 7105
7107 7106
7108 7107
7109 7108
7110 7109
7111 7110
7112 7111
7113 7112
7114 7113
7115 7114
7116 7115
7117 7116
7118 7117
7119 7118
7120 7119
7121 7120
7122 7121
7123 7122
7124 7123
7125 7124
7126 7125
7127 7126
7128 7127
7129 7128
7130 7129
7131 7130
7132 7131
7133 7132
7134 7133
7135 7134
7136 7135
7137 7136
7138 7137
7139 7138
7140 7139
7141 7140
7142 7141
7143 7142
7144 7143
7145 7144
7146 7145
7147 7146
7148 7147
7149 7148
7150 7149
7151 7150
7152 7151
7153 7152
7154 7153
7155 7154
7156 7155
7157 7156
7158 7157
7159 7158
7160 7159
7161 7160
7162 7161
7163 7162
7164 7163
7165 7164
7166 7165
7167 7166
7168 7167
7169 7168
7170 7169
7171 7170
7172 7171
7173 7172
7174 7173
7175 7174
7176 7175
7177 7176
7178 7177
7179 7178
7180 7179
7181 7180
7182 7181
7183 7182
7184 7183
7185 7184
7186 7185
7187 7186
7188 7187
7189 7188
7190 7189
7191 7190
7192 7191
7193 7192
7194 7193
7195 7194
7196 7195
7197 7196
7198 7197
7199 7198
7200 7199
7201 7200
7202 7201
7203 7202
7204 7203
7205 7204
7206 7205
7207 7206
7208 7207
7209 7208
7210 7209
7211 7210
7212 7211
7213 7212
7214 7213
7215 7214
7216 7215
7217 7216
7218 7217
7219 7218
7220 7219
7221 7220
7222 7221
7223 7222
7224 7223
7225 7224
7226 7225
7227 7226
7228 7227
7229 7228
7230 7229
7231 7230
7232 7231
7233 7232
7234 7233
7235 7234
7236 7235
7237 7236
7238 7237
7239 7238
7240 7239
7241 7240
7242 7241
7243 7242
7244 7243
7245 7244
7246 7245
7247 7246
7248 7247
7249 7248
7250 7249
7251 7250
7252 7251
7253 7252
7254 7253
7255 7254
7256 7255
7257 7256
7258 7257
7259 7258
7260 7259
7261 7260
7262 7261
7263 7262
7264 7263
7265 7264
7266 7265
7267 7266
7268 7267
7269 7268
7270 7269
7271 7270
7272 7271
7273 7272
7274 7273
7275 7274
7276 7275
7277 7276
7278 7277
7279 7278
7280 7279
7281 7280
7282 7281
7283 7282
7284 7283
7285 7284
7286 7285
7287 7286
7288 7287
7289 7288
7290 7289
7291 7290
7292 7291
7293 7292
7294 7293
7295 7294
7296 7295
7297 7296
7298 7297
7299 7298
7300 7299
7301 7300
7302 7301
7303 7302
7303 4085
7304 4086
7305 7304
7306 7305
7307 7306
7308 7304
7309 7308
7310 7308
7311 7304
7312 7306
7313 7304
7314 7312
7315 7311
7316 7307
7317 7309
7318 7315
7319 7304
7320 7314
7321 7318
7322 7313
7323 7311
7324 7315
7325 7314
7326 7318
7327 7308
7328 7322
7329 7318
7330 7319
7331 7307
7332 7309
7333 7305
7334 7317
7335 7324
7336 7310
7337 7309
7338 7334
7339 7316
7340 7320
7341 7322
7342 7315
7343 7314
7344 7335
7345 7315
7346 7323
7347 7307
7348 7325
7349 7341
7350 7313
7351 4086
7352 7334
7353 7313
7354 7343
7355 7330
7356 7341
7357 7337
7358 7343
7359 7348
7360 7351
7361 7332
7362 7338
7363 7309
7364 7314
7365 7314
7366 7310
7367 7345
7368 7311
7369 7311
7370 7352
7371 7324
7372 7351
7373 7354
7374 7342
7375 7352
7376 7341
7377 7313
7378 7373
7379 7378
7380 7313
7381 7379
7382 7377
7383 7345
7384 7337
7385 7340
7386 7320
7387 7347
7388 7360
7389 7315
7390 7378
7391 7390
7392 7324
7393 7305
7394 7332
7395 7393
7396 7375
7397 7383
7398 7314
7399 7328
7400 7389
7401 7391
7402 7398
7403 7319
7404 7368
7405 7311
7406 7379
7407 7311
7408 7345
7409 7341
7410 7362
7411 7375
7412 7377
7413 7379
7414 7408
7415 7317
7416 7396
7417 7356
7418 7356
7419 7383
7420 7320
7421 7401
7422 7311
7423 7346
7424 7327
7425 7347
7426 7316
7427 7315
7428 7352
7429 7423
7430 7307
7431 7337
7432 7398
7433 7314
7434 7416
7435 7304
7436 7328
7437 7402
7438 7412
7439 7432
7440 7416
7441 7323
7442 7342
7443 7427
7444 7343
7445 7314
7446 7385
7447 7395
7448 7373
7449 7436
7450 7421
7451 7445
7452 7422
7453 7369
7454 7317
7455 7433
7456 7423
7457 7376
7458 7366
7459 7427
7460 7451
7461 7445
7462 7451
7463 7308
7464 7369
7465 7429
7466 7461
7467 7411
7468 7315
7469 7402
7470 7349
7471 7460
7472 7391
7473 7416
7474 7322
7475 7400
7476 7366
7477 7365
7478 7475
7479 7307
7480 7393
7481 7402
7482 7461
7483 7337
7484 7376
7485 7398
7486 7445
7487 7474
7488 7370
7489 7314
7490 7449
7491 7482
7492 7466
7493 7387
7494 7482
7495 7369
7496 7467
7497 7312
7498 7357
7499 7420
7500 7464
7501 7403
7502 7429
7503 7378
7504 7405
7505 7425
7506 7430
7507 7392
7508 7347
7509 7468
7510 7451
7511 7342
7512 7477
7513 7328
7514 7386
7515 7336
7516 7499
7517 7362
7518 7358
7519 7509
7520 7394
7521 7324
7522 7324
7523 7399
7524 7388
7525 7477
7526 7401
7527 7361
7528 7338
7529 7326
7530 7453
7531 7452
7532 7408
7533 7357
7534 7416
7535 7371
7536 7506
7537 7482
7538 7451
7539 7534
7540 7407
7541 7427
7542 7356
7543 7467
7544 7453
7545 7491
7546 7362
7547 7536
7548 7323
7549 7463
7550 7322
7551 7523
7552 7438
7553 7480
7554 7521
7555 7390
7556 7394
7557 7443
7558 7519
7559 7507
7560 7462
7561 7534
7562 7435
7563 7377
7564 7494
7565 7561
7566 7339
7567 7365
7568 7512
7569 7399
7570 7382
7571 7335
7572 7461
7573 7491
7574 7329
7575 7554
7576 1517
7577 7576
7578 1517
7579 7578
7580 7577
7581 1517
7582 7580
7583 7582
7584 7580
7585 7582
7586 7580
7587 7583
7588 7585
7589 7580
7590 7580
7591 7579
7592 7581
7593 7581
7594 7585
7595 7577
7596 7577
7597 7578
7598 7584
7599 1517
7600 7581
7601 7589
7602 7601
7603 7582
7604 7583
7605 7577
7606 7593
7607 7581
7608 7592
7609 7600
7610 7586
7611 7594
7612 7600
7613 7591
7614 7610
7615 7580
7616 7588
7617 7592
7618 7596
7619 7585
7620 7589
7621 7619
7622 7601
7623 7576
7624 7586
7625 7592
7626 7586
7627 7607
7628 7616
7629 7612
7630 7609
7631 7583
7632 7609
7633 7588
7634 7594
7635 7634
7636 7635
7637 7622
7638 7579
7639 7588
7640 7603
7641 7611
7642 7622
7643 7638
7644 7576
7645 7619
7646 7579
7647 7623
7648 7601
7649 7633
7650 7635
7651 7590
7652 7587
7653 7580
7654 7596
7655 7593
7656 7611
7657 7600
7658 7601
7659 7597
7660 7599
7661 7578
7662 7651
7663 7595
7664 7609
7665 7608
7666 7599
7667 7585
7668 7585
7669 7618
7670 7655
7671 7663
7672 7609
7673 7616
7674 7652
7675 7639
7676 7626
7677 7620
7678 7676
7679 7581
7680 7619
7681 7596
7682 7635
7683 7587
7684 7610
7685 7594
7686 7651
7687 7663
7688 7591
7689 7679
7690 7619
7691 7676
7692 7592
7693 7647
7694 7586
7695 7612
7696 7627
7697 7651
7698 7655
7699 7697
7700 7632
7701 7616
7702 7603
7703 7647
7704 7606
7705 7695
7706 7647
7707 7612
7708 7588
7709 7588
7710 7686
7711 7680
7712 7657
7713 7711
7714 7703
7715 7601
7716 7595
7717 7613
7718 7650
7719 7656
7720 7706
7721 7651
7722 7590
7723 7691
7724 7661
7725 7716
7726 7685
7727 7657
7728 7691
7729 7671
7730 7639
7731 7709
7732 7627
7733 7679
7734 7613
7735 7699
7736 7583
7737 7648
7738 7613
7739 7617
7740 7621
7741 7661
7742 7684
7743 7727
7744 7719
7745 7697
7746 7693
7747 7595
7748 7668
7749 7686
7750 7695
7751 7591
7752 7744
7753 7702
7754 7621
7755 7734
7756 7656
7757 7653
7758 7721
7759 7610
7760 7641
7761 7576
7762 7664
7763 7669
7764 7726
7765 7632
7766 7678
7767 7659
7768 7758
7769 7576
7770 7579
7771 7598
7772 7710
7773 7738
7774 7640
7775 7650
7776 7674
7777 7650
7778 7719
7779 7598
7780 7590
7781 7607
7782 7777
7783 7737
7784 7690
7785 7700
7786 7739
7787 7697
7788 7737
7789 7650
7790 7599
7791 7704
7792 7722
7793 7596
7794 7714
7795 7749
7796 7634
7797 7794
7798 7665
7799 7784
7800 7760
7801 7636
7802 7699
7803 7767
7804 7685
7805 7776
7806 7625
7807 7698
7808 7676
7809 7678
7810 7789
7811 7700
7812 7765
7813 7729
7814 7761
7815 7807
7816 7686
7817 7592
7818 7708
7819 7601
7820 7750
7821 7599
7822 7626
7823 7609
7824 7714
7825 7704
7826 7690
7827 7666
7828 7741
7829 7731
7830 7721
7831 7816
7832 7800
7833 7784
7834 7725
7835 7597
7836 7656
7837 7579
7838 7801
7839 7774
7840 7585
7841 7712
7842 7769
7843 7687
7844 7788
7845 7808
7846 7604
7847 7674
7848 7705
7849 7588
7850 7829
7851 7601
7852 7697
7853 7651
7854 7677
7855 7679
7856 7752
7857 7599
7858 7780
7859 7623
7860 7697
7861 7585
7862 7624
7863 7789
7864 7692
7865 7776
7866 7653
7867 1517
7868 7727
7869 7695
7870 7722
7871 7766
7872 7731
7873 7803
7874 7857
7875 7586
7876 7728
7877 7664
7878 7853
7879 7641
7880 7753
7881 7791
7882 7739
7883 7737
7884 7789
7885 7641
7886 7686
7887 7689
7888 7733
7889 7611
7890 7833
7891 7816
7892 7771
7893 7601
7894 7589
7895 7863
7896 7858
7897 7617
7898 7632
7899 7629
7900 7596
7901 7865
7902 7845
7903 7762
7904 7667
7905 7779
7906 7680
7907 7901
7908 7858
7909 7702
7910 7773
7911 7693
7912 7853
7913 7713
7914 7600
7915 7621
7916 7600
7917 7863
7918 7893
7919 7712
7920 7764
7921 7712
7922 7732
7923 7662
7924 7744
7925 7838
7926 7805
7927 7876
7928 7856
7929 7628
7930 7670
7931 7644
7932 7902
7933 7594
7934 7686
7935 7715
7936 7599
7937 7906
7938 7664
7939 7757
7940 7635
7941 7755
7942 7704
7943 7636
7944 7848
7945 7866
7946 7597
7947 7586
7948 7946
7949 7684
7950 7843
7951 7578
7952 7852
7953 7795
7954 7592
7955 7883
7956 7687
7957 7914
7958 7743
7959 7798
7960 7872
7961 7753
7962 7847
7963 7783
7964 7803
7965 7586
7966 7613
7967 7711
7968 7762
7969 7728
7970 7621
7971 7949
7972 7583
7973 7914
7974 7861
7975 7776
7976 7611
7977 7812
7978 7801
7979 7647
7980 7776
7981 7855
7982 7791
7983 7713
7984 7794
7985 7734
7986 7764
7987 7825
7988 7938
7989 7927
7990 7760
7991 7820
7992 7605
7993 7624
7994 7932
7995 7914
7996 7648
7997 7629
7998 7689
7999 7968
8000 7723
8001 7965
8002 7942
8003 7577
8004 7742
8005 7933
8006 7926
8007 7840
8008 7690
8009 7633
8010 7993
8011 7996
8012 7845
8013 7746
8014 7830
8015 7613
8016 7609
8017 7768
8018 7901
8019 7816
8020 7671
8021 7990
8022 7884
8023 7814
8024 7618
8025 7772
8026 8008
8027 7737
8028 7999
8029 7804
8030 7693
8031 7646
8032 7867
8033 7821
8034 7843
8035 7705
8036 8017
8037 7986
8038 7904
8039 7813
8040 7965
8041 7857
8042 7956
8043 8021
8044 7841
8045 7715
8046 7647
8047 8044
8048 7912
8049 7784
8050 7949
8051 7902
8052 7819
8053 8029
8054 7646
8055 7940
8056 7606
8057 7896
8058 7620
8059 7825
8060 7782
8061 8058
8062 7872
8063 7839
8064 7821
8065 7785
8066 7590
8067 8042
8068 7582
8069 8033
8070 8042
8071 7581
8072 7874
8073 7729
8074 7632
8075 8051
8076 7629
8077 7805
8078 7645
8079 8040
8080 7704
8081 7668
8082 7687
8083 7629
8084 8055
8085 7959
8086 8057
8087 7591
8088 7788
8089 7910
8090 7663
8091 7580
8092 7761
8093 7927
8094 7867
8095 7877
8096 8051
8097 8005
8098 7640
8099 7875
8100 7878
8101 8029
8102 7817
8103 7722
8104 7656
8105 7749
8106 7726
8107 7781
8108 8080
8109 7630
8110 7786
8111 7608
8112 7858
8113 7830
8114 8072
8115 7696
8116 8000
8117 7645
8118 8028
8119 7790
8120 7937
8121 7680
8122 8117
8123 8044
8124 7693
8125 8083
8126 7993
8127 7887
8128 7660
8129 7649
8130 7686
8131 8088
8132 7866
8133 8107
8134 7611
8135 7947
8136 7684
8137 8130
8138 7774
8139 8095
8140 7852
8141 8036
8142 7987
8143 8028
8144 7772
8145 7687
8146 7661
8147 7827
8148 8027
8149 7703
8150 7649
8151 7897
8152 7664
8153 7887
8154 7936
8155 7717
8156 8099
8157 7610
8158 7731
8159 7965
8160 7762
8161 7964
8162 7829
8163 7793
8164 7786
8165 7783
8166 7870
8167 7665
8168 7693
8169 7786
8170 7714
8171 8089
8172 7749
8173 8039
8174 7954
8175 8164
8176 7936
8177 7789
8178 7934
8179 8018
8180 7712
8181 8069
8182 7612
8183 7977
8184 7969
8185 7924
8186 6451
8187 8186
8188 8187
8189 8188
8190 8189
8191 8190
8192 8191
8193 8192
8194 8193
8195 8194
8196 8195
8197 8196
8198 8197
8199 8198
8200 8199
8201 8200
8202 8201
8203 8202
8204 8203
8205 8204
8206 8205
8207 8206
8208 8207
8209 8208
8210 8209
8211 8210
8212 8211
8213 8212
8214 8213
8215 8214
8216 8215
8217 8216
8218 8217
8219 8218
8220 8219
8221 8220
8222 8221
8223 8222
8224 8223
8225 8224
8226 8225
8227 8226
8228 8227
8229 8228
8230 8229
8231 8230
8232 8231
8233 8232
8234 8233
8235 8234
8236 8235
8237 8236
8238 8237
8239 8238
8240 8239
8241 8240
8242 8241
8243 8242
8244 8243
8245 8244
8246 8245
8247 8246
8248 8247
8249 8248
8250 8249
8251 8250
8252 8251
8253 8252
8254 8253
8255 8254
8256 8255
8257 8256
8258 8257
8259 8258
8260 8259
8261 8260
8262 8261
8263 8262
8264 8263
8265 8264
8266 8265
8267 8266
8268 8267
8269 8268
8270 8269
8271 8270
8272 8271
8273 8272
8274 8273
8275 8274
8276 8275
8277 8276
8278 8277
8279 8278
8280 8279
8281 8280
8282 8281
8283 8282
8284 8283
8285 8284
8286 8285
8287 8286
8288 8287
8289 8288
8290 8289
8291 8290
8292 8291
8293 8292
8294 8293
8295 8294
8296 8295
8297 8296
8298 8297
8299 8298
8300 8299
8301 8300
8302 8301
8303 8302
8304 8303
8305 8304
8306 8305
8307 8306
8308 8307
8309 8308
8310 8309
8311 8310
8312 8311
8313 8312
8314 8313
8315 8314
8316 8315
8317 8316
8318 8317
8319 8318
8320 8319
8321 8320
8322 8321
8323 8322
8324 8323
8325 8324
8326 8325
8327 8326
8328 8327
8329 8328
8330 8329
8331 8330
8332 8331
8333 8332
8334 8333
8335 8334
8336 8335
8337 8336
8338 8337
8339 8338
8340 8339
8341 8340
8342 8341
8343 8342
8344 8343
8345 8344
8346 8345
8347 8346
8348 8347
8349 8348
8350 8349
8351 8350
8352 8351
8353 8352
8354 8353
8355 8354
8356 8355
8357 8356
8358 8357
8359 8358
8360 8359
8361 8360
8362 8361
8363 8362
8364 8363
8365 8364
8366 8365
8367 8366
8368 8367
8369 8368
8370 8369
8371 8370
8372 8371
8373 8372
8374 8373
8375 8374
8376 8375
8377 8376
8378 8377
8379 8378
8380 8379
8381 8380
8382 8381
8383 8382
8384 8383
8385 8384
8386 8385
8387 8386
8388 8387
8389 8388
8390 8389
8391 8390
8392 8391
8393 8392
8394 8393
8395 8394
8396 8395
8397 8396
8398 8397
8399 8398
8400 8399
8401 8400
8402 8401
8403 8402
8404 8403
8405 8404
8406 8405
8407 8406
8408 8407
8409 8408
8410 8409
8411 8410
8412 8411
8413 8412
8414 8413
8415 8414
8416 8415
8417 8416
8418 8417
8419 8418
8420 8419
8421 8420
8422 8421
8423 8422
8424 8423
8425 8424
8426 8425
8427 8426
8428 8427
8429 8428
8430 8429
8431 8430
8432 8431
8433 8432
8434 8433
8435 8434
8436 8435
8437 8436
8438 8437
8439 8438
8440 8439
8441 8440
8442 8441
8443 8442
8444 8443
8445 8444
8446 8445
8447 8446
8448 8447
8449 8448
8450 8449
8451 8450
8452 8451
8453 8452
8454 8453
8455 8454
8456 8455
8457 8456
8458 8457
8459 8458
8460 8459
8461 8460
8462 8461
8463 8462
8464 8463
8465 8464
8466 8465
8467 8466
8468 8467
8469 8468
8470 8469
8471 8470
8472 8471
8473 8472
8474 8473
8475 8474
8476 8475
8477 8476
8478 8477
8479 8478
8480 8479
8481 8480
8482 8481
8483 8482
8484 8483
8485 8484
8486 8485
8487 8486
8488 8487
8489 8488
8490 8489
8491 8490
8492 8491
8493 8492
8494 8493
8495 8494
8496 8495
8497 8496
8498 8497
8499 8498
8500 8499
8501 8500
8502 8501
8503 8502
8504 8503
8505 8504
8506 8505
8507 8506
8508 8507
8509 8508
8510 8509
8511 8510
8512 8511
8513 8512
8514 8513
8515 8514
8516 8515
8517 8516
8518 8517
8519 8518
8520 8519
8521 8520
8522 8521
8523 8522
8524 8523
8525 8524
8526 8525
8527 8526
8528 8527
8529 8528
8530 8529
8531 8530
8532 8531
8533 8532
8534 8533
8535 8534
8536 8535
8537 8536
8538 8537
8539 8538
8540 8539
8541 8540
8542 8541
8543 8542
8544 8543
8545 8544
8546 8545
8547 8546
8548 8547
8549 8548
8550 8549
8551 8550
8552 8551
8553 8552
8554 8553
8555 8554
8556 8555
8557 8556
8558 8557
8559 8558
8560 8559
8561 8560
8562 8561
8563 8562
8564 8563
8565 8564
8566 8565
8567 8566
8568 8567
8569 8568
8570 8569
8571 8570
8572 8571
8573 8572
8574 8573
8575 8574
8576 8575
8577 8576
8578 8577
8579 8578
8580 8579
8581 8580
8582 8581
8583 8582
8584 8583
8585 8584
8586 8585
8587 8586
8588 8587
8589 8588
8590 8589
8591 8590
8592 8591
8593 8592
8594 8593
8595 8594
8596 8595
8597 8596
8598 8597
8599 8598
8600 8599
8601 8600
8602 8601
8603 8602
8604 8603
8605 8604
8606 8605
8607 8606
8608 8607
8609 8608
8610 8609
8611 8610
8612 8611
8613 8612
8614 8613
8615 8614
8616 8615
8617 8616
8618 8617
8619 8618
8620 8619
8621 8620
8622 8621
8623 8622
8624 8623
8625 8624
8626 8625
8627 8626
8628 8627
8629 8628
8630 8629
8631 8630
8632 8631
8633 8632
8634 8633
8635 8634
8636 8635
8637 8636
8638 8637
8639 8638
8640 8639
8641 8640
8642 8641
8643 8642
8644 8643
8645 8644
8646 8645
8647 8646
8648 8647
8649 8648
8650 8649
8651 8650
8652 8651
8653 8652
8654 8653
8655 8654
8656 8655
8657 8656
8658 8657
8659 8658
8660 8659
8661 8660
8662 8661
8663 8662
8664 8663
8665 8664
8666 8665
8667 8666
8668 8667
8669 8668
8670 8669
8671 8670
8672 8671
8673 8672
8674 8673
8675 8674
8676 8675
8677 8676
8678 8677
8679 8678
8680 8679
8681 8680
8682 8681
8683 8682
8684 8683
8685 8684
8686 8685
8687 8686
8688 8687
8689 8688
8690 8689
8691 8690
8692 8691
8693 8692
8694 8693
8695 8694
8696 8695
8697 8696
8698 8697
8699 8698
8700 8699
8701 8700
8702 8701
8703 8702
8704 8703
8705 8704
8706 8705
8707 8706
8708 8707
8709 8708
8710 8709
8711 8710
8712 8711
8713 8712
8714 8713
8715 8714
8716 8715
8716 6451
8717 2463
8718 8717
8719 8718
8720 8719
8721 8720
8722 8721
8723 8722
8724 8723
8725 8724
8726 8725
8727 8726
8728 8727
8729 8728
8730 8729
8731 8730
8732 8731
8733 8732
8734 8733
8735 8734
8736 8735
8737 8736
8738 8737
8739 8738
8740 8739
8741 8740
8742 8741
8743 8742
8744 8743
8745 8744
8746 8745
8747 8746
8748 8747
8749 8748
8750 8749
8751 8750
8752 8751
8753 8752
8754 8753
8755 8754
8756 8755
8757 8756
8758 8757
8759 8758
8760 8759
8761 8760
8762 8761
8763 8762
8764 8763
8765 8764
8766 8765
8767 8766
8768 8767
8769 8768
8770 8769
8771 8770
8772 8771
8773 8772
8774 8773
8775 8774
8776 8775
8777 8776
8778 8777
8779 8778
8780 8779
8781 8780
8782 8781
8783 8782
8784 8783
8785 8784
8786 8785
8787 8786
8788 8787
8789 8788
8790 8789
8791 8790
8792 8791
8793 8792
8794 8793
8795 8794
8796 8795
8797 8796
8798 8797
8799 8798
8800 8799
8801 8800
8802 8801
8803 8802
8804 8803
8805 8804
8806 8805
8807 8806
8808 8807
8809 8808
8810 8809
8811 8810
8812 8811
8813 8812
8814 8813
8815 8814
8816 8815
8817 8816
8818 8817
8819 8818
8820 8819
8821 8820
8822 8821
8823 8822
8824 8823
8825 8824
8826 8825
8827 8826
8828 8827
8829 8828
8830 8829
8831 8830
8832 8831
8833 8832
8834 8833
8835 8834
8836 8835
8837 8836
8838 8837
8839 8838
8840 8839
8841 8840
8842 8841
8843 8842
8844 8843
8845 8844
8846 8845
8847 8846
8848 8847
8849 8848
8850 8849
8851 8850
8852 8851
8853 8852
8854 8853
8855 8854
8856 8855
8857 8856
8858 8857
8859 8858
8860 8859
8861 8860
8862 8861
8863 8862
8864 8863
8865 8864
8866 8865
8867 8866
8868 8867
8869 8868
8870 8869
8871 8870
8872 8871
8873 8872
8874 8873
8875 8874
8876 8875
8877 8876
8878 8877
8879 8878
8880 8879
8881 8880
8882 8881
8883 8882
8884 8883
8885 8884
8886 8885
8887 8886
8888 8887
8889 8888
8890 8889
8891 8890
8892 8891
8893 8892
8894 8893
8895 8894
8896 8895
8897 8896
8898 8897
8899 8898
8900 8899
8901 8900
8902 8901
8903 8902
8904 8903
8905 8904
8906 8905
8907 8906
8908 8907
8909 8908
8910 8909
8911 8910
8912 8911
8913 8912
8914 8913
8915 8914
8916 8915
8917 8916
8918 8917
8919 8918
8920 8919
8921 8920
8922 8921
8923 8922
8924 8923
8925 8924
8926 8925
8927 8926
8928 8927
8929 8928
8930 8929
8931 8930
8932 8931
8933 8932
8934 8933
8935 8934
8936 8935
8937 8936
8938 8937
8939 8938
8940 8939
8941 8940
8942 8941
8943 8942
8944 8943
8945 8944
8946 8945
8947 8946
8948 8947
8949 8948
8950 8949
8951 8950
8952 8951
8953 8952
8954 8953
8955 8954
8956 8955
8957 8956
8958 8957
8959 8958
8960 8959
8961 8960
8962 8961
8963 8962
8964 8963
8965 8964
8966 8965
8967 8966
8968 8967
8969 8968
8970 8969
8971 8970
8972 8971
8973 8972
8974 8973
8975 8974
8976 8975
8977 8976
8978 8977
8979 8978
8980 8979
8981 8980
8982 8981
8983 8982
8984 8983
8985 8984
8986 8985
8987 8986
8988 8987
8989 8988
8990 8989
8991 8990
8992 8991
8993 8992
8994 8993
8995 8994
8996 8995
8997 8996
8998 8997
8999 8998
9000 8999
9001 9000
9002 9001
9003 9002
9004 9003
9005 9004
9006 9005
9007 9006
9008 9007
9009 9008
9010 9009
9011 9010
9012 9011
9013 9012
9014 9013
9015 9014
9016 9015
9017 9016
9018 9017
9019 9018
9020 9019
9021 9020
9022 9021
9023 9022
9024 9023
9025 9024
9026 9025
9027 9026
9028 9027
9029 9028
9030 9029
9031 9030
9032 9031
9033 9032
9034 9033
9035 9034
9036 9035
9037 9036
9038 9037
9039 9038
9040 9039
9041 9040
9042 9041
9043 9042
9044 9043
9045 9044
9046 9045
9047 9046
9048 9047
9049 9048
9050 9049
9051 9050
9052 9051
9053 9052
9054 9053
9055 9054
9056 9055
9057 9056
9058 9057
9059 9058
9060 9059
9061 9060
9062 9061
9063 9062
9064 9063
9065 9064
9066 9065
9067 9066
9068 9067
9069 9068
9070 9069
9071 9070
9072 9071
9073 9072
9074 9073
9075 9074
9076 9075
9077 9076
9078 9077
9079 9078
9080 9079
9081 9080
9082 9081
9083 9082
9084 9083
9085 9084
9086 9085
9087 9086
9088 9087
9089 9088
9090 9089
9091 9090
9092 9091
9093 9092
9094 9093
9095 9094
9096 9095
9097 9096
9098 9097
9099 9098
9100 9099
9101 9100
9102 9101
9103 9102
9104 9103
9105 9104
9106 9105
9107 9106
9108 9107
9109 9108
9110 9109
9111 9110
9112 9111
9113 9112
9114 9113
9115 9114
9116 9115
9117 9116
9118 9117
9119 9118
9120 9119
9121 9120
9122 9121
9123 9122
9124 9123
9125 9124
9126 9125
9127 9126
9128 9127
9129 9128
9130 9129
9131 9130
9132 9131
9133 9132
9134 9133
9135 9134
9136 9135
9137 9136
9138 9137
9139 9138
9140 9139
9141 9140
9142 9141
9143 9142
9144 9143
9145 9144
9146 9145
9147 9146
9148 9147
9149 9148
9150 9149
9151 9150
9152 9151
9153 9152
9154 9153
9155 9154
9156 9155
9157 9156
9158 9157
9159 9158
9160 9159
9161 9160
9162 9161
9163 9162
9164 9163
9165 9164
9166 9165
9167 9166
9168 9167
9169 9168
9170 9169
9171 9170
9172 9171
9173 9172
9174 9173
9175 9174
9176 9175
9177 9176
9178 9177
9179 9178
9180 9179
9181 9180
9182 9181
9183 9182
9184 9183
9185 9184
9186 9185
9187 9186
9188 9187
9189 9188
9190 9189
9191 9190
9192 9191
9193 9192
9194 9193
9195 9194
9196 9195
9197 9196
9198 9197
9199 9198
9200 9199
9201 9200
9202 9201
9203 9202
9204 9203
9205 9204
9206 9205
9207 9206
9208 9207
9209 9208
9210 9209
9211 9210
9212 9211
9213 9212
9214 9213
9215 9214
9216 9215
9217 9216
9218 9217
9219 9218
9220 9219
9221 9220
9222 9221
9223 9222
9224 9223
9225 9224
9226 9225
9227 9226
9228 9227
9229 9228
9230 9229
9231 9230
9232 9231
9233 9232
9234 9233
9235 9234
9236 9235
9237 9236
9238 9237
9239 9238
9240 9239
9241 9240
9242 9241
9243 9242
9244 9243
9245 9244
9246 9245
9247 9246
9248 9247
9249 9248
9250 9249
9251 9250
9252 9251
9253 9252
9254 9253
9255 9254
9256 9255
9257 9256
9258 9257
9258 2463
9259 9100
9260 9259
9261 9260
9262 9261
9263 9262
9264 9263
9265 9264
9266 9265
9267 9266
9268 9267
9269 9268
9270 9269
9271 9270
9272 9271
9273 9272
9274 9273
9275 9274
9276 9275
9277 9276
9278 9277
9279 9278
9280 9279
9281 9280
9282 9281
9283 9282
9284 9283
9285 9284
9286 9285
9287 9286
9288 9287
9289 9288
9290 9289
9291 9290
9292 9291
9293 9292
9294 9293
9295 9294
9296 9295
9297 9296
9298 9297
9299 9298
9300 9299
9301 9300
9302 9301
9303 9302
9304 9303
9305 9304
9306 9305
9307 9306
9308 9307
9309 9308
9310 9309
9311 9310
9312 9311
9313 9312
9314 9313
9315 9314
9316 9315
9317 9316
9318 9317
9319 9318
9320 9319
9321 9320
9322 9321
9323 9322
9324 9323
9325 9324
9326 9325
9327 9326
9328 9327
9329 9328
9330 9329
9331 9330
9332 9331
9333 9332
9334 9333
9335 9334
9336 9335
9337 9336
9338 9337
9339 9338
9340 9339
9341 9340
9342 9341
9343 9342
9344 9343
9345 9344
9346 9345
9347 9346
9348 9347
9349 9348
9350 9349
9351 9350
9352 9351
9353 9352
9354 9353
9355 9354
9356 9355
9357 9356
9358 9357
9359 9358
9360 9359
9361 9360
9362 9361
9363 9362
9364 9363
9365 9364
9366 9365
9367 9366
9368 9367
9369 9368
9370 9369
9371 9370
9372 9371
9373 9372
9374 9373
9375 9374
9376 9375
9377 9376
9378 9377
9379 9378
9380 9379
9381 9380
9382 9381
9383 9382
9384 9383
9385 9384
9386 9385
9387 9386
9388 9387
9389 9388
9390 9389
9391 9390
9392 9391
9393 9392
9394 9393
9395 9394
9396 9395
9397 9396
9398 9397
9399 9398
9400 9399
9401 9400
9402 9401
9403 9402
9404 9403
9405 9404
9406 9405
9407 9406
9408 9407
9409 9408
9410 9409
9411 9410
9412 9411
9413 9412
9414 9413
9415 9414
9416 9415
9417 9416
9418 9417
9419 9418
9420 9419
9421 9420
9422 9421
9423 9422
9424 9423
9425 9424
9426 9425
9427 9426
9428 9427
9429 9428
9430 9429
9431 9430
9432 9431
9433 9432
9434 9433
9435 9434
9436 9435
9437 9436
9438 9437
9439 9438
9440 9439
9441 9440
9442 9441
9443 9442
9444 9443
9445 9444
9446 9445
9447 9446
9448 9447
9449 9448
9450 9449
9451 9450
9452 9451
9453 9452
9454 9453
9455 9454
9456 9455
9457 9456
9458 9457
9459 9458
9460 9459
9461 9460
9462 9461
9463 9462
9464 9463
9465 9464
9466 9465
9467 9466
9468 9467
9469 9468
9470 9469
9471 9470
9472 9471
9473 9472
9474 9473
9475 9474
9476 9475
9477 9476
9478 9477
9479 9478
9480 9479
9481 9480
9482 9481
9483 9482
9484 9483
9485 9484
9486 9485
9487 9486
9488 9487
9489 9488
9490 9489
9491 9490
9492 9491
9493 9492
9494 9493
9495 9494
9496 9495
9497 9496
9498 9497
9499 9498
9500 9499
9501 9500
9502 9501
9503 9502
9504 9503
9505 9504
9506 9505
9507 9506
9508 9507
9509 9508
9510 9509
9511 9510
9512 9511
9513 9512
9514 9513
9515 9514
9516 9515
9517 9516
9518 9517
9519 9518
9520 9519
9521 9520
9522 9521
9523 9522
9524 9523
9525 9524
9526 9525
9527 9526
9528 9527
9529 9528
9530 9529
9531 9530
9532 9531
9533 9532
9534 9533
9535 9534
9536 9535
9537 9536
9538 9537
9539 9538
9540 9539
9541 9540
9542 9541
9543 9542
9544 9543
9545 9544
9546 9545
9547 9546
9548 9547
9549 9548
9550 9549
9551 9550
9552 9551
9553 9552
9554 9553
9555 9554
9556 9555
9557 9556
9558 9557
9559 9558
9560 9559
9561 9560
9562 9561
9563 9562
9564 9563
9565 9564
9566 9565
9567 9566
9568 9567
9569 9568
9570 9569
9571 9570
9572 9571
9573 9572
9574 9573
9575 9574
9576 9575
9577 9576
9578 9577
9579 9578
9580 9579
9581 9580
9582 9581
9583 9582
9584 9583
9585 9584
9586 9585
9587 9586
9588 9587
9589 9588
9590 9589
9591 9590
9592 9591
9593 9592
9594 9593
9595 9594
9596 9595
9597 9596
9598 9597
9599 9598
9600 9599
9601 9600
9602 9601
9603 9602
9604 9603
9605 9604
9606 9605
9607 9606
9608 9607
9609 9608
9610 9609
9611 9610
9612 9611
9613 9612
9614 9613
9615 9614
9616 9615
9617 9616
9618 9617
9619 9618
9620 9619
9621 9620
9622 9621
9623 9622
9624 9623
9625 9624
9626 9625
9627 9626
9628 9627
9629 9628
9630 9629
9631 9630
9632 9631
9633 9632
9634 9633
9635 9634
9636 9635
9637 9636
9638 9637
9639 9638
9640 9639
9641 9640
9642 9641
9643 9642
9644 9643
9645 9644
9646 9645
9647 9646
9648 9647
9649 9648
9650 9649
9651 9650
9652 9651
9653 9652
9654 9653
9655 9654
9656 9655
9657 9656
9658 9657
9659 9658
9660 9659
9661 9660
9662 9661
9663 9662
9664 9663
9665 9664
9666 9665
9667 9666
9668 9667
9669 9668
9670 9669
9671 9670
9672 9671
9673 9672
9674 9673
9675 9674
9676 9675
9677 9676
9678 9677
9679 9678
9680 9679
9681 9680
9682 9681
9683 9682
9684 9683
9685 9684
9686 9685
9687 9686
9688 9687
9689 9688
9690 9689
9691 9690
9692 9691
9693 9692
9694 9693
9695 9694
9696 9695
9697 9696
9698 9697
9699 9698
9700 9699
9701 9700
9702 9701
9703 9702
9704 9703
9705 9704
9706 9705
9707 9706
9708 9707
9709 9708
9710 9709
9711 9710
9712 9711
9713 9712
9714 9713
9715 9714
9716 9715
9717 9716
9718 9717
9719 9718
9720 9719
9721 9720
9722 9721
9723 9722
9724 9723
9725 9724
9726 9725
9727 9726
9728 9727
9729 9728
9730 9729
9731 9730
9732 9731
9733 9732
9734 9733
9735 9734
9736 9735
9737 9736
9738 9737
9739 9738
9740 9739
9741 9740
9742 9741
9743 9742
9744 9743
9745 9744
9746 9745
9747 9746
9748 9747
9749 9748
9750 9749
9751 9750
9752 9751
9753 9752
9754 9753
9755 9754
9756 9755
9757 9756
9758 9757
9759 9758
9760 9759
9761 9760
9762 9761
9763 9762
9764 9763
9765 9764
9766 9765
9767 9766
9768 9767
9769 9768
9770 9769
9771 9770
9772 9771
9773 9772
9774 9773
9775 9774
9776 9775
9777 9776
9778 9777
9779 9778
9780 9779
9781 9780
9782 9781
9783 9782
9784 9783
9785 9784
9786 9785
9787 9786
9788 9787
9789 9788
9790 9789
9791 9790
9792 9791
9793 9792
9794 9793
9795 9794
9796 9795
9797 9796
9798 9797
9799 9798
9800 9799
9801 9800
9802 9801
9803 9802
9804 9803
9805 9804
9806 9805
9807 9806
9808 9807
9809 9808
9810 9809
9811 9810
9812 9811
9813 9812
9814 9813
9815 9814
9816 9815
9817 9816
9818 9817
9819 9818
9820 9819
9821 9820
9822 9821
9823 9822
9824 9823
9825 9824
9826 9825
9827 9826
9828 9827
9829 9828
9830 9829
9831 9830
9832 9831
9833 9832
9834 9833
9835 9834
9836 9835
9837 9836
9838 9837
9839 9838
9840 9839
9841 9840
9842 9841
9843 9842
9844 9843
9845 9844
9846 9845
9847 9846
9848 9847
9849 9848
9850 9849
9851 9850
9852 9851
9853 9852
9854 9853
9855 9854
9856 9855
9857 9856
9858 9857
9859 9858
9860 9859
9861 9860
9862 9861
9863 9862
9864 9863
9865 9864
9866 9865
9867 9866
9868 9867
9869 9868
9870 9869
9871 9870
9872 9871
9873 9872
9874 9873
9875 9874
9876 9875
9877 9876
9878 9877
9879 9878
9880 9879
9881 9880
9882 9881
9883 9882
9884 9883
9885 9884
9886 9885
9887 9886
9888 9887
9889 9888
9890 9889
9891 9890
9892 9891
9893 9892
9894 9893
9895 9894
9896 9895
9897 9896
9898 9897
9899 9898
9900 9899
9901 9900
9902 9901
9903 9902
9904 9903
9905 9904
9906 9905
9907 9906
9908 9907
9909 9908
9910 9909
9911 9910
9912 9911
9913 9912
9914 9913
9915 9914
9916 9915
9917 9916
9918 9917
9919 9918
9920 9919
9921 9920
9922 9921
9923 9922
9924 9923
9925 9924
9926 9925
9927 9926
9928 9927
9929 9928
9930 9929
9931 9930
9932 9931
9933 9932
9934 9933
9935 9934
9936 9935
9937 9936
9938 9937
9939 9938
9940 9939
9941 9940
9942 9941
9943 9942
9944 9943
9945 9944
9946 9945
9947 9946
9948 9947
9949 9948
9950 9949
9951 9950
9952 9951
9953 9952
9954 9953
9955 9954
9956 9955
9957 9956
9958 9957
9959 9958
9960 9959
9961 9960
9962 9961
9963 9962
9964 9963
9965 9964
9966 9965
9967 9966
9968 9967
9969 9968
9970 9969
9971 9970
9972 9971
9973 9972
9974 9973
9975 9974
9976 9975
9977 9976
9978 9977
9979 9978
9980 9979
9981 9980
9982 9981
9983 9982
9984 9983
9985 9984
9986 9985
9987 9986
9987 9100
9988 2256
9989 9988
9990 9989
9991 9990
9992 9991
9993 9992
9994 9993
9995 9994
9996 9995
9997 9996
9998 9997
9999 9998
10000 9999
10000 2256
