1000 1009
2 1
3 1
4 1
5 1
6 2
7 5
8 2
9 8
10 6
11 3
12 9
13 9
14 8
15 2
16 7
17 12
18 16
19 16
20 9
21 5
22 19
23 8
24 23
25 14
26 15
27 26
28 15
29 26
30 15
31 28
32 27
33 15
34 15
35 31
36 15
37 26
38 29
39 13
40 39
41 40
42 13
43 39
44 39
45 13
46 40
47 44
48 44
49 39
50 41
51 45
52 42
53 46
54 42
55 53
56 55
57 43
58 53
59 40
60 50
61 59
62 44
63 56
64 56
65 57
66 64
67 39
68 66
69 61
70 67
71 45
72 54
73 58
74 62
75 48
76 75
77 63
78 76
79 51
80 41
81 77
82 45
83 56
84 78
85 81
86 52
87 44
88 79
89 61
90 13
91 79
92 87
93 78
94 65
95 91
96 69
97 74
98 65
99 13
100 71
101 45
102 86
103 78
104 69
105 57
106 47
107 59
108 39
109 61
110 97
111 58
112 102
113 41
114 79
115 79
116 43
117 104
118 48
119 63
120 88
121 57
122 64
123 87
124 96
125 62
126 94
127 66
128 51
129 94
130 55
131 96
132 62
133 81
134 42
135 42
136 42
137 42
138 137
139 42
140 139
141 134
142 140
143 134
144 143
145 42
146 143
147 134
148 142
149 139
150 147
151 149
152 142
153 134
154 135
155 144
156 153
157 140
158 42
159 154
160 135
161 134
162 149
163 148
164 158
165 158
166 156
167 162
168 146
169 161
170 134
171 135
172 146
173 158
174 166
175 158
176 137
177 145
178 163
179 165
180 173
181 153
182 144
183 163
184 167
185 184
186 185
187 186
188 187
189 188
190 189
191 190
192 191
193 192
194 193
195 194
196 195
197 196
198 197
199 198
200 199
201 200
202 201
203 202
204 203
205 204
206 205
207 206
208 207
209 208
210 209
211 210
212 211
213 212
214 213
215 214
216 215
217 216
218 217
219 218
220 219
221 220
222 221
223 222
224 223
225 224
226 225
227 226
228 227
229 228
230 229
231 230
232 231
233 232
234 233
235 234
236 235
237 236
238 237
239 238
240 239
241 240
242 241
243 242
244 243
245 244
246 245
247 246
248 247
249 248
250 249
251 250
252 251
253 252
254 253
255 254
256 255
257 256
258 257
259 258
260 259
261 260
262 261
263 262
264 263
265 264
266 265
267 266
268 267
268 167
269 170
270 170
271 269
272 271
273 271
274 269
275 272
276 273
277 272
278 277
279 272
280 279
281 279
282 277
283 273
284 273
285 280
286 281
287 274
288 278
289 277
290 281
291 287
292 289
293 280
294 281
295 290
296 295
297 285
298 277
299 289
300 271
301 280
302 298
303 292
304 273
305 273
306 302
307 284
308 303
309 296
310 302
311 291
312 299
313 298
314 309
315 276
316 311
317 310
318 307
319 282
320 276
321 317
322 310
323 289
324 284
325 284
326 177
327 326
328 327
329 328
330 329
331 330
332 331
333 332
333 177
334 115
335 334
336 335
337 336
338 337
339 338
340 339
341 340
342 341
343 342
344 343
345 344
346 345
347 346
348 347
349 348
350 349
351 350
352 351
353 352
354 353
355 354
356 355
357 356
358 357
359 358
360 359
361 360
362 361
363 362
364 363
365 364
365 115
366 231
367 366
368 367
369 368
369 231
370 356
371 356
372 371
373 370
374 373
375 371
376 374
377 371
378 375
379 356
380 379
381 380
382 371
383 356
384 376
385 378
386 370
387 380
388 387
389 374
390 383
391 382
392 376
393 388
394 383
395 376
396 378
397 389
398 393
399 392
400 376
401 381
402 371
403 382
404 394
405 377
406 397
407 406
408 374
409 394
410 409
411 372
412 242
413 412
414 413
415 414
416 415
417 416
418 417
419 418
420 419
421 420
422 421
423 422
424 423
424 242
425 244
426 425
427 426
428 427
429 428
430 429
431 430
432 431
433 432
434 433
435 434
436 435
437 436
438 437
439 438
440 439
441 440
442 441
443 442
444 443
445 444
446 445
447 446
448 447
449 448
450 449
451 450
452 451
453 452
454 453
455 454
456 455
457 456
458 457
459 458
459 244
460 435
461 460
462 461
462 435
463 175
464 463
465 463
466 463
467 465
468 464
469 175
470 465
471 463
472 470
473 175
474 471
475 473
476 467
477 476
478 469
479 467
480 479
481 477
482 481
483 481
484 469
485 484
486 175
487 477
488 473
489 485
490 463
491 469
492 486
493 468
494 490
495 477
496 474
497 468
498 497
499 480
500 488
501 485
502 476
503 476
504 480
505 477
506 505
507 477
508 504
509 485
510 506
511 505
512 482
513 508
514 475
515 483
516 508
517 477
518 513
519 175
520 465
521 498
522 468
523 471
524 125
525 524
526 525
527 524
528 526
529 525
530 527
531 524
532 528
533 530
534 529
535 530
536 527
537 125
538 534
539 529
540 526
541 540
542 525
543 531
544 525
545 539
546 526
547 532
548 527
549 531
550 545
551 541
552 525
553 530
554 125
555 554
556 532
557 528
558 544
559 539
560 540
561 550
562 125
563 559
564 541
565 547
566 551
567 552
568 541
569 533
570 565
571 561
572 531
573 561
574 539
575 556
576 541
577 539
578 540
579 548
580 550
581 576
582 528
583 577
584 582
585 560
586 537
587 575
588 561
589 543
590 551
591 530
592 559
593 590
594 537
595 533
596 542
597 549
598 555
599 598
600 539
601 565
602 580
603 555
604 570
605 530
606 561
607 561
608 591
609 590
610 542
611 544
612 561
613 609
614 593
615 572
616 601
617 599
618 590
619 559
620 553
621 87
622 621
623 87
624 87
625 621
626 621
627 622
628 624
629 87
630 628
631 629
632 622
633 623
634 626
635 625
636 629
637 628
638 636
639 633
640 624
641 640
642 625
643 629
644 636
645 87
646 624
647 640
648 625
649 622
650 645
651 648
652 632
653 625
654 637
655 624
656 626
657 648
658 633
659 656
660 632
661 648
662 656
663 648
664 652
665 644
666 645
667 636
668 647
669 632
670 635
671 633
672 650
673 633
674 633
675 664
676 675
677 661
678 650
679 672
680 642
681 654
682 628
683 642
684 681
685 657
686 637
687 627
688 687
689 677
690 664
691 661
692 678
693 688
694 630
695 653
696 690
697 659
698 694
699 641
700 648
701 654
702 685
703 626
704 643
705 675
706 666
707 675
708 650
709 666
710 679
711 678
712 707
713 647
714 654
715 526
716 715
717 484
718 717
719 718
720 719
721 720
722 721
723 722
724 723
725 724
726 725
727 726
728 727
729 728
730 729
731 730
732 731
733 732
734 733
735 734
736 735
737 736
738 737
739 738
740 739
741 740
742 741
743 742
744 743
745 744
746 745
747 746
748 747
749 748
750 749
751 750
752 751
753 752
754 753
755 754
756 755
757 756
758 757
759 758
760 759
761 760
762 761
763 762
764 763
765 764
766 765
767 766
768 767
769 768
770 769
771 770
772 771
773 772
774 773
775 774
776 775
777 776
778 777
779 778
780 779
781 780
782 781
783 782
784 783
784 484
785 528
786 785
787 786
788 787
789 788
790 789
791 790
792 791
793 792
794 793
795 794
796 795
797 796
798 797
799 798
800 799
801 800
802 801
803 802
804 803
805 804
806 805
807 806
808 807
809 808
810 809
811 810
812 811
813 812
814 813
815 814
816 815
817 816
818 817
819 818
820 819
821 820
822 821
823 822
824 823
824 528
825 85
826 825
827 826
828 827
829 828
830 829
831 830
832 831
833 832
834 833
835 834
836 835
837 836
838 837
839 838
840 839
841 840
842 841
843 842
844 843
845 844
846 845
847 846
848 847
849 848
850 849
851 850
852 851
853 852
854 853
855 854
856 855
857 856
858 857
859 858
860 859
861 860
862 861
863 862
864 863
864 85
865 648
866 648
867 648
868 648
869 648
870 865
871 648
872 871
873 865
874 868
875 648
876 875
877 869
878 867
879 869
880 648
881 866
882 865
883 865
884 874
885 865
886 865
887 870
888 872
889 877
890 648
891 884
892 886
893 885
894 288
895 288
896 894
897 288
898 895
899 895
900 897
901 897
902 288
903 895
904 903
905 903
906 898
907 902
908 907
909 728
910 909
911 910
912 910
913 912
914 912
915 911
916 912
917 916
918 913
919 917
920 914
921 914
922 919
923 916
924 923
925 728
926 917
927 915
928 923
929 918
930 917
931 929
932 913
933 923
934 921
935 926
936 922
937 915
938 935
939 929
940 936
941 917
942 923
943 921
944 932
945 909
946 940
947 942
948 924
949 917
950 933
951 914
952 946
953 912
954 921
955 923
956 923
957 949
958 929
959 728
960 940
961 929
962 921
963 948
964 928
965 926
966 916
967 963
968 921
969 953
970 949
971 937
972 439
973 439
974 972
975 439
976 973
977 972
978 977
979 973
980 979
981 972
982 975
983 974
984 12
985 984
986 985
987 986
988 985
989 984
990 987
991 985
992 991
993 989
994 986
995 992
996 986
997 12
998 992
999 987
1000 995
