10000 10001
2 1
3 1
4 1
5 1
6 3
7 6
8 6
9 7
10 6
11 8
12 11
13 6
14 5
15 7
16 12
17 11
18 4
19 3
20 18
21 5
22 14
23 7
24 19
25 8
26 11
27 22
28 23
29 9
30 12
31 13
32 7
33 3
34 8
35 20
36 17
37 18
38 29
39 27
40 26
41 18
42 24
43 8
44 36
45 32
46 5
47 8
48 23
49 42
50 6
51 8
52 2
53 21
54 31
55 38
56 18
57 46
58 48
59 20
60 41
61 11
62 51
63 1
64 22
65 38
66 42
67 28
68 48
69 21
70 18
71 51
72 31
73 52
74 24
75 29
76 54
77 62
78 56
79 4
80 62
81 80
82 17
83 30
84 10
85 29
86 51
87 76
88 44
89 28
90 34
91 43
92 63
93 68
94 18
95 11
96 54
97 95
98 93
99 80
100 37
101 56
102 41
103 1
104 12
105 102
106 35
107 61
108 107
109 54
110 106
111 110
112 102
113 77
114 66
115 109
116 83
117 99
118 19
119 59
120 16
121 97
122 43
123 115
124 38
125 28
126 38
127 43
128 101
129 16
130 116
131 67
132 2
133 42
134 122
135 114
136 116
137 126
138 56
139 101
140 106
141 54
142 46
143 2
144 135
145 33
146 94
147 29
148 94
149 133
150 71
151 71
152 98
153 13
154 146
155 132
156 96
157 4
158 86
159 43
160 125
161 56
162 126
163 43
164 51
165 104
166 40
167 112
168 99
169 14
170 67
171 6
172 68
173 38
174 101
175 96
176 97
177 125
178 77
179 135
180 9
181 106
182 171
183 19
184 150
185 129
186 146
187 173
188 11
189 15
190 184
191 131
192 34
193 151
194 8
195 104
196 115
197 97
198 59
199 119
200 139
201 101
202 1
203 156
204 109
205 64
206 15
207 117
208 186
209 208
210 138
211 54
212 137
213 11
214 102
215 134
216 191
217 204
218 43
219 57
220 197
221 213
222 89
223 187
224 10
225 110
226 26
227 121
228 87
229 141
230 200
231 194
232 153
233 60
234 55
235 200
236 115
237 206
238 24
239 40
240 127
241 58
242 39
243 125
244 219
245 182
246 6
247 134
248 172
249 22
250 56
251 130
252 171
253 111
254 178
255 240
256 44
257 124
258 125
259 135
260 135
261 236
262 1
263 152
264 99
265 49
266 98
267 53
268 240
269 187
270 18
271 211
272 252
273 92
274 23
275 252
276 139
277 189
278 8
279 114
280 73
281 239
282 209
283 120
284 112
285 79
286 246
287 190
288 234
289 225
290 135
291 168
292 84
293 254
294 45
295 199
296 241
297 206
298 259
299 263
300 147
301 35
302 162
303 154
304 175
305 100
306 91
307 297
308 124
309 35
310 230
311 98
312 301
313 152
314 16
315 116
316 62
317 239
318 141
319 56
320 245
321 125
322 247
323 86
324 238
325 256
326 43
327 141
328 75
329 19
330 66
331 274
332 214
333 119
334 187
335 162
336 23
337 100
338 111
339 101
340 73
341 13
342 331
343 194
344 83
345 303
346 9
347 285
348 92
349 158
350 51
351 20
352 193
353 49
354 77
355 310
356 293
357 185
358 302
359 323
360 144
361 198
362 74
363 214
364 76
365 198
366 311
367 276
368 322
369 299
370 66
371 212
372 217
373 273
374 280
375 142
376 292
377 62
378 248
379 65
380 179
381 285
382 363
383 248
384 30
385 92
386 110
387 159
388 27
389 25
390 82
391 225
392 321
393 129
394 296
395 46
396 146
397 172
398 132
399 118
400 168
401 90
402 112
403 63
404 92
405 321
406 277
407 318
408 152
409 277
410 23
411 308
412 219
413 179
414 184
415 6
416 64
417 94
418 382
419 385
420 334
421 389
422 308
423 79
424 277
425 250
426 271
427 289
428 173
429 5
430 374
431 316
432 241
433 112
434 265
435 220
436 254
437 16
438 166
439 160
440 394
441 58
442 316
443 65
444 135
445 20
446 203
447 360
448 111
449 279
450 273
451 251
452 95
453 168
454 27
455 241
456 138
457 308
458 209
459 113
460 16
461 134
462 89
463 159
464 115
465 285
466 192
467 262
468 432
469 419
470 78
471 217
472 365
473 391
474 118
475 311
476 115
477 280
478 316
479 4
480 285
481 264
482 12
483 127
484 374
485 134
486 466
487 219
488 186
489 292
490 369
491 67
492 363
493 141
494 162
495 214
496 453
497 177
498 371
499 350
500 429
501 156
502 116
503 445
504 70
505 195
506 491
507 22
508 445
509 447
510 119
511 353
512 362
513 176
514 111
515 35
516 239
517 135
518 54
519 451
520 473
521 324
522 207
523 59
524 346
525 413
526 83
527 355
528 91
529 204
530 82
531 379
532 398
533 433
534 108
535 76
536 204
537 142
538 362
539 364
540 526
541 514
542 219
543 521
544 66
545 79
546 3
547 156
548 422
549 47
550 400
551 542
552 451
553 315
554 238
555 367
556 405
557 163
558 298
559 446
560 219
561 511
562 189
563 290
564 158
565 225
566 230
567 283
568 290
569 521
570 80
571 216
572 191
573 296
574 518
575 371
576 510
577 549
578 215
579 129
580 390
581 279
582 20
583 55
584 334
585 41
586 483
587 147
588 354
589 268
590 195
591 10
592 481
593 137
594 169
595 594
596 478
597 321
598 36
599 209
600 551
601 594
602 223
603 168
604 215
605 333
606 266
607 39
608 1
609 19
610 516
611 156
612 419
613 86
614 186
615 346
616 338
617 326
618 494
619 475
620 286
621 385
622 165
623 240
624 363
625 474
626 594
627 255
628 531
629 387
630 238
631 356
632 549
633 499
634 487
635 267
636 597
637 441
638 70
639 275
640 229
641 631
642 472
643 211
644 17
645 440
646 481
647 467
648 590
649 563
650 94
651 227
652 619
653 645
654 649
655 132
656 275
657 483
658 450
659 332
660 650
661 389
662 361
663 629
664 228
665 572
666 298
667 318
668 609
669 581
670 599
671 261
672 413
673 659
674 131
675 97
676 193
677 554
678 573
679 313
680 161
681 183
682 122
683 234
684 100
685 125
686 661
687 198
688 74
689 98
690 289
691 314
692 589
693 386
694 448
695 212
696 258
697 619
698 382
699 466
700 594
701 144
702 586
703 125
704 584
705 487
706 377
707 139
708 142
709 607
710 13
711 176
712 203
713 610
714 187
715 348
716 106
717 331
718 294
719 21
720 268
721 281
722 96
723 111
724 38
725 31
726 653
727 265
728 623
729 450
730 284
731 230
732 605
733 450
734 578
735 437
736 617
737 593
738 418
739 230
740 23
741 375
742 86
743 621
744 638
745 52
746 247
747 537
748 269
749 429
750 352
751 100
752 609
753 583
754 399
755 125
756 323
757 62
758 349
759 95
760 754
761 128
762 592
763 757
764 387
765 748
766 757
767 196
768 394
769 179
770 206
771 451
772 430
773 534
774 8
775 211
776 641
777 310
778 459
779 56
780 667
781 586
782 430
783 773
784 325
785 701
786 501
787 427
788 326
789 705
790 175
791 289
792 738
793 445
794 207
795 506
796 124
797 432
798 757
799 20
800 127
801 428
802 101
803 659
804 319
805 4
806 551
807 332
808 49
809 631
810 652
811 668
812 443
813 682
814 412
815 126
816 72
817 442
818 755
819 589
820 140
821 463
822 132
823 629
824 511
825 82
826 152
827 249
828 364
829 132
830 419
831 136
832 157
833 669
834 22
835 415
836 428
837 830
838 513
839 196
840 313
841 191
842 41
843 677
844 147
845 2
846 735
847 486
848 418
849 510
850 636
851 181
852 368
853 41
854 285
855 701
856 668
857 398
858 813
859 666
860 463
861 739
862 44
863 400
864 492
865 196
866 108
867 805
868 42
869 555
870 800
871 162
872 631
873 94
874 126
875 388
876 562
877 1
878 235
879 402
880 290
881 537
882 253
883 111
884 521
885 741
886 668
887 751
888 864
889 697
890 231
891 96
892 559
893 82
894 626
895 616
896 437
897 99
898 734
899 620
900 448
901 67
902 691
903 214
904 731
905 13
906 806
907 646
908 411
909 703
910 399
911 246
912 885
913 283
914 328
915 99
916 365
917 317
918 520
919 625
920 315
921 739
922 209
923 866
924 299
925 443
926 178
927 314
928 502
929 537
930 253
931 188
932 304
933 363
934 482
935 120
936 24
937 251
938 309
939 937
940 150
941 832
942 68
943 759
944 312
945 693
946 908
947 471
948 862
949 748
950 136
951 5
952 752
953 164
954 20
955 586
956 213
957 724
958 235
959 352
960 507
961 902
962 850
963 853
964 48
965 89
966 137
967 76
968 44
969 256
970 1
971 435
972 65
973 33
974 221
975 37
976 30
977 470
978 787
979 188
980 746
981 383
982 105
983 688
984 443
985 229
986 6
987 606
988 526
989 553
990 580
991 70
992 581
993 11
994 535
995 184
996 760
997 323
998 712
999 172
1000 74
1001 68
1002 962
1003 210
1004 340
1005 792
1006 212
1007 956
1008 172
1009 958
1010 472
1011 382
1012 991
1013 860
1014 82
1015 586
1016 635
1017 989
1018 344
1019 401
1020 178
1021 1012
1022 29
1023 249
1024 330
1025 647
1026 518
1027 842
1028 102
1029 521
1030 650
1031 190
1032 915
1033 272
1034 786
1035 207
1036 809
1037 811
1038 137
1039 939
1040 93
1041 702
1042 68
1043 842
1044 81
1045 257
1046 589
1047 163
1048 530
1049 37
1050 222
1051 272
1052 346
1053 731
1054 554
1055 633
1056 126
1057 890
1058 688
1059 345
1060 155
1061 689
1062 665
1063 431
1064 69
1065 715
1066 267
1067 127
1068 537
1069 670
1070 496
1071 179
1072 225
1073 804
1074 273
1075 441
1076 512
1077 1001
1078 942
1079 1038
1080 497
1081 99
1082 15
1083 687
1084 798
1085 329
1086 482
1087 513
1088 1024
1089 612
1090 498
1091 1011
1092 108
1093 985
1094 324
1095 1058
1096 589
1097 229
1098 316
1099 566
1100 42
1101 367
1102 370
1103 1084
1104 147
1105 706
1106 551
1107 1043
1108 708
1109 1048
1110 338
1111 664
1112 1072
1113 1112
1114 1113
1115 1114
1116 1115
1117 1116
1118 1117
1119 1118
1120 1119
1121 1120
1122 1121
1123 1122
1124 1123
1125 1124
1126 1125
1127 1126
1128 1127
1129 1128
1130 1129
1131 1130
1132 1131
1133 1132
1134 1133
1135 1134
1136 1135
1137 1136
1138 1137
1139 1138
1140 1139
1141 1140
1142 1141
1143 1142
1144 1143
1145 1144
1146 1145
1147 1146
1148 1147
1149 1148
1150 1149
1151 1150
1152 1151
1153 1152
1154 1153
1155 1154
1156 1155
1157 1156
1158 1157
1159 1158
1160 1159
1161 1160
1162 1161
1163 1162
1164 1163
1165 1164
1166 1165
1167 1166
1168 1167
1169 1168
1170 1169
1171 1170
1172 1171
1173 1172
1174 1173
1175 1174
1176 1175
1177 1176
1178 1177
1179 1178
1180 1179
1181 1180
1182 1181
1183 1182
1184 1183
1185 1184
1186 1185
1187 1186
1188 1187
1189 1188
1190 1189
1191 1190
1192 1191
1193 1192
1194 1193
1195 1194
1196 1195
1197 1196
1198 1197
1199 1198
1200 1199
1201 1200
1202 1201
1203 1202
1204 1203
1205 1204
1206 1205
1207 1206
1208 1207
1209 1208
1210 1209
1211 1210
1212 1211
1213 1212
1214 1213
1215 1214
1216 1215
1217 1216
1218 1217
1219 1218
1220 1219
1221 1220
1222 1221
1223 1222
1224 1223
1225 1224
1226 1225
1227 1226
1228 1227
1229 1228
1230 1229
1231 1230
1232 1231
1233 1232
1234 1233
1235 1234
1236 1235
1237 1236
1238 1237
1239 1238
1240 1239
1241 1240
1242 1241
1243 1242
1244 1243
1245 1244
1246 1245
1247 1246
1248 1247
1249 1248
1250 1249
1251 1250
1252 1251
1253 1252
1254 1253
1255 1254
1256 1255
1257 1256
1258 1257
1259 1258
1260 1259
1261 1260
1262 1261
1263 1262
1264 1263
1265 1264
1266 1265
1267 1266
1268 1267
1269 1268
1270 1269
1271 1270
1272 1271
1273 1272
1274 1273
1275 1274
1276 1275
1277 1276
1278 1277
1279 1278
1280 1279
1281 1280
1282 1281
1283 1282
1284 1283
1285 1284
1286 1285
1287 1286
1288 1287
1289 1288
1290 1289
1291 1290
1292 1291
1293 1292
1294 1293
1295 1294
1296 1295
1297 1296
1298 1297
1299 1298
1300 1299
1301 1300
1302 1301
1303 1302
1304 1303
1305 1304
1306 1305
1307 1306
1308 1307
1309 1308
1310 1309
1311 1310
1312 1311
1313 1312
1314 1313
1315 1314
1316 1315
1317 1316
1318 1317
1319 1318
1320 1319
1321 1320
1322 1321
1323 1322
1324 1323
1325 1324
1326 1325
1327 1326
1328 1327
1329 1328
1330 1329
1331 1330
1332 1331
1333 1332
1334 1333
1335 1334
1336 1335
1337 1336
1338 1337
1339 1338
1340 1339
1341 1340
1342 1341
1343 1342
1344 1343
1345 1344
1346 1345
1347 1346
1348 1347
1349 1348
1350 1349
1351 1350
1352 1351
1353 1352
1354 1353
1355 1354
1356 1355
1357 1356
1358 1357
1359 1358
1360 1359
1361 1360
1362 1361
1363 1362
1364 1363
1365 1364
1366 1365
1367 1366
1368 1367
1369 1368
1370 1369
1371 1370
1372 1371
1373 1372
1374 1373
1375 1374
1376 1375
1377 1376
1378 1377
1379 1378
1380 1379
1381 1380
1382 1381
1383 1382
1384 1383
1385 1384
1386 1385
1387 1386
1388 1387
1389 1388
1390 1389
1391 1390
1392 1391
1393 1392
1394 1393
1395 1394
1396 1395
1397 1396
1398 1397
1399 1398
1400 1399
1401 1400
1402 1401
1403 1402
1404 1403
1405 1404
1406 1405
1407 1406
1408 1407
1409 1408
1410 1409
1411 1410
1412 1411
1413 1412
1414 1413
1415 1414
1416 1415
1417 1416
1418 1417
1419 1418
1420 1419
1421 1420
1422 1421
1423 1422
1424 1423
1425 1424
1426 1425
1427 1426
1428 1427
1429 1428
1430 1429
1431 1430
1432 1431
1433 1432
1434 1433
1435 1434
1436 1435
1437 1436
1438 1437
1439 1438
1440 1439
1441 1440
1442 1441
1443 1442
1444 1443
1445 1444
1446 1445
1447 1446
1448 1447
1449 1448
1450 1449
1451 1450
1452 1451
1453 1452
1454 1453
1455 1454
1456 1455
1457 1456
1458 1457
1459 1458
1460 1459
1461 1460
1462 1461
1463 1462
1464 1463
1465 1464
1466 1465
1467 1466
1468 1467
1469 1468
1470 1469
1471 1470
1472 1471
1473 1472
1474 1473
1475 1474
1476 1475
1477 1476
1478 1477
1479 1478
1480 1479
1481 1480
1482 1481
1483 1482
1484 1483
1485 1484
1486 1485
1487 1486
1488 1487
1489 1488
1490 1489
1491 1490
1492 1491
1493 1492
1494 1493
1495 1494
1496 1495
1497 1496
1498 1497
1499 1498
1500 1499
1501 1500
1502 1501
1503 1502
1504 1503
1505 1504
1506 1505
1507 1506
1508 1507
1509 1508
1510 1509
1511 1510
1512 1511
1513 1512
1514 1513
1515 1514
1516 1515
1517 1516
1518 1517
1519 1518
1520 1519
1521 1520
1522 1521
1523 1522
1524 1523
1525 1524
1526 1525
1527 1526
1528 1527
1529 1528
1530 1529
1531 1530
1532 1531
1533 1532
1534 1533
1535 1534
1536 1535
1537 1536
1538 1537
1539 1538
1540 1539
1541 1540
1542 1541
1543 1542
1544 1543
1545 1544
1546 1545
1547 1546
1548 1547
1549 1548
1550 1549
1551 1550
1552 1551
1553 1552
1554 1553
1555 1554
1556 1555
1557 1556
1558 1557
1559 1558
1560 1559
1561 1560
1562 1561
1563 1562
1564 1563
1565 1564
1566 1565
1567 1566
1568 1567
1569 1568
1570 1569
1571 1570
1572 1571
1573 1572
1574 1573
1575 1574
1576 1575
1577 1576
1578 1577
1579 1578
1580 1579
1581 1580
1582 1581
1583 1582
1584 1583
1585 1584
1586 1585
1587 1586
1588 1587
1589 1588
1590 1589
1591 1590
1592 1591
1593 1592
1594 1593
1595 1594
1596 1595
1597 1596
1598 1597
1599 1598
1600 1599
1601 1600
1602 1601
1603 1602
1604 1603
1605 1604
1606 1605
1607 1606
1608 1607
1609 1608
1610 1609
1611 1610
1612 1611
1613 1612
1614 1613
1615 1614
1616 1615
1617 1616
1618 1617
1619 1618
1620 1619
1621 1620
1622 1621
1623 1622
1624 1623
1625 1624
1626 1625
1627 1626
1628 1627
1629 1628
1630 1629
1631 1630
1632 1631
1633 1632
1634 1633
1635 1634
1636 1635
1637 1636
1638 1637
1639 1638
1640 1639
1641 1640
1642 1641
1643 1642
1644 1643
1645 1644
1646 1645
1647 1646
1648 1647
1649 1648
1650 1649
1651 1650
1652 1651
1653 1652
1654 1653
1655 1654
1656 1655
1657 1656
1658 1657
1659 1658
1660 1659
1661 1660
1662 1661
1663 1662
1664 1663
1665 1664
1666 1665
1667 1666
1668 1667
1669 1668
1670 1669
1671 1670
1672 1671
1673 1672
1674 1673
1675 1674
1676 1675
1677 1676
1678 1677
1679 1678
1680 1679
1681 1680
1682 1681
1683 1682
1684 1683
1685 1684
1686 1685
1687 1686
1688 1687
1689 1688
1690 1689
1691 1690
1692 1691
1693 1692
1694 1693
1695 1694
1696 1695
1697 1696
1698 1697
1699 1698
1700 1699
1701 1700
1702 1701
1703 1702
1704 1703
1705 1704
1706 1705
1707 1706
1708 1707
1709 1708
1710 1709
1711 1710
1712 1711
1713 1712
1714 1713
1715 1714
1716 1715
1717 1716
1718 1717
1719 1718
1720 1719
1721 1720
1722 1721
1723 1722
1724 1723
1725 1724
1726 1725
1727 1726
1728 1727
1729 1728
1730 1729
1731 1730
1732 1731
1733 1732
1734 1733
1735 1734
1736 1735
1737 1736
1738 1737
1739 1738
1740 1739
1741 1740
1742 1741
1743 1742
1744 1743
1745 1744
1746 1745
1747 1746
1748 1747
1749 1748
1750 1749
1751 1750
1752 1751
1753 1752
1754 1753
1755 1754
1756 1755
1757 1756
1758 1757
1759 1758
1760 1759
1761 1760
1762 1761
1763 1762
1764 1763
1765 1764
1766 1765
1767 1766
1768 1767
1769 1768
1770 1769
1771 1770
1772 1771
1773 1772
1774 1773
1775 1774
1776 1775
1777 1776
1778 1777
1779 1778
1780 1779
1781 1780
1782 1781
1783 1782
1784 1783
1785 1784
1786 1785
1787 1786
1788 1787
1789 1788
1790 1789
1791 1790
1792 1791
1793 1792
1794 1793
1795 1794
1796 1795
1797 1796
1798 1797
1799 1798
1800 1799
1801 1800
1802 1801
1803 1802
1804 1803
1805 1804
1806 1805
1807 1806
1808 1807
1809 1808
1810 1809
1811 1810
1812 1811
1813 1812
1814 1813
1815 1814
1816 1815
1817 1816
1818 1817
1819 1818
1820 1819
1821 1820
1822 1821
1823 1822
1824 1823
1825 1824
1826 1825
1827 1826
1828 1827
1829 1828
1830 1829
1831 1830
1832 1831
1833 1832
1834 1833
1835 1834
1836 1835
1837 1836
1838 1837
1839 1838
1840 1839
1841 1840
1842 1841
1843 1842
1844 1843
1845 1844
1846 1845
1847 1846
1848 1847
1849 1848
1850 1849
1851 1850
1852 1851
1853 1852
1854 1853
1855 1854
1856 1855
1857 1856
1858 1857
1859 1858
1860 1859
1861 1860
1862 1861
1863 1862
1864 1863
1865 1864
1866 1865
1867 1866
1868 1867
1869 1868
1870 1869
1871 1870
1872 1871
1873 1872
1874 1873
1875 1874
1876 1875
1877 1876
1878 1877
1879 1878
1880 1879
1881 1880
1882 1881
1883 1882
1884 1883
1885 1884
1886 1885
1887 1886
1888 1887
1889 1888
1890 1889
1891 1890
1892 1891
1893 1892
1894 1893
1895 1894
1896 1895
1897 1896
1898 1897
1899 1898
1900 1899
1901 1900
1902 1901
1903 1902
1904 1903
1905 1904
1906 1905
1907 1906
1908 1907
1909 1908
1910 1909
1911 1910
1912 1911
1913 1912
1914 1913
1915 1914
1916 1915
1917 1916
1918 1917
1919 1918
1920 1919
1921 1920
1922 1921
1923 1922
1924 1923
1925 1924
1926 1925
1927 1926
1928 1927
1929 1928
1930 1929
1931 1930
1932 1931
1933 1932
1934 1933
1935 1934
1936 1935
1937 1936
1938 1937
1939 1938
1940 1939
1941 1940
1942 1941
1943 1942
1944 1943
1945 1944
1946 1945
1947 1946
1948 1947
1949 1948
1950 1949
1951 1950
1952 1951
1953 1952
1954 1953
1955 1954
1956 1955
1957 1956
1958 1957
1959 1958
1960 1959
1961 1960
1962 1961
1963 1962
1964 1963
1965 1964
1966 1965
1967 1966
1968 1967
1969 1968
1970 1969
1971 1970
1972 1971
1973 1972
1974 1973
1975 1974
1976 1975
1977 1976
1978 1977
1979 1978
1980 1979
1981 1980
1982 1981
1983 1982
1984 1983
1985 1984
1986 1985
1987 1986
1988 1987
1989 1988
1990 1989
1991 1990
1992 1991
1993 1992
1994 1993
1995 1994
1996 1995
1997 1996
1998 1997
1999 1998
2000 1999
2001 2000
2002 2001
2003 2002
2004 2003
2005 2004
2006 2005
2007 2006
2008 2007
2009 2008
2010 2009
2011 2010
2012 2011
2013 2012
2014 2013
2015 2014
2016 2015
2017 2016
2018 2017
2019 2018
2020 2019
2021 2020
2022 2021
2023 2022
2024 2023
2025 2024
2026 2025
2027 2026
2028 2027
2029 2028
2030 2029
2031 2030
2032 2031
2033 2032
2034 2033
2035 2034
2036 2035
2037 2036
2038 2037
2039 2038
2040 2039
2041 2040
2042 2041
2043 2042
2044 2043
2045 2044
2046 2045
2047 2046
2048 2047
2049 2048
2050 2049
2051 2050
2052 2051
2053 2052
2054 2053
2055 2054
2056 2055
2057 2056
2058 2057
2059 2058
2060 2059
2061 2060
2062 2061
2063 2062
2064 2063
2065 2064
2066 2065
2067 2066
2068 2067
2069 2068
2070 2069
2071 2070
2072 2071
2073 2072
2074 2073
2075 2074
2076 2075
2077 2076
2078 2077
2079 2078
2080 2079
2081 2080
2082 2081
2083 2082
2084 2083
2085 2084
2086 2085
2087 2086
2088 2087
2089 2088
2090 2089
2091 2090
2092 2091
2093 2092
2094 2093
2095 2094
2096 2095
2097 2096
2098 2097
2099 2098
2100 2099
2101 2100
2102 2101
2103 2102
2104 2103
2105 2104
2106 2105
2107 2106
2108 2107
2109 2108
2110 2109
2111 2110
2112 2111
2113 2112
2114 2113
2115 2114
2116 2115
2117 2116
2118 2117
2119 2118
2120 2119
2121 2120
2122 2121
2123 2122
2124 2123
2125 2124
2126 2125
2127 2126
2128 2127
2129 2128
2130 2129
2131 2130
2132 2131
2133 2132
2134 2133
2135 2134
2136 2135
2137 2136
2138 2137
2139 2138
2140 2139
2141 2140
2142 2141
2143 2142
2144 2143
2145 2144
2146 2145
2147 2146
2148 2147
2149 2148
2150 2149
2151 2150
2152 2151
2153 2152
2154 2153
2155 2154
2156 2155
2157 2156
2158 2157
2159 2158
2160 2159
2161 2160
2162 2161
2163 2162
2164 2163
2165 2164
2166 2165
2167 2166
2168 2167
2169 2168
2170 2169
2171 2170
2172 2171
2173 2172
2174 2173
2175 2174
2176 2175
2177 2176
2178 2177
2179 2178
2180 2179
2181 2180
2182 2181
2183 2182
2184 2183
2185 2184
2186 2185
2187 2186
2188 2187
2189 2188
2190 2189
2191 2190
2192 2191
2193 2192
2194 2193
2195 2194
2196 2195
2197 2196
2198 2197
2199 2198
2200 2199
2201 2200
2202 2201
2203 2202
2204 2203
2205 2204
2206 2205
2207 2206
2208 2207
2209 2208
2210 2209
2211 2210
2212 2211
2213 2212
2214 2213
2215 2214
2216 2215
2217 2216
2218 2217
2219 2218
2220 2219
2221 2220
2222 2221
2223 2222
2224 2223
2225 2224
2226 2225
2227 2226
2228 2227
2229 2228
2230 2229
2231 2230
2232 2231
2233 2232
2234 2233
2235 2234
2236 2235
2237 2236
2238 2237
2239 2238
2240 2239
2241 2240
2242 2241
2243 2242
2244 2243
2245 2244
2246 2245
2247 2246
2248 2247
2249 2248
2250 2249
2251 2250
2252 2251
2253 2252
2254 2253
2255 2254
2256 2255
2257 2256
2258 2257
2259 2258
2260 2259
2261 2260
2262 2261
2263 2262
2264 2263
2265 2264
2266 2265
2267 2266
2268 2267
2269 2268
2270 2269
2271 2270
2272 2271
2273 2272
2274 2273
2275 2274
2276 2275
2277 2276
2278 2277
2279 2278
2280 2279
2281 2280
2282 2281
2283 2282
2284 2283
2285 2284
2286 2285
2287 2286
2288 2287
2289 2288
2290 2289
2291 2290
2292 2291
2293 2292
2294 2293
2295 2294
2296 2295
2297 2296
2298 2297
2299 2298
2300 2299
2301 2300
2302 2301
2303 2302
2304 2303
2305 2304
2306 2305
2307 2306
2308 2307
2309 2308
2310 2309
2311 2310
2312 2311
2313 2312
2314 2313
2315 2314
2316 2315
2317 2316
2318 2317
2319 2318
2320 2319
2321 2320
2322 2321
2323 2322
2324 2323
2325 2324
2326 2325
2327 2326
2328 2327
2329 2328
2330 2329
2331 2330
2332 2331
2333 2332
2334 2333
2335 2334
2336 2335
2337 2336
2338 2337
2339 2338
2340 2339
2341 2340
2342 2341
2343 2342
2344 2343
2345 2344
2346 2345
2347 2346
2348 2347
2349 2348
2350 2349
2351 2350
2352 2351
2353 2352
2354 2353
2355 2354
2356 2355
2357 2356
2358 2357
2359 2358
2360 2359
2361 2360
2362 2361
2363 2362
2364 2363
2365 2364
2366 2365
2367 2366
2368 2367
2369 2368
2370 2369
2371 2370
2372 2371
2373 2372
2374 2373
2375 2374
2376 2375
2377 2376
2378 2377
2379 2378
2380 2379
2381 2380
2382 2381
2383 2382
2384 2383
2385 2384
2386 2385
2387 2386
2388 2387
2389 2388
2390 2389
2391 2390
2392 2391
2393 2392
2394 2393
2395 2394
2396 2395
2397 2396
2398 2397
2399 2398
2400 2399
2401 2400
2402 2401
2403 2402
2404 2403
2405 2404
2406 2405
2407 2406
2408 2407
2409 2408
2410 2409
2411 2410
2412 2411
2413 2412
2414 2413
2415 2414
2416 2415
2417 2416
2418 2417
2419 2418
2420 2419
2421 2420
2422 2421
2423 2422
2424 2423
2425 2424
2426 2425
2427 2426
2428 2427
2429 2428
2430 2429
2431 2430
2432 2431
2433 2432
2434 2433
2435 2434
2436 2435
2437 2436
2438 2437
2439 2438
2440 2439
2441 2440
2442 2441
2443 2442
2444 2443
2445 2444
2446 2445
2447 2446
2448 2447
2449 2448
2450 2449
2451 2450
2452 2451
2453 2452
2454 2453
2455 2454
2456 2455
2457 2456
2458 2457
2459 2458
2460 2459
2461 2460
2462 2461
2463 2462
2464 2463
2465 2464
2466 2465
2467 2466
2468 2467
2469 2468
2470 2469
2471 2470
2472 2471
2473 2472
2474 2473
2475 2474
2476 2475
2477 2476
2478 2477
2479 2478
2480 2479
2481 2480
2482 2481
2483 2482
2484 2483
2485 2484
2486 2485
2487 2486
2488 2487
2489 2488
2490 2489
2491 2490
2492 2491
2493 2492
2494 2493
2495 2494
2496 2495
2497 2496
2498 2497
2499 2498
2500 2499
2501 2500
2502 2501
2503 2502
2504 2503
2505 2504
2506 2505
2507 2506
2508 2507
2509 2508
2510 2509
2511 2510
2512 2511
2513 2512
2514 2513
2515 2514
2516 2515
2517 2516
2518 2517
2519 2518
2520 2519
2521 2520
2522 2521
2523 2522
2524 2523
2525 2524
2526 2525
2527 2526
2528 2527
2529 2528
2530 2529
2531 2530
2532 2531
2533 2532
2534 2533
2535 2534
2536 2535
2537 2536
2538 2537
2539 2538
2540 2539
2541 2540
2542 2541
2543 2542
2544 2543
2545 2544
2546 2545
2547 2546
2548 2547
2549 2548
2550 2549
2551 2550
2552 2551
2553 2552
2554 2553
2555 2554
2556 2555
2557 2556
2558 2557
2559 2558
2560 2559
2561 2560
2562 2561
2563 2562
2564 2563
2565 2564
2566 2565
2567 2566
2568 2567
2569 2568
2570 2569
2571 2570
2572 2571
2573 2572
2574 2573
2575 2574
2576 2575
2577 2576
2578 2577
2579 2578
2580 2579
2581 2580
2582 2581
2583 2582
2584 2583
2585 2584
2586 2585
2587 2586
2588 2587
2589 2588
2590 2589
2591 2590
2592 2591
2593 2592
2594 2593
2595 2594
2596 2595
2597 2596
2598 2597
2599 2598
2600 2599
2601 2600
2602 2601
2603 2602
2604 2603
2605 2604
2606 2605
2607 2606
2608 2607
2609 2608
2610 2609
2611 2610
2612 2611
2613 2612
2614 2613
2615 2614
2616 2615
2617 2616
2618 2617
2619 2618
2620 2619
2621 2620
2622 2621
2623 2622
2624 2623
2625 2624
2626 2625
2627 2626
2628 2627
2629 2628
2630 2629
2631 2630
2632 2631
2633 2632
2634 2633
2635 2634
2636 2635
2637 2636
2638 2637
2639 2638
2640 2639
2641 2640
2642 2641
2643 2642
2644 2643
2645 2644
2646 2645
2647 2646
2648 2647
2649 2648
2650 2649
2651 2650
2652 2651
2653 2652
2654 2653
2655 2654
2656 2655
2657 2656
2658 2657
2659 2658
2660 2659
2661 2660
2662 2661
2663 2662
2664 2663
2665 2664
2666 2665
2667 2666
2668 2667
2669 2668
2670 2669
2671 2670
2672 2671
2673 2672
2674 2673
2675 2674
2676 2675
2677 2676
2678 2677
2679 2678
2680 2679
2681 2680
2682 2681
2683 2682
2684 2683
2685 2684
2686 2685
2687 2686
2688 2687
2689 2688
2690 2689
2691 2690
2692 2691
2693 2692
2694 2693
2695 2694
2696 2695
2697 2696
2698 2697
2699 2698
2700 2699
2701 2700
2702 2701
2703 2702
2704 2703
2705 2704
2706 2705
2707 2706
2708 2707
2709 2708
2710 2709
2711 2710
2712 2711
2713 2712
2714 2713
2715 2714
2716 2715
2717 2716
2718 2717
2719 2718
2720 2719
2721 2720
2722 2721
2723 2722
2724 2723
2725 2724
2726 2725
2727 2726
2728 2727
2729 2728
2730 2729
2731 2730
2732 2731
2733 2732
2734 2733
2735 2734
2736 2735
2737 2736
2738 2737
2739 2738
2740 2739
2741 2740
2742 2741
2743 2742
2744 2743
2745 2744
2746 2745
2747 2746
2748 2747
2749 2748
2750 2749
2751 2750
2752 2751
2753 2752
2754 2753
2755 2754
2756 2755
2757 2756
2758 2757
2759 2758
2760 2759
2761 2760
2762 2761
2763 2762
2764 2763
2765 2764
2766 2765
2767 2766
2768 2767
2769 2768
2770 2769
2771 2770
2772 2771
2773 2772
2774 2773
2775 2774
2776 2775
2777 2776
2778 2777
2779 2778
2780 2779
2781 2780
2782 2781
2783 2782
2784 2783
2785 2784
2786 2785
2787 2786
2788 2787
2789 2788
2790 2789
2791 2790
2792 2791
2793 2792
2794 2793
2795 2794
2796 2795
2797 2796
2798 2797
2799 2798
2800 2799
2801 2800
2802 2801
2803 2802
2804 2803
2805 2804
2806 2805
2807 2806
2808 2807
2809 2808
2810 2809
2811 2810
2812 2811
2813 2812
2814 2813
2815 2814
2816 2815
2817 2816
2818 2817
2819 2818
2820 2819
2821 2820
2822 2821
2823 2822
2824 2823
2825 2824
2826 2825
2827 2826
2828 2827
2829 2828
2830 2829
2831 2830
2832 2831
2833 2832
2834 2833
2835 2834
2836 2835
2837 2836
2838 2837
2839 2838
2840 2839
2841 2840
2842 2841
2843 2842
2844 2843
2845 2844
2846 2845
2847 2846
2848 2847
2849 2848
2850 2849
2851 2850
2852 2851
2853 2852
2854 2853
2855 2854
2856 2855
2857 2856
2858 2857
2859 2858
2860 2859
2861 2860
2862 2861
2863 2862
2864 2863
2865 2864
2866 2865
2867 2866
2868 2867
2869 2868
2870 2869
2871 2870
2872 2871
2873 2872
2874 2873
2875 2874
2876 2875
2877 2876
2878 2877
2879 2878
2880 2879
2881 2880
2882 2881
2883 2882
2884 2883
2885 2884
2886 2885
2887 2886
2888 2887
2889 2888
2890 2889
2891 2890
2892 2891
2893 2892
2894 2893
2895 2894
2896 2895
2897 2896
2898 2897
2899 2898
2900 2899
2901 2900
2902 2901
2903 2902
2904 2903
2905 2904
2906 2905
2907 2906
2908 2907
2909 2908
2910 2909
2911 2910
2912 2911
2913 2912
2914 2913
2915 2914
2916 2915
2917 2916
2918 2917
2919 2918
2920 2919
2921 2920
2922 2921
2923 2922
2924 2923
2925 2924
2926 2925
2927 2926
2928 2927
2929 2928
2930 2929
2931 2930
2932 2931
2933 2932
2934 2933
2935 2934
2936 2935
2937 2936
2938 2937
2939 2938
2940 2939
2941 2940
2942 2941
2943 2942
2944 2943
2945 2944
2946 2945
2947 2946
2948 2947
2949 2948
2950 2949
2951 2950
2952 2951
2953 2952
2954 2953
2955 2954
2956 2955
2957 2956
2958 2957
2959 2958
2960 2959
2961 2960
2962 2961
2963 2962
2964 2963
2965 2964
2966 2965
2967 2966
2968 2967
2969 2968
2970 2969
2971 2970
2972 2971
2973 2972
2974 2973
2975 2974
2976 2975
2977 2976
2978 2977
2979 2978
2980 2979
2981 2980
2982 2981
2983 2982
2984 2983
2985 2984
2986 2985
2987 2986
2988 2987
2989 2988
2990 2989
2991 2990
2992 2991
2993 2992
2994 2993
2995 2994
2996 2995
2997 2996
2998 2997
2999 2998
3000 2999
3001 3000
3002 3001
3003 3002
3004 3003
3005 3004
3006 3005
3007 3006
3008 3007
3009 3008
3010 3009
3011 3010
3012 3011
3013 3012
3014 3013
3015 3014
3016 3015
3017 3016
3018 3017
3019 3018
3020 3019
3021 3020
3022 3021
3023 3022
3024 3023
3025 3024
3026 3025
3027 3026
3028 3027
3029 3028
3030 3029
3031 3030
3032 3031
3033 3032
3034 3033
3035 3034
3036 3035
3037 3036
3038 3037
3039 3038
3040 3039
3041 3040
3042 3041
3043 3042
3044 3043
3045 3044
3046 3045
3047 3046
3048 3047
3049 3048
3050 3049
3051 3050
3052 3051
3053 3052
3054 3053
3055 3054
3056 3055
3057 3056
3058 3057
3059 3058
3060 3059
3061 3060
3062 3061
3063 3062
3064 3063
3065 3064
3066 3065
3067 3066
3068 3067
3069 3068
3070 3069
3071 3070
3072 3071
3073 3072
3074 3073
3075 3074
3076 3075
3077 3076
3078 3077
3079 3078
3080 3079
3081 3080
3082 3081
3083 3082
3084 3083
3085 3084
3086 3085
3087 3086
3088 3087
3089 3088
3090 3089
3091 3090
3092 3091
3093 3092
3094 3093
3095 3094
3096 3095
3097 3096
3098 3097
3099 3098
3100 3099
3101 3100
3102 3101
3103 3102
3104 3103
3105 3104
3106 3105
3107 3106
3108 3107
3109 3108
3110 3109
3111 3110
3112 3111
3113 3112
3114 3113
3115 3114
3116 3115
3117 3116
3118 3117
3119 3118
3120 3119
3121 3120
3122 3121
3123 3122
3124 3123
3125 3124
3126 3125
3127 3126
3128 3127
3129 3128
3130 3129
3131 3130
3132 3131
3133 3132
3134 3133
3135 3134
3136 3135
3137 3136
3138 3137
3139 3138
3140 3139
3141 3140
3142 3141
3143 3142
3144 3143
3145 3144
3146 3145
3147 3146
3148 3147
3149 3148
3150 3149
3151 3150
3152 3151
3153 3152
3154 3153
3155 3154
3156 3155
3157 3156
3158 3157
3159 3158
3160 3159
3161 3160
3162 3161
3163 3162
3164 3163
3165 3164
3166 3165
3167 3166
3168 3167
3169 3168
3170 3169
3171 3170
3172 3171
3173 3172
3174 3173
3175 3174
3176 3175
3177 3176
3178 3177
3179 3178
3180 3179
3181 3180
3182 3181
3183 3182
3184 3183
3185 3184
3186 3185
3187 3186
3188 3187
3189 3188
3190 3189
3191 3190
3192 3191
3193 3192
3194 3193
3195 3194
3196 3195
3197 3196
3198 3197
3199 3198
3200 3199
3201 3200
3202 3201
3203 3202
3204 3203
3205 3204
3206 3205
3207 3206
3208 3207
3209 3208
3210 3209
3211 3210
3212 3211
3213 3212
3214 3213
3215 3214
3216 3215
3217 3216
3218 3217
3219 3218
3220 3219
3221 3220
3222 3221
3223 3222
3224 3223
3225 3224
3226 3225
3227 3226
3228 3227
3229 3228
3230 3229
3231 3230
3232 3231
3233 3232
3234 3233
3235 3234
3236 3235
3237 3236
3238 3237
3239 3238
3240 3239
3241 3240
3242 3241
3243 3242
3244 3243
3245 3244
3246 3245
3247 3246
3248 3247
3249 3248
3250 3249
3251 3250
3252 3251
3253 3252
3254 3253
3255 3254
3256 3255
3257 3256
3258 3257
3259 3258
3260 3259
3261 3260
3262 3261
3263 3262
3264 3263
3265 3264
3266 3265
3267 3266
3268 3267
3269 3268
3270 3269
3271 3270
3272 3271
3273 3272
3274 3273
3275 3274
3276 3275
3277 3276
3278 3277
3279 3278
3280 3279
3281 3280
3282 3281
3283 3282
3284 3283
3285 3284
3286 3285
3287 3286
3288 3287
3289 3288
3290 3289
3291 3290
3292 3291
3293 3292
3294 3293
3295 3294
3296 3295
3297 3296
3298 3297
3299 3298
3300 3299
3301 3300
3302 3301
3303 3302
3304 3303
3305 3304
3306 3305
3307 3306
3308 3307
3309 3308
3310 3309
3311 3310
3312 3311
3313 3312
3314 3313
3315 3314
3316 3315
3317 3316
3318 3317
3319 3318
3320 3319
3321 3320
3322 3321
3323 3322
3324 3323
3325 3324
3326 3325
3327 3326
3328 3327
3329 3328
3330 3329
3331 3330
3332 3331
3333 3332
3334 3333
3335 3334
3336 3335
3337 3336
3338 3337
3339 3338
3340 3339
3341 3340
3342 3341
3343 3342
3344 3343
3345 3344
3346 3345
3347 3346
3348 3347
3349 3348
3350 3349
3351 3350
3352 3351
3353 3352
3354 3353
3355 3354
3356 3355
3357 3356
3358 3357
3359 3358
3360 3359
3361 3360
3362 3361
3363 3362
3364 3363
3365 3364
3366 3365
3367 3366
3368 3367
3369 3368
3370 3369
3371 3370
3372 3371
3373 3372
3374 3373
3375 3374
3376 3375
3377 3376
3378 3377
3379 3378
3380 3379
3381 3380
3382 3381
3383 3382
3384 3383
3385 3384
3386 3385
3387 3386
3388 3387
3389 3388
3390 3389
3391 3390
3392 3391
3393 3392
3394 3393
3395 3394
3396 3395
3397 3396
3398 3397
3399 3398
3400 3399
3401 3400
3402 3401
3403 3402
3404 3403
3405 3404
3406 3405
3407 3406
3408 3407
3409 3408
3410 3409
3411 3410
3412 3411
3413 3412
3414 3413
3415 3414
3416 3415
3417 3416
3418 3417
3419 3418
3420 3419
3421 3420
3422 3421
3423 3422
3424 3423
3425 3424
3426 3425
3427 3426
3428 3427
3429 3428
3430 3429
3431 3430
3432 3431
3433 3432
3434 3433
3435 3434
3436 3435
3437 3436
3438 3437
3439 3438
3440 3439
3441 3440
3442 3441
3443 3442
3444 3443
3445 3444
3446 3445
3447 3446
3448 3447
3449 3448
3450 3449
3451 3450
3452 3451
3453 3452
3454 3453
3455 3454
3456 3455
3457 3456
3458 3457
3459 3458
3460 3459
3461 3460
3462 3461
3463 3462
3464 3463
3465 3464
3466 3465
3467 3466
3468 3467
3469 3468
3470 3469
3471 3470
3472 3471
3473 3472
3474 3473
3475 3474
3476 3475
3477 3476
3478 3477
3479 3478
3480 3479
3481 3480
3482 3481
3483 3482
3484 3483
3485 3484
3486 3485
3487 3486
3488 3487
3489 3488
3490 3489
3491 3490
3492 3491
3493 3492
3494 3493
3495 3494
3496 3495
3497 3496
3498 3497
3499 3498
3500 3499
3501 3500
3502 3501
3503 3502
3504 3503
3505 3504
3506 3505
3507 3506
3508 3507
3509 3508
3510 3509
3511 3510
3512 3511
3513 3512
3514 3513
3515 3514
3516 3515
3517 3516
3518 3517
3519 3518
3520 3519
3521 3520
3522 3521
3523 3522
3524 3523
3525 3524
3526 3525
3527 3526
3528 3527
3529 3528
3530 3529
3531 3530
3532 3531
3533 3532
3534 3533
3535 3534
3536 3535
3537 3536
3538 3537
3539 3538
3540 3539
3541 3540
3542 3541
3543 3542
3544 3543
3545 3544
3546 3545
3547 3546
3548 3547
3549 3548
3550 3549
3551 3550
3552 3551
3553 3552
3554 3553
3555 3554
3556 3555
3557 3556
3558 3557
3559 3558
3560 3559
3561 3560
3562 3561
3563 3562
3564 3563
3565 3564
3566 3565
3567 3566
3568 3567
3569 3568
3570 3569
3571 3570
3572 3571
3573 3572
3574 3573
3575 3574
3576 3575
3577 3576
3578 3577
3579 3578
3580 3579
3581 3580
3582 3581
3583 3582
3584 3583
3585 3584
3586 3585
3587 3586
3588 3587
3589 3588
3590 3589
3591 3590
3592 3591
3593 3592
3594 3593
3595 3594
3596 3595
3597 3596
3598 3597
3599 3598
3600 3599
3601 3600
3602 3601
3603 3602
3604 3603
3605 3604
3606 3605
3607 3606
3608 3607
3609 3608
3610 3609
3611 3610
3612 3611
3613 3612
3614 3613
3615 3614
3616 3615
3617 3616
3618 3617
3619 3618
3620 3619
3621 3620
3622 3621
3623 3622
3624 3623
3625 3624
3626 3625
3627 3626
3628 3627
3629 3628
3630 3629
3631 3630
3632 3631
3633 3632
3634 3633
3635 3634
3636 3635
3637 3636
3638 3637
3639 3638
3640 3639
3641 3640
3642 3641
3643 3642
3644 3643
3645 3644
3646 3645
3647 3646
3648 3647
3649 3648
3650 3649
3651 3650
3652 3651
3653 3652
3654 3653
3655 3654
3656 3655
3657 3656
3658 3657
3659 3658
3660 3659
3661 3660
3662 3661
3663 3662
3664 3663
3665 3664
3666 3665
3667 3666
3668 3667
3669 3668
3670 3669
3671 3670
3672 3671
3673 3672
3674 3673
3675 3674
3676 3675
3677 3676
3678 3677
3679 3678
3680 3679
3681 3680
3682 3681
3683 3682
3684 3683
3685 3684
3686 3685
3687 3686
3688 3687
3689 3688
3690 3689
3691 3690
3692 3691
3693 3692
3694 3693
3695 3694
3696 3695
3697 3696
3698 3697
3699 3698
3700 3699
3701 3700
3702 3701
3703 3702
3704 3703
3705 3704
3706 3705
3707 3706
3708 3707
3709 3708
3710 3709
3711 3710
3712 3711
3713 3712
3714 3713
3715 3714
3716 3715
3717 3716
3718 3717
3719 3718
3720 3719
3721 3720
3722 3721
3723 3722
3724 3723
3725 3724
3726 3725
3727 3726
3728 3727
3729 3728
3730 3729
3731 3730
3732 3731
3733 3732
3734 3733
3735 3734
3736 3735
3737 3736
3738 3737
3739 3738
3740 3739
3741 3740
3742 3741
3743 3742
3744 3743
3745 3744
3746 3745
3747 3746
3748 3747
3749 3748
3750 3749
3751 3750
3752 3751
3753 3752
3754 3753
3755 3754
3756 3755
3757 3756
3758 3757
3759 3758
3760 3759
3761 3760
3762 3761
3763 3762
3764 3763
3765 3764
3766 3765
3767 3766
3768 3767
3769 3768
3770 3769
3771 3770
3772 3771
3773 3772
3774 3773
3775 3774
3776 3775
3777 3776
3778 3777
3779 3778
3780 3779
3781 3780
3782 3781
3783 3782
3784 3783
3785 3784
3786 3785
3787 3786
3788 3787
3789 3788
3790 3789
3791 3790
3792 3791
3793 3792
3794 3793
3795 3794
3796 3795
3797 3796
3798 3797
3799 3798
3800 3799
3801 3800
3802 3801
3803 3802
3804 3803
3805 3804
3806 3805
3807 3806
3808 3807
3809 3808
3810 3809
3811 3810
3812 3811
3813 3812
3814 3813
3815 3814
3816 3815
3817 3816
3818 3817
3819 3818
3820 3819
3821 3820
3822 3821
3823 3822
3824 3823
3825 3824
3826 3825
3827 3826
3828 3827
3829 3828
3830 3829
3831 3830
3832 3831
3833 3832
3834 3833
3835 3834
3836 3835
3837 3836
3838 3837
3839 3838
3840 3839
3841 3840
3842 3841
3843 3842
3844 3843
3845 3844
3846 3845
3847 3846
3848 3847
3849 3848
3850 3849
3851 3850
3852 3851
3853 3852
3854 3853
3855 3854
3856 3855
3857 3856
3858 3857
3859 3858
3860 3859
3861 3860
3862 3861
3863 3862
3864 3863
3865 3864
3866 3865
3867 3866
3868 3867
3869 3868
3870 3869
3871 3870
3872 3871
3873 3872
3874 3873
3875 3874
3876 3875
3877 3876
3878 3877
3879 3878
3880 3879
3881 3880
3882 3881
3883 3882
3884 3883
3885 3884
3886 3885
3887 3886
3888 3887
3889 3888
3890 3889
3891 3890
3892 3891
3893 3892
3894 3893
3895 3894
3896 3895
3897 3896
3898 3897
3899 3898
3900 3899
3901 3900
3902 3901
3903 3902
3904 3903
3905 3904
3906 3905
3907 3906
3908 3907
3909 3908
3910 3909
3911 3910
3912 3911
3913 3912
3914 3913
3915 3914
3916 3915
3917 3916
3918 3917
3919 3918
3920 3919
3921 3920
3922 3921
3923 3922
3924 3923
3925 3924
3926 3925
3927 3926
3928 3927
3929 3928
3930 3929
3931 3930
3932 3931
3933 3932
3934 3933
3935 3934
3936 3935
3937 3936
3938 3937
3939 3938
3940 3939
3941 3940
3942 3941
3943 3942
3944 3943
3945 3944
3946 3945
3947 3946
3948 3947
3949 3948
3950 3949
3951 3950
3952 3951
3953 3952
3954 3953
3955 3954
3956 3955
3957 3956
3958 3957
3959 3958
3960 3959
3961 3960
3962 3961
3963 3962
3964 3963
3965 3964
3966 3965
3967 3966
3968 3967
3969 3968
3970 3969
3971 3970
3972 3971
3973 3972
3974 3973
3975 3974
3976 3975
3977 3976
3978 3977
3979 3978
3980 3979
3981 3980
3982 3981
3983 3982
3984 3983
3985 3984
3986 3985
3987 3986
3988 3987
3989 3988
3990 3989
3991 3990
3992 3991
3993 3992
3994 3993
3995 3994
3996 3995
3997 3996
3998 3997
3999 3998
4000 3999
4001 4000
4002 4001
4003 4002
4004 4003
4005 4004
4006 4005
4007 4006
4008 4007
4009 4008
4010 4009
4011 4010
4012 4011
4013 4012
4014 4013
4015 4014
4016 4015
4017 4016
4018 4017
4019 4018
4020 4019
4021 4020
4022 4021
4023 4022
4024 4023
4025 4024
4026 4025
4027 4026
4028 4027
4029 4028
4030 4029
4031 4030
4032 4031
4033 4032
4034 4033
4035 4034
4036 4035
4037 4036
4038 4037
4039 4038
4040 4039
4041 4040
4042 4041
4043 4042
4044 4043
4045 4044
4046 4045
4047 4046
4048 4047
4049 4048
4050 4049
4051 4050
4052 4051
4053 4052
4054 4053
4055 4054
4056 4055
4057 4056
4058 4057
4059 4058
4060 4059
4061 4060
4062 4061
4063 4062
4064 4063
4065 4064
4066 4065
4067 4066
4068 4067
4069 4068
4070 4069
4071 4070
4072 4071
4073 4072
4074 4073
4075 4074
4076 4075
4077 4076
4078 4077
4079 4078
4080 4079
4081 4080
4082 4081
4083 4082
4084 4083
4085 4084
4086 4085
4087 4086
4088 4087
4089 4088
4090 4089
4091 4090
4092 4091
4093 4092
4094 4093
4095 4094
4096 4095
4097 4096
4098 4097
4099 4098
4100 4099
4101 4100
4102 4101
4103 4102
4104 4103
4105 4104
4106 4105
4107 4106
4108 4107
4109 4108
4110 4109
4111 4110
4112 4111
4113 4112
4114 4113
4115 4114
4116 4115
4117 4116
4118 4117
4119 4118
4120 4119
4121 4120
4122 4121
4123 4122
4124 4123
4125 4124
4126 4125
4127 4126
4128 4127
4129 4128
4130 4129
4131 4130
4132 4131
4133 4132
4134 4133
4135 4134
4136 4135
4137 4136
4138 4137
4139 4138
4140 4139
4141 4140
4142 4141
4143 4142
4144 4143
4145 4144
4146 4145
4147 4146
4148 4147
4149 4148
4150 4149
4151 4150
4152 4151
4153 4152
4154 4153
4155 4154
4156 4155
4157 4156
4158 4157
4159 4158
4160 4159
4161 4160
4162 4161
4163 4162
4164 4163
4165 4164
4166 4165
4167 4166
4168 4167
4169 4168
4170 4169
4171 4170
4172 4171
4173 4172
4174 4173
4175 4174
4176 4175
4177 4176
4178 4177
4179 4178
4180 4179
4181 4180
4182 4181
4183 4182
4184 4183
4185 4184
4186 4185
4187 4186
4188 4187
4189 4188
4190 4189
4191 4190
4192 4191
4193 4192
4194 4193
4195 4194
4196 4195
4197 4196
4198 4197
4199 4198
4200 4199
4201 4200
4202 4201
4203 4202
4204 4203
4205 4204
4206 4205
4207 4206
4208 4207
4209 4208
4210 4209
4211 4210
4212 4211
4213 4212
4214 4213
4215 4214
4216 4215
4217 4216
4218 4217
4219 4218
4220 4219
4221 4220
4222 4221
4223 4222
4224 4223
4225 4224
4226 4225
4227 4226
4228 4227
4229 4228
4230 4229
4231 4230
4232 4231
4233 4232
4234 4233
4235 4234
4236 4235
4237 4236
4238 4237
4239 4238
4240 4239
4241 4240
4242 4241
4243 4242
4244 4243
4245 4244
4246 4245
4247 4246
4248 4247
4249 4248
4250 4249
4251 4250
4252 4251
4253 4252
4254 4253
4255 4254
4256 4255
4257 4256
4258 4257
4259 4258
4260 4259
4261 4260
4262 4261
4263 4262
4264 4263
4265 4264
4266 4265
4267 4266
4268 4267
4269 4268
4270 4269
4271 4270
4272 4271
4273 4272
4274 4273
4275 4274
4276 4275
4277 4276
4278 4277
4279 4278
4280 4279
4281 4280
4282 4281
4283 4282
4284 4283
4285 4284
4286 4285
4287 4286
4288 4287
4289 4288
4290 4289
4291 4290
4292 4291
4293 4292
4294 4293
4295 4294
4296 4295
4297 4296
4298 4297
4299 4298
4300 4299
4301 4300
4302 4301
4303 4302
4304 4303
4305 4304
4306 4305
4307 4306
4308 4307
4309 4308
4310 4309
4311 4310
4312 4311
4313 4312
4314 4313
4315 4314
4316 4315
4317 4316
4318 4317
4319 4318
4320 4319
4321 4320
4322 4321
4323 4322
4324 4323
4325 4324
4326 4325
4327 4326
4328 4327
4329 4328
4330 4329
4331 4330
4332 4331
4333 4332
4334 4333
4335 4334
4336 4335
4337 4336
4338 4337
4339 4338
4340 4339
4341 4340
4342 4341
4343 4342
4344 4343
4345 4344
4346 4345
4347 4346
4348 4347
4349 4348
4350 4349
4351 4350
4352 4351
4353 4352
4354 4353
4355 4354
4356 4355
4357 4356
4358 4357
4359 4358
4360 4359
4361 4360
4362 4361
4363 4362
4364 4363
4365 4364
4366 4365
4367 4366
4368 4367
4369 4368
4370 4369
4371 4370
4372 4371
4373 4372
4374 4373
4375 4374
4376 4375
4377 4376
4378 4377
4379 4378
4380 4379
4381 4380
4382 4381
4383 4382
4384 4383
4385 4384
4386 4385
4387 4386
4388 4387
4389 4388
4390 4389
4391 4390
4392 4391
4393 4392
4394 4393
4395 4394
4396 4395
4397 4396
4398 4397
4399 4398
4400 4399
4401 4400
4402 4401
4403 4402
4404 4403
4405 4404
4406 4405
4407 4406
4408 4407
4409 4408
4410 4409
4411 4410
4412 4411
4413 4412
4414 4413
4415 4414
4416 4415
4417 4416
4418 4417
4419 4418
4420 4419
4421 4420
4422 4421
4423 4422
4424 4423
4425 4424
4426 4425
4427 4426
4428 4427
4429 4428
4430 4429
4431 4430
4432 4431
4433 4432
4434 4433
4435 4434
4436 4435
4437 4436
4438 4437
4439 4438
4440 4439
4441 4440
4442 4441
4443 4442
4444 4443
4445 4444
4446 4445
4447 4446
4448 4447
4449 4448
4450 4449
4451 4450
4452 4451
4453 4452
4454 4453
4455 4454
4456 4455
4457 4456
4458 4457
4459 4458
4460 4459
4461 4460
4462 4461
4463 4462
4464 4463
4465 4464
4466 4465
4467 4466
4468 4467
4469 4468
4470 4469
4471 4470
4472 4471
4473 4472
4474 4473
4475 4474
4476 4475
4477 4476
4478 4477
4479 4478
4480 4479
4481 4480
4482 4481
4483 4482
4484 4483
4485 4484
4486 4485
4487 4486
4488 4487
4489 4488
4490 4489
4491 4490
4492 4491
4493 4492
4494 4493
4495 4494
4496 4495
4497 4496
4498 4497
4499 4498
4500 4499
4501 4500
4502 4501
4503 4502
4504 4503
4505 4504
4506 4505
4507 4506
4508 4507
4509 4508
4510 4509
4511 4510
4512 4511
4513 4512
4514 4513
4515 4514
4516 4515
4517 4516
4518 4517
4519 4518
4520 4519
4521 4520
4522 4521
4523 4522
4524 4523
4525 4524
4526 4525
4527 4526
4528 4527
4529 4528
4530 4529
4531 4530
4532 4531
4533 4532
4534 4533
4535 4534
4536 4535
4537 4536
4538 4537
4539 4538
4540 4539
4541 4540
4542 4541
4543 4542
4544 4543
4545 4544
4546 4545
4547 4546
4548 4547
4549 4548
4550 4549
4551 4550
4552 4551
4553 4552
4554 4553
4555 4554
4556 4555
4557 4556
4558 4557
4559 4558
4560 4559
4561 4560
4562 4561
4563 4562
4564 4563
4565 4564
4566 4565
4567 4566
4568 4567
4569 4568
4570 4569
4571 4570
4572 4571
4573 4572
4574 4573
4575 4574
4576 4575
4577 4576
4578 4577
4579 4578
4580 4579
4581 4580
4582 4581
4583 4582
4584 4583
4585 4584
4586 4585
4587 4586
4588 4587
4589 4588
4590 4589
4591 4590
4592 4591
4593 4592
4594 4593
4595 4594
4596 4595
4597 4596
4598 4597
4599 4598
4600 4599
4601 4600
4602 4601
4603 4602
4604 4603
4605 4604
4606 4605
4607 4606
4608 4607
4609 4608
4610 4609
4611 4610
4612 4611
4613 4612
4614 4613
4615 4614
4616 4615
4617 4616
4618 4617
4619 4618
4620 4619
4621 4620
4622 4621
4623 4622
4624 4623
4625 4624
4626 4625
4627 4626
4628 4627
4629 4628
4630 4629
4631 4630
4632 4631
4633 4632
4634 4633
4635 4634
4636 4635
4637 4636
4638 4637
4639 4638
4640 4639
4641 4640
4642 4641
4643 4642
4644 4643
4645 4644
4646 4645
4647 4646
4648 4647
4649 4648
4650 4649
4651 4650
4652 4651
4653 4652
4654 4653
4655 4654
4656 4655
4657 4656
4658 4657
4659 4658
4660 4659
4661 4660
4662 4661
4663 4662
4664 4663
4665 4664
4666 4665
4667 4666
4668 4667
4669 4668
4670 4669
4671 4670
4671 1072
4672 3789
4673 4672
4674 4673
4675 4672
4676 3789
4677 3789
4678 4677
4679 4676
4680 4672
4681 4675
4682 4674
4683 4682
4684 4682
4685 4679
4686 4678
4687 4684
4688 4673
4689 4685
4690 3789
4691 4686
4692 4673
4693 4672
4694 4690
4695 4693
4696 4678
4697 4676
4698 4685
4699 4677
4700 4672
4701 4687
4702 4686
4703 4692
4704 4691
4705 4686
4706 4683
4707 4676
4708 4684
4709 3789
4710 4696
4711 4677
4712 4678
4713 4706
4714 4691
4715 4688
4716 4706
4717 4678
4718 4679
4719 4677
4720 4693
4721 4688
4722 4685
4723 4686
4724 4681
4725 4680
4726 4692
4727 4706
4728 4703
4729 4711
4730 4706
4731 4711
4732 4710
4733 4676
4734 4711
4735 4680
4736 4713
4737 4711
4738 4716
4739 4720
4740 4739
4741 4703
4742 4722
4743 4685
4744 4705
4745 4672
4746 4688
4747 4690
4748 4706
4749 4676
4750 4723
4751 4693
4752 3789
4753 3789
4754 4693
4755 4681
4756 4718
4757 4749
4758 4686
4759 4678
4760 4730
4761 4696
4762 4675
4763 4740
4764 4753
4765 4711
4766 4734
4767 4676
4768 4732
4769 4748
4770 4728
4771 4739
4772 4754
4773 4687
4774 4759
4775 4772
4776 4740
4777 4677
4778 4732
4779 4710
4780 4765
4781 4727
4782 4771
4783 4716
4784 4673
4785 4706
4786 4711
4787 4748
4788 4694
4789 4695
4790 4752
4791 4689
4792 4728
4793 4719
4794 4735
4795 4772
4796 4755
4797 4754
4798 4795
4799 4774
4800 4754
4801 4696
4802 4727
4803 4781
4804 4678
4805 4767
4806 4790
4807 4795
4808 4785
4809 4768
4810 4807
4811 4686
4812 4784
4813 4674
4814 4787
4815 4810
4816 4802
4817 4751
4818 4676
4819 4774
4820 4756
4821 4804
4822 4741
4823 4747
4824 4759
4825 4708
4826 4718
4827 4708
4828 4796
4829 4674
4830 4734
4831 4688
4832 4827
4833 4783
4834 4791
4835 4782
4836 4689
4837 4834
4838 4701
4839 4833
4840 4810
4841 4690
4842 4742
4843 4830
4844 4752
4845 4818
4846 4744
4847 4784
4848 4827
4849 4760
4850 4785
4851 4847
4852 4765
4853 4837
4854 4682
4855 4764
4856 4779
4857 3789
4858 4836
4859 4807
4860 4771
4861 4782
4862 4848
4863 4706
4864 4716
4865 4809
4866 4730
4867 4815
4868 4854
4869 4840
4870 4842
4871 4742
4872 4833
4873 4857
4874 4847
4875 4692
4876 4773
4877 4751
4878 4737
4879 4701
4880 4798
4881 4720
4882 4684
4883 4879
4884 4700
4885 4725
4886 4786
4887 4757
4888 4869
4889 4852
4890 4707
4891 4797
4892 4746
4893 4795
4894 4719
4895 4794
4896 4851
4897 4821
4898 4749
4899 4675
4900 4812
4901 4742
4902 4708
4903 4890
4904 4807
4905 4728
4906 4854
4907 4898
4908 4744
4909 4797
4910 4728
4911 4721
4912 4767
4913 4751
4914 4758
4915 4843
4916 4820
4917 4738
4918 4682
4919 4909
4920 4697
4921 4916
4922 4881
4923 4754
4924 4919
4925 4870
4926 4842
4927 4922
4928 4728
4929 4924
4930 4745
4931 4774
4932 4825
4933 4736
4934 4817
4935 4894
4936 4729
4937 4869
4938 4909
4939 4679
4940 4887
4941 4725
4942 4682
4943 4813
4944 4826
4945 4841
4946 4734
4947 4929
4948 4934
4949 4672
4950 4909
4951 4756
4952 4907
4953 4811
4954 4709
4955 4683
4956 4691
4957 4934
4958 4859
4959 4833
4960 4905
4961 4792
4962 4838
4963 4921
4964 4962
4965 4870
4966 4690
4967 4848
4968 4689
4969 4744
4970 4968
4971 4699
4972 4786
4973 4800
4974 4956
4975 4831
4976 4935
4977 4745
4978 4975
4979 4911
4980 4678
4981 4956
4982 4770
4983 4971
4984 4809
4985 4764
4986 4983
4987 4847
4988 4935
4989 4790
4990 4731
4991 4911
4992 4799
4993 4987
4994 4833
4995 4870
4996 4743
4997 4700
4998 4870
4999 4738
5000 4736
5001 4730
5002 4874
5003 4719
5004 4946
5005 4962
5006 4726
5007 4889
5008 4860
5009 4982
5010 4754
5011 4793
5012 4791
5013 4815
5014 4901
5015 5000
5016 4760
5017 4922
5018 4788
5019 4882
5020 5008
5021 4970
5022 4881
5023 4741
5024 4863
5025 4720
5026 4676
5027 4747
5028 4872
5029 4680
5030 4908
5031 4924
5032 4721
5033 4768
5034 4847
5035 4705
5036 4896
5037 4805
5038 5011
5039 4778
5040 4858
5041 5024
5042 4873
5043 4933
5044 4896
5045 4997
5046 4678
5047 4821
5048 4836
5049 4955
5050 5023
5051 4868
5052 4981
5053 4925
5054 4691
5055 4802
5056 4897
5057 4680
5058 4883
5059 4847
5060 4786
5061 5020
5062 4932
5063 5020
5064 4772
5065 4702
5066 4777
5067 5003
5068 4778
5069 4679
5070 4740
5071 4963
5072 5004
5073 4754
5074 4697
5075 4673
5076 4821
5077 4960
5078 4711
5079 5017
5080 4914
5081 5017
5082 4701
5083 4846
5084 4788
5085 4951
5086 4948
5087 5030
5088 5044
5089 4813
5090 4994
5091 4735
5092 4813
5093 4905
5094 5070
5095 4804
5096 4810
5097 5066
5098 5048
5099 5077
5100 5089
5101 4933
5102 4704
5103 4818
5104 4912
5105 5003
5106 4933
5107 4852
5108 4823
5109 4765
5110 4689
5111 4949
5112 4798
5113 4746
5114 4713
5115 4863
5116 5109
5117 4680
5118 4900
5119 4721
5120 4845
5121 5017
5122 4839
5123 4793
5124 4695
5125 4789
5126 4829
5127 4963
5128 5073
5129 4847
5130 4883
5131 5101
5132 5059
5133 5128
5134 4765
5135 4713
5136 5007
5137 4837
5138 4893
5139 4723
5140 4816
5141 4779
5142 4696
5143 4816
5144 4997
5145 4769
5146 4961
5147 4911
5148 5010
5149 4783
5150 4922
5151 5123
5152 4758
5153 4861
5154 4987
5155 4847
5156 4673
5157 4761
5158 4780
5159 5130
5160 4982
5161 5096
5162 4892
5163 5149
5164 4743
5165 4817
5166 4711
5167 4727
5168 4787
5169 4798
5170 4950
5171 4904
5172 5064
5173 4872
5174 4890
5175 4962
5176 4989
5177 4723
5178 4905
5179 4878
5180 4948
5181 5125
5182 4892
5183 4797
5184 4884
5185 4850
5186 4860
5187 4729
5188 4911
5189 4784
5190 5056
5191 4935
5192 4716
5193 4888
5194 4724
5195 4800
5196 4956
5197 4728
5198 5108
5199 4893
5200 5076
5201 5176
5202 5183
5203 4721
5204 5092
5205 4934
5206 4869
5207 4947
5208 4857
5209 5125
5210 5013
5211 4965
5212 5086
5213 4724
5214 5093
5215 4990
5216 4912
5217 5154
5218 4806
5219 4837
5220 5040
5221 5106
5222 5179
5223 5060
5224 4754
5225 4970
5226 5092
5227 5206
5228 4672
5229 5189
5230 5050
5231 4809
5232 4710
5233 4738
5234 5154
5235 4989
5236 5190
5237 4896
5238 4687
5239 4755
5240 5218
5241 4785
5242 4950
5243 5063
5244 5138
5245 5141
5246 4735
5247 4902
5248 4948
5249 4719
5250 5002
5251 4761
5252 4833
5253 5235
5254 5232
5255 5104
5256 4795
5257 4987
5258 4979
5259 5055
5260 5147
5261 4777
5262 4723
5263 5245
5264 5030
5265 4879
5266 5128
5267 5192
5268 4924
5269 5063
5270 4862
5271 5115
5272 4950
5273 4979
5274 4945
5275 5012
5276 4898
5277 4750
5278 4754
5279 4790
5280 4865
5281 5262
5282 5092
5283 4880
5284 4765
5285 5173
5286 4766
5287 4955
5288 5023
5289 4716
5290 4679
5291 5096
5292 5174
5293 4968
5294 4708
5295 5240
5296 4935
5297 5261
5298 4856
5299 5035
5300 5053
5301 5167
5302 4956
5303 4682
5304 4777
5305 4694
5306 4766
5307 5016
5308 5261
5309 4675
5310 5110
5311 5037
5312 4717
5313 4677
5314 4793
5315 4998
5316 5257
5317 4675
5318 5118
5319 5230
5320 4735
5321 5303
5322 4809
5323 4828
5324 4868
5325 4751
5326 5212
5327 4763
5328 4706
5329 5125
5330 5074
5331 5181
5332 4802
5333 4872
5334 5290
5335 5080
5336 4992
5337 4784
5338 4886
5339 4724
5340 5296
5341 5065
5342 5215
5343 4843
5344 5040
5345 5069
5346 5263
5347 5119
5348 4940
5349 5286
5350 4868
5351 4912
5352 4759
5353 5155
5354 4857
5355 4835
5356 4701
5357 4945
5358 4771
5359 5348
5360 4993
5361 4985
5362 5242
5363 5182
5364 4865
5365 5277
5366 5072
5367 5022
5368 4735
5369 4790
5370 5026
5371 4891
5372 4679
5373 5105
5374 4849
5375 4880
5376 4968
5377 4947
5378 5195
5379 5268
5380 4986
5381 5372
5382 5278
5383 5145
5384 4768
5385 4924
5386 5008
5387 4874
5388 5127
5389 4988
5390 4853
5391 5093
5392 5039
5393 4679
5394 5166
5395 5222
5396 4889
5397 5311
5398 5262
5399 4778
5400 5306
5401 4717
5402 5222
5403 4921
5404 4702
5405 5166
5406 5069
5407 4701
5408 5106
5409 5343
5410 4954
5411 5380
5412 4878
5413 4932
5414 5244
5415 4777
5416 4741
5417 5282
5418 4821
5419 4772
5420 5418
5421 4798
5422 4947
5423 5134
5424 5078
5425 5161
5426 5159
5427 5217
5428 5200
5429 4768
5430 4775
5431 4902
5432 5415
5433 4921
5434 5043
5435 4930
5436 5224
5437 5416
5438 4977
5439 5392
5440 4906
5441 5289
5442 5160
5443 5191
5444 5022
5445 4991
5446 4851
5447 5065
5448 4844
5449 5240
5450 5172
5451 4921
5452 5354
5453 5166
5454 4988
5455 5245
5456 5281
5457 5411
5458 5369
5459 5352
5460 4706
5461 5450
5462 4676
5463 4833
5464 4897
5465 4932
5466 4883
5467 5339
5468 4698
5469 5455
5470 5094
5471 5259
5472 5030
5473 5089
5474 4766
5475 4713
5476 5402
5477 4845
5478 5414
5479 5088
5480 5222
5481 5349
5482 4745
5483 4941
5484 5275
5485 5055
5486 4813
5487 4884
5488 5088
5489 4815
5490 4757
5491 4698
5492 4835
5493 5488
5494 5402
5495 4844
5496 4858
5497 5304
5498 5488
5499 5463
5500 5197
5501 5251
5502 4868
5503 5102
5504 4734
5505 4723
5506 4848
5507 5175
5508 4697
5509 5012
5510 4919
5511 5046
5512 4793
5513 4949
5514 5419
5515 5012
5516 4807
5517 5077
5518 5290
5519 4769
5520 5264
5521 5520
5522 5409
5523 5412
5524 5005
5525 4759
5526 5168
5527 5518
5528 4837
5529 5502
5530 4799
5531 4962
5532 4969
5533 5439
5534 4787
5535 5271
5536 4737
5537 4681
5538 5336
5539 5092
5540 5011
5541 5300
5542 5458
5543 4971
5544 4756
5545 4772
5546 5059
5547 4723
5548 5142
5549 5314
5550 5540
5551 5095
5552 5246
5553 5378
5554 4835
5555 5220
5556 4865
5557 4893
5558 4940
5559 5327
5560 5135
5561 5487
5562 5194
5563 5088
5564 5065
5565 5542
5566 5318
5567 4840
5568 5453
5569 4711
5570 4869
5571 5472
5572 4746
5573 5212
5574 5080
5575 4904
5576 5012
5577 4713
5578 4699
5579 5049
5580 4689
5581 5437
5582 5261
5583 5283
5584 4924
5585 5179
5586 5145
5587 5340
5588 4927
5589 5482
5590 5067
5591 5015
5592 4899
5593 4878
5594 5468
5595 5322
5596 5554
5597 5336
5598 5335
5599 5312
5600 5561
5601 4994
5602 5504
5603 4908
5604 5386
5605 4721
5606 5199
5607 5308
5608 5369
5609 5413
5610 5390
5611 5330
5612 5006
5613 4836
5614 5308
5615 5351
5616 4984
5617 4982
5618 4879
5619 5459
5620 5536
5621 5011
5622 5217
5623 4934
5624 5422
5625 5395
5626 5594
5627 4695
5628 5080
5629 5625
5630 5034
5631 5439
5632 5439
5633 5475
5634 5209
5635 5566
5636 5066
5637 4871
5638 5399
5639 4823
5640 5491
5641 5310
5642 4692
5643 4955
5644 4709
5645 4961
5646 5124
5647 5378
5648 5288
5649 4754
5650 5560
5651 5153
5652 5215
5653 5363
5654 4978
5655 5405
5656 4965
5657 5652
5658 5119
5659 5023
5660 5136
5661 4738
5662 5247
5663 4934
5664 4926
5665 5506
5666 4978
5667 4760
5668 4765
5669 4775
5670 5609
5671 5537
5672 4792
5673 5536
5674 4834
5675 5455
5676 4915
5677 5578
5678 5073
5679 4980
5680 5048
5681 5577
5682 5061
5683 5443
5684 5046
5685 5530
5686 4731
5687 5619
5688 5546
5689 4696
5690 4932
5691 4906
5692 5404
5693 4964
5694 5377
5695 4915
5696 4774
5697 5579
5698 4867
5699 5305
5700 5161
5701 5518
5702 5585
5703 4739
5704 4883
5705 5090
5706 5040
5707 5458
5708 5262
5709 5009
5710 4904
5711 5245
5712 4763
5713 5514
5714 5152
5715 4732
5716 5145
5717 5264
5718 5337
5719 5184
5720 5613
5721 5611
5722 5210
5723 5585
5724 5364
5725 5589
5726 5645
5727 4904
5728 5027
5729 5055
5730 4865
5731 5518
5732 5100
5733 5240
5734 5197
5735 4875
5736 5300
5737 5171
5738 4968
5739 5536
5740 5356
5741 5048
5742 5070
5743 5038
5744 4841
5745 5564
5746 5350
5747 5320
5748 5231
5749 5140
5750 4784
5751 5501
5752 5187
5753 5216
5754 5658
5755 5475
5756 4866
5757 5652
5758 5101
5759 4741
5760 4864
5761 5511
5762 5365
5763 5317
5764 4808
5765 4861
5766 5088
5767 5355
5768 5440
5769 5541
5770 5615
5771 5121
5772 5118
5773 5138
5774 4819
5775 5190
5776 4889
5777 4928
5778 4815
5779 4907
5780 5596
5781 5413
5782 4840
5783 5688
5784 5326
5785 5397
5786 5232
5787 5668
5788 5493
5789 5621
5790 5068
5791 4872
5792 5479
5793 5609
5794 5191
5795 5528
5796 4791
5797 4773
5798 5647
5799 4835
5800 5718
5801 4813
5802 4887
5803 5350
5804 4865
5805 5636
5806 5559
5807 5605
5808 4813
5809 5333
5810 5685
5811 5606
5812 5784
5813 5191
5814 5587
5815 5227
5816 5696
5817 5121
5818 5280
5819 5528
5820 5763
5821 4936
5822 5553
5823 4723
5824 4896
5825 5657
5826 5772
5827 5387
5828 5771
5829 5783
5830 5678
5831 4825
5832 5429
5833 5379
5834 5068
5835 4930
5836 5738
5837 4788
5838 5094
5839 5467
5840 5487
5841 4930
5842 5313
5843 5727
5844 5281
5845 5496
5846 5462
5847 5293
5848 5836
5849 5455
5850 4863
5851 5428
5852 5184
5853 4827
5854 4885
5855 5765
5856 5645
5857 5538
5858 5459
5859 5540
5860 5037
5861 5672
5862 5466
5863 4919
5864 5787
5865 5115
5866 5065
5867 5589
5868 4899
5869 4754
5870 5142
5871 5097
5872 5470
5873 5171
5874 4702
5875 5476
5876 5050
5877 5359
5878 5287
5879 5815
5880 4781
5881 4970
5882 5562
5883 5083
5884 5380
5885 4716
5886 5635
5887 5822
5888 5677
5889 5392
5890 5637
5891 5693
5892 5084
5893 4716
5894 4969
5895 5852
5896 5799
5897 5632
5898 4699
5899 5224
5900 5239
5901 5063
5902 5058
5903 4990
5904 5239
5905 5623
5906 4891
5907 5213
5908 5696
5909 4943
5910 4887
5911 4896
5912 5671
5913 5645
5914 4794
5915 5557
5916 5866
5917 5305
5918 4744
5919 5535
5920 4780
5921 5228
5922 4682
5923 5785
5924 4813
5925 4752
5926 5691
5927 5617
5928 4732
5929 5679
5930 5002
5931 4961
5932 4981
5933 5521
5934 5242
5935 4698
5936 5407
5937 4822
5938 5704
5939 4912
5940 5386
5941 4952
5942 5263
5943 5232
5944 5581
5945 5227
5946 4911
5947 5286
5948 5941
5949 4937
5950 4686
5951 5671
5952 4709
5953 5857
5954 4995
5955 4864
5956 5859
5957 4907
5958 5857
5959 5140
5960 5521
5961 5524
5962 5043
5963 5882
5964 5095
5965 4769
5966 4984
5967 5133
5968 5757
5969 5477
5970 5650
5971 5811
5972 5379
5973 5504
5974 5685
5975 4727
5976 4972
5977 4816
5978 4790
5979 5039
5980 5655
5981 5940
5982 5303
5983 5814
5984 5203
5985 5459
5986 4976
5987 5378
5988 4985
5989 5321
5990 4782
5991 5639
5992 5941
5993 5071
5994 4953
5995 4927
5996 5827
5997 4738
5998 4907
5999 5048
6000 5310
6001 5800
6002 4718
6003 5065
6004 5156
6005 5580
6006 5140
6007 5029
6008 5039
6009 4901
6010 5536
6011 5855
6012 6004
6013 4930
6014 5206
6015 5612
6016 4908
6017 4774
6018 5264
6019 5544
6020 5165
6021 5720
6022 5016
6023 5577
6024 5777
6025 5239
6026 5767
6027 5958
6028 5192
6029 4682
6030 4980
6031 5850
6032 4837
6033 5383
6034 5365
6035 5298
6036 5610
6037 4847
6038 4892
6039 5555
6040 6037
6041 5345
6042 5096
6043 5798
6044 5372
6045 5062
6046 4702
6047 4809
6048 5602
6049 5859
6050 5073
6051 4753
6052 4840
6053 5238
6054 5448
6055 5930
6056 5577
6057 4673
6058 5922
6059 5941
6060 4957
6061 4759
6062 5867
6063 5075
6064 5524
6065 4728
6066 5062
6067 4811
6068 5232
6069 5597
6070 6021
6071 5424
6072 4755
6073 5510
6074 4839
6075 5704
6076 5165
6077 6015
6078 5789
6079 5198
6080 5530
6081 4751
6082 4806
6083 5449
6084 6073
6085 4782
6086 6014
6087 5963
6088 6017
6089 4726
6090 5180
6091 5167
6092 4694
6093 5454
6094 4885
6095 4787
6096 5369
6097 5889
6098 6021
6099 4675
6100 5881
6101 5420
6102 5223
6103 5772
6104 6027
6105 5456
6106 5348
6107 5766
6108 4957
6109 5613
6110 6104
6111 4762
6112 4785
6113 5992
6114 5270
6115 5668
6116 5463
6117 4717
6118 5817
6119 4947
6120 4868
6121 5209
6122 5831
6123 5768
6124 4874
6125 5977
6126 5826
6127 5531
6128 5430
6129 5246
6130 4848
6131 5518
6132 5832
6133 5015
6134 4672
6135 5016
6136 4710
6137 5688
6138 4711
6139 5383
6140 5557
6141 4749
6142 5339
6143 5517
6144 4932
6145 5060
6146 5076
6147 4683
6148 5602
6149 4963
6150 5610
6151 5234
6152 5177
6153 5107
6154 6001
6155 4797
6156 5507
6157 5512
6158 5354
6159 6106
6160 6130
6161 5796
6162 5538
6163 4684
6164 5819
6165 5479
6166 5494
6167 5058
6168 6073
6169 5206
6170 5029
6171 5231
6172 4767
6173 5885
6174 5862
6175 5192
6176 5062
6177 5696
6178 4896
6179 5141
6180 5750
6181 5551
6182 4738
6183 5752
6184 6153
6185 4925
6186 5808
6187 5432
6188 5981
6189 5419
6190 6090
6191 4832
6192 5125
6193 5113
6194 5450
6195 5298
6196 5336
6197 4804
6198 4879
6199 5500
6200 5770
6201 5938
6202 5992
6203 4830
6204 5070
6205 5395
6206 4828
6207 5866
6208 5622
6209 5091
6210 5498
6211 4846
6212 5237
6213 5640
6214 5543
6215 4910
6216 5593
6217 5561
6218 5974
6219 5975
6220 5835
6221 5022
6222 5143
6223 5261
6224 5302
6225 4979
6226 5925
6227 5395
6228 5346
6229 5154
6230 4886
6231 5605
6232 5638
6233 5780
6234 5914
6235 5449
6236 5214
6237 5156
6238 5667
6239 5683
6240 5728
6241 4855
6242 4823
6243 5407
6244 4826
6245 5656
6246 4859
6247 5955
6248 5428
6249 4966
6250 4946
6251 6242
6252 5139
6253 5243
6254 5598
6255 5810
6256 4823
6257 5547
6258 4733
6259 4811
6260 5041
6261 5622
6262 6195
6263 5326
6264 5509
6265 5444
6266 5896
6267 5214
6268 5226
6269 5185
6270 5279
6271 5731
6272 5816
6273 5562
6274 6180
6275 4966
6276 5087
6277 6183
6278 4750
6279 5991
6280 6047
6281 5080
6282 5647
6283 5203
6284 5123
6285 4733
6286 5597
6287 6174
6288 5183
6289 4866
6290 5273
6291 6142
6292 6076
6293 4725
6294 5000
6295 5566
6296 5069
6297 5540
6298 5593
6299 5604
6300 5166
6301 5703
6302 5880
6303 5947
6304 6237
6305 5093
6306 4726
6307 5541
6308 5574
6309 5901
6310 5315
6311 4882
6312 5940
6313 5861
6314 5621
6315 5856
6316 5504
6317 4709
6318 4678
6319 6177
6320 5405
6321 5996
6322 5897
6323 6204
6324 4739
6325 5871
6326 5143
6327 5252
6328 5727
6329 5155
6330 5305
6331 5124
6332 5998
6333 5465
6334 5729
6335 4985
6336 5770
6337 5053
6338 5645
6339 6311
6340 5038
6341 5077
6342 5662
6343 5629
6344 5870
6345 5034
6346 4897
6347 5880
6348 5063
6349 5815
6350 4743
6351 5371
6352 5222
6353 5926
6354 6037
6355 4774
6356 6213
6357 4708
6358 5139
6359 5051
6360 5988
6361 4783
6362 4753
6363 4920
6364 4805
6365 5010
6366 5650
6367 6111
6368 4888
6369 6172
6370 5066
6371 5881
6372 4816
6373 5572
6374 6009
6375 5087
6376 6109
6377 5666
6378 5298
6379 6267
6380 5953
6381 5313
6382 4700
6383 5885
6384 4998
6385 6202
6386 5384
6387 5395
6388 5221
6389 5797
6390 6045
6391 4864
6392 6285
6393 5405
6394 5922
6395 5786
6396 5833
6397 6303
6398 4897
6399 4973
6400 5988
6401 5986
6402 5646
6403 5566
6404 5773
6405 5594
6406 5770
6407 5792
6408 5865
6409 5179
6410 4852
6411 5338
6412 5144
6413 6028
6414 4962
6415 6230
6416 5028
6417 6230
6418 4771
6419 5772
6420 5322
6421 5853
6422 6213
6423 5349
6424 5338
6425 5488
6426 6220
6427 5673
6428 6138
6429 5502
6430 6221
6431 6305
6432 5343
6433 5248
6434 5965
6435 5913
6436 6397
6437 5972
6438 6050
6439 5912
6440 5113
6441 6219
6442 6195
6443 6395
6444 4770
6445 5952
6446 6420
6447 6278
6448 4728
6449 5962
6450 4790
6451 4991
6452 5334
6453 4890
6454 5711
6455 5553
6456 5644
6457 5076
6458 4711
6459 5874
6460 6073
6461 5654
6462 5715
6463 6269
6464 4768
6465 5285
6466 6089
6467 5825
6468 6356
6469 5601
6470 5785
6471 5968
6472 4677
6473 6249
6474 5011
6475 5004
6476 5123
6477 5982
6478 5459
6479 5614
6480 5339
6481 6392
6482 6204
6483 4734
6484 5550
6485 6382
6486 5714
6487 5508
6488 5093
6489 4985
6490 5356
6491 6463
6492 4674
6493 5213
6494 5589
6495 4704
6496 5328
6497 6245
6498 6346
6499 6375
6500 5119
6501 6335
6502 4828
6503 5670
6504 4874
6505 5408
6506 6062
6507 5125
6508 4682
6509 6181
6510 5778
6511 5020
6512 5530
6513 5032
6514 6360
6515 4796
6516 5168
6517 5932
6518 6071
6519 4742
6520 6156
6521 5500
6522 5766
6523 4942
6524 5306
6525 5363
6526 6233
6527 5674
6528 4884
6529 5100
6530 6223
6531 5957
6532 5365
6533 6310
6534 5403
6535 5524
6536 6387
6537 4836
6538 4809
6539 5512
6540 6416
6541 5091
6542 5626
6543 5634
6544 6412
6545 6143
6546 5382
6547 6141
6548 5718
6549 5069
6550 6546
6551 5296
6552 6270
6553 5373
6554 5245
6555 5489
6556 5763
6557 5299
6558 5316
6559 5116
6560 6215
6561 6071
6562 6090
6563 6106
6564 6376
6565 4808
6566 4722
6567 6194
6568 5803
6569 5489
6570 5079
6571 6323
6572 4827
6573 5686
6574 5713
6575 6047
6576 5384
6577 6335
6578 5114
6579 4702
6580 6477
6581 5011
6582 6031
6583 5305
6584 6241
6585 5470
6586 5103
6587 5684
6588 6204
6589 5938
6590 5145
6591 6133
6592 5840
6593 5118
6594 6569
6595 6450
6596 6492
6597 5920
6598 6268
6599 5278
6600 5982
6601 6070
6602 5052
6603 5337
6604 6416
6605 5333
6606 6239
6607 6020
6608 6298
6609 6399
6610 4731
6611 5950
6612 6160
6613 5100
6614 5159
6615 5705
6616 5937
6617 6237
6618 6272
6619 5073
6620 5295
6621 4868
6622 6036
6623 5973
6624 5984
6625 5156
6626 5173
6627 5549
6628 4808
6629 5443
6630 6461
6631 6082
6632 6002
6633 6330
6634 6502
6635 5078
6636 5176
6637 5963
6638 6506
6639 5695
6640 5819
6641 6351
6642 5049
6643 5085
6644 6047
6645 4757
6646 6023
6647 5217
6648 5156
6649 6640
6650 5969
6651 5014
6652 6561
6653 4834
6654 4685
6655 6620
6656 5746
6657 4926
6658 5795
6659 6268
6660 6556
6661 6048
6662 5862
6663 6165
6664 5760
6665 4949
6666 4762
6667 5242
6668 5857
6669 6170
6670 6298
6671 5826
6672 5392
6673 5719
6674 5287
6675 5503
6676 6049
6677 6453
6678 5041
6679 5392
6680 6659
6681 5483
6682 6440
6683 6114
6684 5700
6685 4896
6686 4968
6687 5930
6688 5973
6689 5579
6690 5556
6691 6358
6692 5498
6693 5069
6694 4795
6695 5680
6696 6295
6697 6666
6698 6503
6699 4866
6700 5347
6701 5990
6702 5670
6703 6524
6704 6077
6705 5798
6706 6386
6707 6033
6708 6009
6709 6522
6710 5754
6711 6373
6712 5289
6713 6023
6714 6216
6715 5674
6716 6517
6717 4776
6718 4874
6719 5600
6720 5988
6721 5782
6722 6623
6723 5871
6724 5101
6725 5042
6726 6711
6727 6609
6728 4943
6729 5445
6730 5597
6731 4825
6732 5711
6733 5191
6734 5082
6735 5374
6736 6102
6737 4775
6738 4961
6739 4785
6740 5946
6741 5730
6742 5642
6743 5027
6744 6423
6745 5068
6746 4981
6747 6360
6748 5577
6749 5737
6750 5678
6751 5085
6752 6138
6753 5564
6754 4895
6755 4955
6756 4897
6757 5010
6758 6492
6759 4730
6760 5863
6761 5798
6762 6575
6763 6571
6764 6373
6765 5856
6766 5571
6767 6134
6768 5976
6769 6133
6770 6062
6771 6473
6772 5859
6773 6036
6774 6051
6775 5727
6776 5764
6777 4843
6778 5902
6779 5234
6780 6040
6781 5474
6782 5551
6783 6017
6784 5693
6785 6268
6786 5009
6787 5507
6788 6275
6789 5763
6790 6206
6791 5034
6792 6660
6793 5972
6794 6188
6795 5825
6796 5705
6797 6666
6798 6347
6799 6710
6800 5835
6801 5206
6802 6563
6803 6801
6804 6590
6805 6413
6806 6009
6807 5547
6808 6138
6809 5339
6810 5879
6811 5895
6812 5734
6813 5234
6814 5299
6815 4749
6816 5813
6817 5698
6818 6751
6819 5254
6820 6711
6821 6326
6822 5932
6823 6577
6824 3789
6825 6422
6826 5042
6827 6274
6828 5402
6829 6382
6830 6592
6831 5565
6832 6785
6833 6344
6834 6132
6835 6399
6836 5909
6837 6561
6838 6293
6839 5942
6840 5369
6841 5232
6842 6138
6843 6764
6844 6575
6845 5583
6846 6283
6847 5312
6848 5304
6849 5580
6850 5812
6851 5124
6852 4737
6853 5867
6854 5931
6855 5040
6856 5054
6857 4902
6858 5337
6859 6330
6860 6317
6861 6404
6862 6606
6863 4812
6864 5913
6865 6809
6866 5193
6867 4873
6868 6692
6869 5842
6870 5527
6871 6592
6872 5050
6873 5864
6874 5785
6875 5539
6876 4858
6877 5789
6878 5109
6879 5434
6880 4938
6881 5001
6882 5659
6883 5746
6884 6557
6885 5990
6886 6424
6887 5630
6888 5296
6889 6620
6890 6215
6891 5801
6892 6172
6893 6656
6894 5165
6895 5361
6896 6405
6897 5828
6898 4895
6899 5446
6900 5161
6901 6709
6902 6900
6903 4681
6904 6296
6905 4960
6906 6261
6907 6626
6908 5210
6909 5098
6910 6532
6911 5147
6912 5708
6913 6808
6914 4851
6915 5226
6916 6634
6917 6491
6918 6509
6919 5179
6920 4799
6921 5341
6922 5416
6923 5859
6924 6441
6925 6381
6926 6213
6927 4830
6928 6255
6929 6110
6930 6697
6931 4982
6932 4755
6933 5911
6934 5711
6935 5298
6936 6720
6937 6178
6938 6551
6939 5400
6940 4712
6941 5913
6942 5474
6943 5476
6944 5365
6945 5793
6946 6656
6947 5074
6948 5391
6949 5762
6950 6791
6951 6711
6952 6633
6953 6382
6954 6790
6955 6893
6956 5519
6957 6215
6958 5004
6959 5666
6960 5691
6961 5249
6962 6396
6963 4734
6964 6735
6965 5928
6966 5414
6967 5730
6968 5583
6969 5306
6970 6886
6971 5358
6972 5191
6973 4877
6974 6806
6975 5395
6976 5499
6977 6066
6978 6462
6979 5681
6980 5306
6981 5089
6982 5065
6983 5219
6984 5680
6985 4836
6986 6605
6987 5430
6988 6798
6989 6637
6990 6081
6991 6270
6992 5596
6993 5124
6994 5480
6995 5533
6996 6552
6997 4958
6998 5762
6999 6865
7000 6270
7001 6338
7002 5149
7003 4682
7004 6851
7005 6218
7006 6027
7007 6346
7008 5131
7009 5450
7010 5317
7011 5836
7012 5290
7013 4791
7014 6318
7015 5510
7016 6409
7017 6218
7018 6718
7019 6394
7020 5977
7021 5542
7022 5947
7023 6609
7024 6571
7025 5285
7026 6426
7027 6591
7028 6689
7029 6154
7030 5603
7031 6960
7032 4855
7033 6054
7034 6383
7035 5406
7036 6393
7037 4928
7038 6946
7039 6569
7040 5214
7041 5934
7042 5016
7043 6410
7044 5609
7045 5500
7046 5345
7047 4968
7048 6751
7049 7013
7050 4769
7051 7014
7052 6556
7053 6140
7054 5391
7055 5082
7056 6724
7057 6478
7058 6910
7059 4972
7060 4692
7061 4699
7062 6869
7063 6790
7064 5435
7065 6474
7066 5119
7067 5009
7068 6083
7069 5492
7070 5215
7071 6414
7072 5887
7073 5220
7074 5325
7075 7070
7076 5819
7077 6641
7078 5204
7079 4921
7080 5548
7081 6044
7082 5126
7083 6841
7084 4832
7085 5543
7086 6749
7087 6012
7088 6938
7089 5231
7090 5661
7091 6873
7092 6096
7093 6571
7094 5951
7095 6082
7096 4692
7097 6171
7098 5866
7099 6504
7100 5838
7101 5301
7102 6778
7103 5211
7104 5078
7105 4944
7106 6601
7107 5127
7108 6129
7109 5678
7110 5503
7111 4970
7112 5994
7113 6697
7114 6729
7115 6311
7116 6355
7117 5398
7118 4679
7119 4868
7120 6303
7121 6398
7122 5644
7123 5500
7124 5268
7125 6584
7126 4737
7127 4903
7128 5816
7129 5965
7130 4964
7131 5125
7132 6984
7133 6453
7134 6280
7135 4911
7136 6780
7137 6125
7138 5036
7139 5454
7140 6482
7141 7045
7142 6569
7143 6658
7144 6377
7145 6461
7146 4761
7147 4876
7148 5221
7149 5760
7150 6008
7151 6260
7152 5637
7153 6683
7154 4998
7155 6272
7156 4945
7157 4839
7158 4860
7159 6834
7160 6755
7161 5459
7162 6031
7163 4906
7164 4937
7165 5479
7166 4960
7167 6442
7168 6857
7169 5353
7170 6050
7171 5081
7172 5563
7173 6724
7174 6501
7175 6249
7176 6194
7177 6176
7178 6665
7179 5436
7180 7059
7181 5059
7182 6970
7183 6939
7184 5400
7185 5283
7186 4931
7187 5010
7188 6714
7189 5747
7190 5533
7191 7013
7192 6771
7193 6598
7194 5574
7195 5230
7196 5692
7197 6633
7198 5008
7199 6157
7200 5209
7201 4699
7202 6263
7203 5663
7204 6158
7205 5483
7206 6788
7207 6095
7208 6080
7209 5704
7210 4790
7211 5876
7212 6595
7213 7043
7214 4691
7215 5913
7216 5213
7217 7190
7218 5014
7219 6711
7220 7217
7221 5914
7222 5569
7223 6191
7224 4955
7225 7172
7226 6733
7227 5170
7228 5546
7229 5857
7230 6183
7231 6678
7232 7175
7233 5104
7234 5377
7235 7160
7236 4958
7237 5276
7238 5193
7239 5997
7240 5755
7241 4854
7242 6602
7243 6035
7244 5003
7245 5651
7246 7210
7247 5742
7248 4672
7249 7141
7250 6192
7251 5636
7252 6084
7253 6018
7254 4945
7255 7048
7256 5718
7257 4853
7258 7000
7259 5764
7260 4784
7261 7197
7262 4927
7263 5479
7264 4677
7265 5636
7266 7059
7267 5896
7268 6140
7269 6824
7270 5608
7271 6145
7272 5982
7273 7159
7274 5465
7275 5605
7276 5572
7277 6097
7278 5907
7279 7275
7280 4814
7281 6040
7282 7210
7283 6488
7284 4952
7285 4716
7286 6271
7287 5584
7288 4762
7289 6283
7290 6847
7291 5514
7292 4672
7293 5439
7294 5807
7295 5472
7296 6336
7297 5673
7298 6503
7299 6516
7300 6079
7301 6341
7302 6022
7303 7237
7304 6950
7305 5027
7306 6962
7307 6795
7308 6643
7309 5553
7310 6495
7311 6559
7312 7205
7313 6699
7314 6868
7315 6332
7316 6549
7317 5955
7318 6330
7319 6336
7320 6769
7321 5217
7322 6358
7323 6323
7324 6101
7325 5327
7326 5131
7327 5727
7328 5972
7329 6110
7330 6499
7331 6167
7332 5453
7333 6646
7334 5176
7335 4905
7336 6236
7337 5292
7338 5089
7339 5820
7340 6227
7341 5833
7342 6297
7343 6266
7344 4877
7345 6245
7346 5092
7347 6518
7348 4860
7349 6697
7350 6916
7351 5239
7352 4787
7353 7222
7354 6073
7355 5568
7356 6774
7357 6512
7358 6845
7359 6854
7360 6344
7361 5028
7362 6857
7363 6369
7364 5355
7365 5779
7366 6731
7367 5603
7368 6126
7369 7165
7370 5732
7371 7331
7372 5524
7373 6923
7374 5670
7375 5932
7376 5519
7377 6041
7378 6979
7379 6540
7380 5786
7381 6860
7382 6548
7383 5925
7384 6875
7385 6945
7386 7374
7387 6943
7388 4815
7389 7168
7390 7096
7391 5268
7392 6725
7393 6177
7394 5381
7395 6482
7396 7044
7397 6448
7398 7319
7399 7045
7400 7036
7401 6907
7402 4757
7403 6451
7404 7248
7405 5419
7406 7146
7407 4710
7408 4968
7409 6798
7410 6682
7411 7081
7412 5601
7413 4713
7414 5581
7415 6163
7416 5368
7417 5350
7418 6828
7419 6862
7420 6959
7421 5601
7422 6031
7423 4745
7424 6395
7425 6921
7426 4771
7427 5551
7428 5250
7429 6789
7430 5371
7431 7094
7432 5800
7433 5556
7434 6199
7435 6365
7436 5116
7437 4968
7438 5239
7439 6839
7440 4735
7441 5124
7442 4941
7443 5793
7444 5309
7445 5761
7446 5667
7447 4824
7448 6542
7449 5151
7450 4921
7451 6828
7452 6436
7453 5984
7454 6247
7455 6022
7456 7078
7457 6307
7458 6656
7459 4843
7460 4745
7461 7216
7462 7200
7463 6615
7464 5597
7465 5378
7466 6835
7467 5139
7468 6119
7469 6213
7470 6891
7471 7039
7472 6476
7473 7359
7474 7182
7475 6449
7476 6376
7477 4988
7478 4871
7479 6611
7480 6298
7481 6193
7482 5007
7483 5406
7484 5117
7485 5622
7486 5510
7487 5354
7488 5688
7489 7280
7490 5328
7491 5922
7492 6609
7493 5283
7494 5648
7495 6286
7496 5146
7497 6070
7498 7443
7499 6256
7500 4939
7501 4832
7502 4922
7503 5278
7504 6507
7505 4885
7506 5463
7507 5896
7508 7032
7509 7058
7510 5457
7511 5007
7512 6251
7513 5588
7514 6842
7515 6606
7516 6525
7517 5101
7518 7310
7519 5557
7520 6691
7521 7136
7522 5586
7523 5653
7524 7293
7525 7407
7526 6902
7527 5573
7528 5721
7529 5155
7530 5356
7531 5736
7532 6118
7533 7291
7534 6996
7535 4725
7536 5488
7537 6489
7538 5139
7539 5238
7540 5107
7541 5848
7542 5426
7543 5729
7544 6406
7545 5347
7546 4746
7547 5562
7548 6589
7549 5100
7550 4803
7551 6887
7552 6728
7553 4719
7554 6084
7555 5890
7556 5720
7557 5314
7558 5650
7559 5203
7560 5325
7561 5783
7562 6295
7563 5296
7564 6570
7565 6455
7566 6903
7567 7539
7568 5812
7569 6432
7570 7560
7571 4879
7572 6432
7573 4875
7574 6150
7575 6891
7576 4933
7577 5935
7578 6361
7579 5749
7580 5338
7581 6989
7582 5908
7583 6528
7584 6643
7585 6622
7586 6254
7587 7575
7588 6947
7589 6587
7590 6971
7591 5472
7592 5574
7593 6859
7594 5870
7595 5374
7596 6657
7597 4912
7598 6158
7599 7384
7600 4964
7601 4886
7602 7041
7603 5607
7604 6048
7605 7133
7606 6721
7607 6812
7608 6386
7609 4674
7610 6393
7611 7016
7612 5106
7613 6302
7614 5551
7615 5761
7616 3789
7617 6194
7618 7445
7619 6431
7620 5591
7621 6646
7622 5870
7623 4941
7624 5318
7625 6297
7626 5422
7627 5256
7628 5632
7629 4979
7630 7344
7631 4724
7632 6904
7633 6888
7634 6177
7635 6911
7636 7488
7637 5194
7638 5794
7639 6876
7640 6874
7641 5948
7642 6152
7643 5729
7644 7229
7645 6190
7646 6389
7647 6089
7648 5522
7649 7077
7650 6544
7651 5675
7652 5781
7653 6437
7654 7266
7655 7537
7656 6924
7657 6573
7658 6904
7659 7450
7660 5114
7661 5693
7662 6822
7663 6120
7664 5336
7665 7514
7666 7502
7667 7330
7668 7221
7669 7371
7670 5002
7671 6859
7672 7627
7673 4759
7674 5076
7675 5954
7676 7476
7677 5820
7678 5852
7679 6136
7680 5759
7681 6043
7682 4742
7683 7454
7684 7206
7685 5850
7686 6949
7687 7388
7688 7546
7689 6768
7690 5541
7691 7614
7692 7069
7693 4704
7694 6476
7695 7427
7696 4812
7697 5854
7698 7322
7699 6897
7700 7044
7701 7461
7702 5864
7703 7522
7704 7548
7705 5222
7706 5317
7707 6190
7708 5313
7709 4998
7710 6930
7711 5519
7712 7445
7713 5283
7714 7234
7715 5036
7716 7426
7717 5869
7718 5151
7719 5934
7720 6518
7721 6531
7722 6929
7723 7474
7724 5460
7725 5620
7726 5246
7727 6565
7728 6399
7729 7570
7730 5451
7731 6910
7732 6529
7733 6460
7734 7534
7735 7672
7736 6538
7737 5798
7738 7478
7739 4809
7740 6186
7741 5378
7742 6810
7743 7565
7744 7117
7745 5375
7746 5197
7747 7081
7748 5225
7749 7332
7750 5645
7751 7320
7752 5252
7753 6934
7754 7390
7755 5061
7756 6063
7757 4874
7758 5952
7759 6062
7760 7694
7761 5258
7762 7307
7763 4979
7764 5506
7765 4777
7766 7650
7767 6013
7768 7470
7769 7605
7770 5157
7771 7496
7772 7365
7773 6422
7774 7595
7775 4914
7776 6172
7777 7590
7778 6222
7779 5797
7780 5625
7781 5514
7782 6902
7783 5945
7784 5068
7785 6819
7786 6073
7787 7143
7788 6009
7789 6480
7790 6869
7791 7311
7792 5254
7793 7246
7794 5486
7795 7047
7796 6960
7797 6794
7798 5625
7799 5994
7800 5123
7801 6338
7802 5384
7803 6962
7804 6133
7805 4784
7806 5861
7807 6142
7808 5938
7809 6769
7810 7522
7811 7145
7812 6229
7813 6447
7814 7281
7815 7705
7816 7757
7817 5738
7818 5049
7819 6333
7820 6864
7821 6531
7822 5559
7823 5351
7824 4783
7825 5841
7826 6215
7827 6930
7828 4914
7829 6975
7830 4770
7831 5974
7832 6704
7833 5034
7834 5016
7835 6903
7836 7232
7837 5722
7838 5409
7839 7698
7840 4880
7841 5784
7842 6876
7843 6972
7844 6875
7845 6546
7846 4930
7847 5560
7848 7732
7849 5533
7850 7316
7851 5617
7852 5563
7853 5050
7854 6034
7855 5462
7856 7262
7857 7523
7858 5943
7859 5885
7860 6271
7861 5439
7862 5353
7863 6640
7864 5994
7865 6177
7866 6660
7867 7691
7868 7490
7869 5061
7870 5979
7871 6284
7872 6000
7873 6367
7874 6404
7875 4886
7876 4949
7877 4739
7878 5977
7879 5671
7880 5888
7881 6774
7882 6559
7883 6093
7884 7425
7885 4762
7886 5787
7887 6364
7888 7558
7889 6820
7890 7210
7891 6127
7892 6429
7893 5297
7894 4739
7895 5475
7896 6765
7897 7241
7898 5708
7899 6227
7900 7610
7901 4821
7902 4759
7903 7246
7904 7812
7905 7298
7906 7857
7907 6387
7908 7212
7909 6502
7910 6711
7911 6861
7912 6464
7913 7821
7914 7179
7915 7137
7916 5486
7917 6684
7918 7085
7919 6778
7920 6633
7921 5037
7922 7291
7923 5780
7924 7881
7925 7555
7926 7324
7927 7524
7928 7126
7929 6911
7930 5076
7931 6598
7932 7750
7933 6302
7934 6801
7935 7800
7936 7858
7937 7745
7938 6513
7939 4840
7940 6684
7941 4843
7942 7584
7943 6482
7944 6381
7945 6867
7946 5094
7947 4963
7948 6793
7949 7835
7950 5831
7951 4815
7952 7605
7953 5149
7954 7206
7955 5964
7956 7852
7957 7025
7958 7578
7959 4821
7960 6486
7961 7075
7962 4915
7963 5796
7964 5007
7965 7597
7966 6503
7967 7112
7968 6879
7969 5084
7970 5528
7971 5068
7972 5677
7973 6330
7974 6515
7975 5494
7976 6854
7977 5155
7978 6103
7979 4697
7980 5186
7981 6898
7982 7926
7983 5803
7984 6223
7985 7158
7986 5618
7987 7408
7988 7696
7989 7124
7990 4878
7991 6301
7992 7384
7993 7039
7994 7619
7995 6621
7996 6311
7997 6053
7998 7841
7999 7424
8000 6138
8001 6289
8002 7431
8003 5159
8004 6760
8005 4731
8006 7744
8007 7298
8008 4815
8009 7031
8010 5281
8011 5402
8012 6301
8013 4737
8014 5209
8015 6511
8016 7952
8017 6839
8018 7279
8019 5570
8020 4915
8021 7983
8022 7948
8023 6884
8024 6756
8025 6155
8026 7870
8027 6650
8028 7330
8029 4870
8030 5580
8031 6463
8032 7913
8033 6757
8034 5926
8035 7422
8036 5177
8037 4827
8038 6011
8039 6484
8040 4993
8041 6258
8042 6671
8043 5178
8044 5811
8045 4906
8046 6092
8047 6457
8048 7193
8049 6487
8050 5728
8051 6196
8052 6143
8053 5902
8054 6120
8055 7538
8056 6824
8057 6327
8058 5989
8059 7658
8060 7190
8061 7823
8062 5197
8063 6245
8064 5710
8065 6717
8066 6873
8067 6375
8068 8052
8069 7660
8070 5075
8071 7710
8072 5553
8073 7340
8074 6789
8075 7690
8076 5597
8077 5078
8078 6135
8079 7611
8080 4866
8081 4840
8082 6060
8083 4998
8084 5024
8085 7199
8086 7628
8087 7376
8088 6346
8089 4953
8090 6918
8091 5033
8092 6322
8093 6400
8094 6678
8095 7251
8096 7628
8097 5373
8098 6889
8099 6632
8100 5221
8101 7297
8102 7782
8103 5720
8104 6773
8105 5907
8106 6395
8107 5688
8108 6283
8109 5499
8110 7143
8111 7668
8112 7646
8113 6900
8114 7433
8115 5814
8116 7847
8117 7847
8118 5367
8119 5077
8120 7620
8121 6510
8122 8007
8123 6163
8124 7524
8125 6147
8126 7533
8127 6504
8128 5744
8129 6783
8130 6177
8131 7872
8132 6073
8133 5858
8134 8085
8135 4856
8136 6092
8137 5984
8138 6276
8139 5702
8140 6075
8141 7150
8142 6250
8143 6373
8144 6767
8145 6861
8146 6271
8147 5770
8148 7943
8149 4729
8150 4934
8151 7961
8152 8138
8153 5150
8154 6632
8155 5365
8156 6944
8157 5821
8158 7671
8159 5860
8160 6761
8161 4824
8162 6142
8163 7140
8164 7052
8165 6631
8166 5513
8167 4872
8168 8067
8169 6990
8170 7593
8171 5755
8172 6275
8173 5780
8174 6781
8175 6300
8176 6119
8177 4720
8178 7986
8179 7933
8180 7744
8181 7271
8182 6008
8183 5709
8184 6339
8185 7662
8186 5842
8187 4806
8188 5383
8189 7191
8190 7961
8191 8071
8192 7235
8193 7325
8194 7511
8195 8174
8196 5029
8197 5448
8198 4771
8199 6743
8200 5964
8201 6189
8202 5662
8203 6448
8204 7233
8205 6221
8206 7659
8207 5739
8208 4806
8209 7966
8210 5708
8211 5567
8212 4949
8213 5407
8214 6325
8215 6448
8216 6817
8217 7635
8218 6386
8219 6158
8220 5332
8221 6610
8222 6006
8223 6449
8224 6409
8225 4868
8226 5319
8227 6340
8228 8092
8229 7335
8230 7938
8231 4990
8232 7403
8233 7399
8234 6062
8235 5752
8236 6699
8237 5201
8238 6614
8239 5825
8240 5034
8241 7457
8242 6311
8243 7473
8244 7722
8245 6954
8246 5772
8247 6121
8248 4925
8249 5089
8250 6407
8251 5933
8252 7489
8253 4902
8254 5836
8255 6723
8256 5711
8257 7033
8258 6706
8259 6778
8260 4706
8261 7014
8262 5449
8263 7235
8264 6946
8265 4835
8266 5692
8267 6903
8268 6003
8269 6435
8270 7120
8271 5231
8272 7122
8273 5624
8274 6242
8275 6958
8276 7808
8277 7331
8278 8145
8279 5035
8280 5144
8281 6852
8282 7871
8283 5936
8284 6191
8285 6669
8286 8197
8287 6076
8288 6078
8289 7473
8290 7486
8291 5850
8292 5946
8293 5504
8294 6092
8295 6896
8296 8111
8297 5278
8298 5251
8299 6577
8300 7839
8301 5464
8302 4898
8303 6499
8304 7261
8305 5317
8306 4823
8307 6578
8308 7190
8309 6320
8310 7904
8311 4859
8312 5850
8313 6543
8314 6927
8315 6742
8316 5430
8317 8155
8318 4674
8319 6044
8320 5081
8321 8172
8322 7447
8323 6942
8324 7854
8325 7861
8326 5079
8327 4700
8328 7995
8329 4876
8330 6299
8331 5770
8332 7455
8333 7476
8334 5104
8335 7759
8336 6557
8337 5646
8338 6676
8339 8025
8340 4998
8341 7065
8342 7177
8343 6875
8344 8272
8345 7456
8346 4906
8347 7927
8348 8313
8349 5245
8350 6371
8351 8164
8352 5069
8353 4955
8354 7211
8355 6405
8356 5870
8357 8070
8358 7661
8359 6695
8360 7313
8361 5891
8362 7333
8363 5487
8364 6239
8365 7185
8366 7359
8367 6690
8368 7251
8369 6445
8370 5355
8371 7516
8372 7874
8373 7069
8374 8350
8375 5146
8376 6777
8377 8077
8378 7397
8379 7839
8380 7974
8381 8122
8382 6185
8383 6419
8384 6404
8385 5679
8386 6833
8387 6875
8388 7297
8389 7964
8390 7907
8391 6106
8392 5322
8393 6428
8394 7709
8395 5139
8396 4705
8397 5617
8398 8337
8399 7277
8400 7470
8401 7560
8402 8087
8403 7630
8404 5398
8405 6787
8406 6753
8407 4728
8408 8299
8409 6920
8410 4996
8411 5575
8412 6767
8413 7426
8414 7598
8415 5833
8416 5049
8417 5574
8418 5617
8419 8028
8420 5150
8421 4989
8422 4768
8423 6052
8424 7787
8425 5880
8426 6545
8427 5818
8428 7026
8429 6511
8430 6528
8431 7710
8432 7278
8433 6669
8434 7830
8435 7683
8436 7546
8437 8293
8438 7294
8439 5981
8440 5580
8441 7131
8442 7824
8443 7266
8444 6367
8445 7423
8446 8370
8447 7974
8448 4992
8449 6888
8450 8360
8451 5773
8452 7756
8453 8285
8454 7980
8455 4957
8456 5930
8457 5431
8458 6004
8459 7621
8460 7259
8461 5050
8462 8443
8463 7303
8464 7083
8465 6727
8466 6444
8467 5635
8468 7479
8469 7009
8470 7754
8471 5890
8472 6451
8473 7264
8474 5693
8475 7840
8476 6643
8477 7696
8478 7713
8479 7594
8480 6614
8481 7168
8482 6828
8483 5833
8484 5201
8485 7286
8486 7960
8487 4693
8488 7944
8489 6170
8490 7779
8491 4847
8492 7860
8493 7833
8494 8316
8495 6087
8496 4677
8497 7616
8498 5784
8499 8454
8500 7390
8501 6758
8502 8062
8503 6222
8504 5969
8505 4752
8506 6109
8507 6985
8508 6246
8509 5760
8510 5483
8511 5462
8512 6713
8513 8357
8514 6679
8515 5164
8516 5129
8517 5959
8518 6817
8519 7597
8520 7212
8521 5965
8522 5841
8523 5964
8524 4758
8525 7082
8526 5375
8527 6815
8528 8288
8529 7904
8530 5921
8531 7289
8532 4905
8533 7715
8534 5765
8535 5337
8536 4679
8537 8181
8538 6287
8539 8066
8540 5102
8541 5571
8542 5222
8543 5481
8544 7686
8545 5269
8546 8039
8547 5114
8548 6875
8549 7793
8550 5569
8551 7068
8552 7394
8553 6340
8554 5907
8555 6860
8556 7615
8557 5283
8558 6759
8559 6702
8560 4854
8561 7828
8562 5664
8563 7579
8564 7808
8565 4942
8566 6317
8567 6868
8568 7079
8569 7104
8570 8142
8571 7038
8572 4792
8573 7952
8574 8320
8575 6948
8576 6540
8577 6936
8578 6093
8579 7404
8580 8012
8581 8374
8582 4906
8583 5906
8584 6253
8585 7046
8586 5215
8587 6775
8588 7548
8589 7651
8590 7865
8591 6931
8592 7358
8593 6441
8594 6787
8595 5013
8596 7608
8597 4777
8598 6129
8599 6030
8600 7060
8601 6276
8602 7699
8603 6965
8604 5574
8605 7739
8606 6446
8607 5093
8608 4677
8609 5525
8610 5553
8611 7117
8612 7148
8613 4813
8614 6470
8615 6959
8616 8344
8617 8096
8618 6790
8619 7398
8620 4889
8621 6782
8622 7543
8623 7537
8624 8016
8625 8305
8626 6144
8627 5649
8628 8093
8629 8327
8630 7917
8631 5206
8632 6724
8633 6547
8634 5773
8635 7739
8636 5371
8637 6774
8638 5065
8639 4878
8640 6956
8641 8361
8642 4815
8643 6353
8644 7736
8645 7207
8646 5123
8647 6764
8648 6420
8649 5166
8650 7368
8651 6256
8652 7788
8653 5611
8654 8571
8655 8133
8656 6131
8657 5369
8658 6458
8659 6917
8660 6997
8661 6859
8662 7983
8663 7407
8664 7243
8665 7125
8666 7188
8667 5833
8668 5145
8669 7943
8670 6424
8671 8382
8672 5133
8673 7600
8674 5567
8675 6925
8676 5447
8677 5498
8678 4719
8679 8200
8680 6162
8681 5392
8682 7601
8683 8233
8684 5539
8685 7569
8686 5663
8687 7921
8688 6870
8689 5544
8690 8455
8691 5148
8692 6861
8693 7901
8694 6549
8695 4782
8696 7741
8697 6927
8698 4699
8699 7178
8700 5965
8701 8698
8702 5265
8703 6037
8704 6040
8705 5880
8706 6639
8707 5811
8708 7041
8709 6950
8710 7572
8711 4987
8712 7104
8713 6138
8714 7830
8715 7962
8716 5348
8717 7114
8718 7856
8719 8115
8720 6685
8721 4870
8722 7562
8723 8158
8724 5880
8725 4751
8726 7850
8727 5269
8728 7246
8729 7913
8730 6259
8731 4890
8732 6770
8733 7309
8734 5383
8735 5364
8736 8260
8737 5842
8738 4760
8739 5381
8740 4960
8741 8521
8742 4976
8743 6741
8744 7003
8745 7388
8746 7999
8747 5970
8748 5649
8749 8480
8750 6947
8751 6958
8752 6973
8753 7827
8754 5306
8755 6896
8756 7598
8757 6948
8758 5299
8759 5443
8760 6862
8761 7555
8762 8194
8763 6257
8764 6806
8765 7153
8766 8280
8767 6713
8768 7205
8769 5273
8770 4705
8771 8158
8772 5794
8773 7946
8774 5845
8775 4687
8776 5226
8777 5202
8778 8357
8779 8285
8780 6472
8781 8314
8782 8268
8783 7615
8784 5533
8785 8309
8786 8541
8787 8617
8788 6966
8789 7707
8790 6005
8791 7680
8792 7789
8793 5663
8794 5436
8795 6836
8796 6864
8797 4828
8798 4763
8799 8070
8800 6698
8801 7975
8802 5187
8803 5067
8804 7496
8805 8162
8806 6145
8807 4927
8808 5253
8809 7394
8810 7444
8811 8439
8812 6630
8813 5525
8814 5090
8815 7160
8816 8260
8817 8705
8818 8609
8819 5001
8820 6932
8821 6946
8822 8701
8823 4900
8824 8813
8825 6011
8826 5804
8827 7890
8828 6820
8829 6604
8830 7133
8831 8827
8832 7946
8833 7478
8834 7721
8835 7638
8836 6714
8837 8263
8838 4762
8839 6527
8840 5021
8841 7145
8842 7989
8843 6792
8844 6278
8845 8537
8846 4846
8847 8824
8848 6436
8849 8786
8850 5564
8851 8652
8852 7182
8853 6591
8854 6655
8855 5096
8856 7431
8857 8845
8858 8686
8859 6543
8860 7047
8861 4938
8862 6754
8863 6998
8864 6179
8865 5223
8866 6242
8867 5621
8868 6791
8869 6248
8870 7265
8871 7735
8872 7044
8873 7014
8874 6134
8875 7153
8876 8701
8877 5026
8878 4747
8879 5359
8880 7212
8881 7674
8882 6931
8883 8423
8884 7598
8885 7383
8886 8756
8887 6595
8888 8009
8889 7638
8890 4715
8891 5703
8892 8159
8893 8707
8894 7569
8895 7129
8896 7564
8897 8761
8898 6985
8899 8864
8900 7292
8901 7298
8902 8571
8903 6405
8904 5269
8905 5697
8906 6925
8907 8741
8908 5350
8909 5471
8910 8437
8911 6605
8912 6085
8913 5966
8914 7313
8915 7324
8916 6112
8917 5565
8918 5907
8919 5949
8920 7789
8921 7812
8922 8079
8923 5695
8924 4934
8925 6051
8926 5303
8927 7331
8928 5166
8929 8058
8930 7701
8931 7665
8932 6177
8933 6281
8934 6534
8935 6619
8936 6107
8937 5011
8938 8829
8939 7152
8940 6338
8941 7342
8942 6539
8943 5875
8944 8397
8945 8478
8946 6238
8947 6861
8948 6964
8949 8503
8950 8502
8951 8359
8952 8523
8953 6922
8954 7824
8955 7770
8956 6515
8957 5834
8958 5473
8959 6612
8960 6398
8961 6520
8962 8600
8963 4758
8964 6213
8965 5145
8966 8889
8967 7760
8968 8252
8969 5922
8970 5184
8971 8435
8972 7286
8973 5031
8974 6007
8975 8240
8976 8462
8977 5748
8978 7509
8979 8434
8980 5843
8981 7765
8982 8858
8983 7664
8984 6517
8985 5443
8986 8231
8987 8188
8988 5407
8989 6299
8990 7102
8991 6509
8992 7212
8993 8494
8994 7803
8995 5062
8996 6221
8997 6632
8998 7507
8999 8925
9000 7897
9001 5336
9002 5781
9003 8284
9004 5392
9005 6208
9006 7469
9007 8436
9008 6435
9009 5110
9010 7591
9011 8549
9012 6495
9013 8650
9014 6515
9015 5271
9016 8755
9017 8337
9018 6260
9019 5909
9020 7856
9021 8967
9022 7849
9023 8429
9024 8765
9025 7806
9026 4817
9027 5589
9028 6424
9029 5657
9030 8987
9031 6312
9032 8312
9033 7176
9034 5302
9035 4689
9036 8296
9037 5159
9038 7247
9039 6863
9040 7645
9041 8358
9042 7994
9043 7084
9044 6634
9045 6319
9046 8817
9047 4991
9048 4691
9049 6596
9050 6394
9051 4910
9052 6736
9053 8620
9054 6039
9055 5940
9056 5461
9057 5913
9058 8724
9059 6731
9060 8718
9061 7445
9062 8810
9063 6683
9064 8603
9065 4837
9066 6785
9067 5082
9068 8041
9069 5602
9070 7321
9071 4738
9072 8938
9073 8928
9074 6405
9075 7834
9076 8717
9077 6340
9078 8054
9079 6237
9080 6355
9081 5310
9082 7166
9083 5306
9084 5366
9085 5123
9086 4904
9087 6306
9088 6886
9089 6172
9090 7457
9091 6649
9092 6945
9093 7150
9094 7223
9095 4853
9096 8664
9097 8507
9098 6964
9099 5217
9100 7080
9101 8394
9102 6620
9103 8924
9104 7923
9105 7399
9106 5372
9107 8391
9108 6225
9109 5059
9110 6054
9111 6987
9112 6518
9113 6144
9114 7552
9115 9089
9116 7431
9117 8356
9118 5586
9119 5175
9120 6105
9121 8322
9122 4765
9123 7518
9124 9120
9125 8449
9126 5132
9127 7358
9128 4894
9129 6382
9130 4757
9131 5092
9132 6649
9133 7350
9134 5832
9135 8141
9136 7561
9137 5137
9138 6544
9139 7520
9140 7426
9141 7985
9142 9132
9143 7304
9144 8639
9145 6627
9146 5992
9147 8955
9148 4771
9149 9125
9150 9041
9151 7284
9152 5440
9153 5720
9154 8406
9155 5178
9156 4959
9157 8299
9158 5892
9159 6135
9160 7728
9161 5361
9162 6842
9163 7286
9164 8978
9165 9062
9166 7591
9167 6101
9168 4848
9169 9112
9170 7616
9171 4896
9172 6999
9173 4887
9174 8041
9175 8868
9176 6119
9177 6520
9178 6020
9179 5309
9180 6208
9181 5200
9182 5950
9183 5496
9184 8437
9185 4811
9186 8186
9187 8765
9188 6582
9189 7256
9190 7639
9191 7735
9192 4726
9193 8803
9194 8038
9195 6727
9196 6541
9197 7806
9198 7379
9199 6693
9200 8881
9201 7279
9202 7270
9203 8203
9204 6607
9205 7899
9206 4926
9207 7127
9208 8606
9209 8899
9210 4725
9211 6741
9212 5082
9213 7275
9214 8120
9215 7971
9216 5448
9217 6534
9218 8440
9219 7152
9220 6028
9221 6060
9222 6797
9223 5070
9224 6985
9225 6674
9226 6722
9227 7008
9228 6052
9229 5853
9230 6172
9231 7964
9232 4952
9233 5243
9234 9151
9235 8525
9236 9102
9237 9107
9238 4799
9239 7034
9240 8120
9241 8214
9242 5426
9243 6014
9244 7640
9245 5918
9246 5502
9247 9206
9248 6062
9249 7147
9250 9164
9251 5786
9252 7589
9253 7707
9254 8767
9255 8612
9256 8414
9257 4891
9258 5904
9259 5155
9260 5816
9261 8861
9262 8935
9263 9194
9264 7978
9265 6692
9266 4837
9267 8323
9268 6708
9269 6128
9270 4703
9271 8244
9272 7737
9273 8802
9274 6576
9275 6229
9276 9022
9277 4688
9278 6260
9279 7536
9280 7526
9281 7856
9282 7678
9283 7227
9284 7859
9285 5986
9286 6764
9287 9106
9288 8359
9289 4758
9290 7674
9291 6298
9292 7844
9293 5733
9294 6736
9295 8079
9296 7503
9297 5879
9298 9198
9299 9135
9300 9218
9301 8661
9302 7785
9303 7557
9304 8796
9305 4707
9306 5044
9307 6712
9308 7778
9309 7267
9310 5478
9311 7089
9312 7483
9313 9154
9314 6267
9315 5168
9316 7554
9317 7902
9318 9207
9319 6367
9320 4998
9321 7357
9322 8421
9323 8445
9324 7642
9325 8088
9326 6809
9327 9212
9328 5656
9329 6575
9330 8941
9331 6468
9332 8775
9333 6688
9334 4912
9335 5206
9336 8020
9337 4762
9338 7564
9339 6093
9340 7296
9341 5707
9342 8743
9343 7961
9344 6427
9345 4736
9346 7285
9347 4727
9348 7697
9349 8433
9350 8674
9351 5011
9352 6027
9353 4807
9354 7045
9355 8546
9356 5200
9357 8772
9358 5916
9359 7936
9360 4791
9361 5394
9362 8995
9363 8447
9364 6193
9365 5365
9366 9142
9367 4998
9368 9007
9369 5768
9370 6290
9371 4731
9372 8929
9373 8229
9374 5807
9375 9065
9376 4881
9377 5318
9378 5960
9379 9158
9380 8970
9381 6420
9382 7748
9383 7918
9384 4847
9385 7605
9386 6950
9387 8715
9388 5748
9389 8627
9390 5024
9391 5291
9392 6422
9393 9324
9394 9324
9395 7357
9396 6025
9397 7387
9398 5912
9399 9220
9400 4917
9401 7407
9402 6050
9403 7039
9404 7894
9405 5126
9406 5089
9407 4703
9408 5677
9409 5762
9410 7265
9411 9120
9412 5208
9413 7942
9414 5412
9415 6081
9416 5089
9417 7365
9418 9268
9419 8635
9420 9058
9421 6522
9422 9156
9423 5357
9424 7246
9425 5477
9426 7269
9427 5503
9428 9289
9429 8889
9430 7957
9431 5331
9432 6122
9433 5425
9434 6510
9435 7755
9436 7459
9437 7368
9438 5199
9439 8285
9440 5549
9441 4727
9442 8760
9443 5402
9444 7756
9445 5935
9446 8620
9447 6450
9448 6416
9449 7125
9450 7016
9451 6706
9452 5094
9453 7351
9454 5822
9455 5767
9456 6660
9457 5862
9458 7973
9459 4824
9460 7407
9461 8887
9462 4865
9463 5872
9464 5147
9465 5062
9466 8589
9467 9149
9468 4842
9469 7784
9470 6017
9471 8707
9472 6449
9473 9444
9474 9457
9475 6206
9476 5355
9477 7387
9478 5944
9479 4716
9480 9216
9481 7972
9482 8350
9483 9445
9484 4900
9485 8699
9486 6868
9487 8504
9488 7964
9489 5878
9490 6704
9491 9309
9492 6723
9493 6035
9494 6038
9495 7405
9496 7720
9497 6885
9498 5238
9499 6000
9500 6473
9501 7124
9502 9219
9503 6031
9504 8808
9505 5671
9506 6049
9507 8942
9508 7269
9509 5656
9510 5622
9511 9292
9512 6984
9513 8965
9514 5496
9515 8098
9516 8107
9517 6143
9518 5147
9519 6848
9520 8267
9521 6329
9522 6668
9523 6308
9524 5552
9525 7860
9526 8238
9527 5761
9528 5396
9529 5659
9530 8524
9531 7729
9532 5674
9533 7246
9534 7057
9535 7875
9536 9102
9537 8888
9538 7072
9539 5770
9540 8820
9541 7933
9542 7740
9543 8763
9544 5097
9545 8442
9546 8846
9547 6191
9548 9239
9549 5208
9550 7712
9551 8320
9552 8973
9553 6802
9554 7019
9555 7851
9556 5572
9557 8805
9558 5614
9559 6884
9560 9191
9561 8487
9562 9280
9563 7741
9564 8857
9565 7351
9566 6173
9567 8734
9568 5365
9569 8578
9570 5234
9571 6184
9572 6516
9573 6793
9574 4986
9575 6426
9576 9227
9577 5649
9578 8218
9579 7920
9580 9494
9581 5501
9582 8813
9583 6806
9584 9536
9585 9159
9586 6931
9587 5825
9588 8110
9589 8308
9590 6759
9591 6918
9592 7984
9593 7079
9594 6322
9595 9385
9596 8721
9597 5490
9598 5176
9599 5792
9600 7688
9601 6011
9602 9239
9603 7098
9604 8688
9605 9308
9606 5009
9607 5840
9608 5549
9609 5228
9610 4824
9611 6939
9612 6930
9613 9525
9614 8741
9615 7316
9616 7115
9617 8170
9618 8173
9619 6186
9620 5728
9621 6481
9622 5376
9623 8160
9624 9540
9625 8301
9626 8362
9627 5708
9628 9382
9629 5046
9630 8718
9631 5418
9632 8680
9633 7542
9634 5802
9635 8743
9636 5957
9637 8029
9638 7051
9639 9534
9640 9142
9641 7719
9642 5412
9643 8402
9644 9403
9645 6879
9646 6134
9647 9646
9648 9647
9649 9648
9650 9649
9651 9650
9652 9651
9653 9652
9654 9653
9655 9654
9656 9655
9657 9656
9658 9657
9659 9658
9660 9659
9661 9660
9662 9661
9663 9662
9664 9663
9665 9664
9666 9665
9667 9666
9668 9667
9669 9668
9670 9669
9671 9670
9672 9671
9673 9672
9674 9673
9675 9674
9676 9675
9677 9676
9678 9677
9679 9678
9680 9679
9681 9680
9682 9681
9683 9682
9684 9683
9685 9684
9686 9685
9687 9686
9688 9687
9689 9688
9690 9689
9691 9690
9692 9691
9693 9692
9694 9693
9695 9694
9696 9695
9697 9696
9698 9697
9699 9698
9700 9699
9701 9700
9702 9701
9703 9702
9704 9703
9705 9704
9706 9705
9707 9706
9708 9707
9709 9708
9710 9709
9711 9710
9712 9711
9713 9712
9714 9713
9715 9714
9716 9715
9717 9716
9718 9717
9719 9718
9720 9719
9721 9720
9722 9721
9723 9722
9724 9723
9725 9724
9726 9725
9727 9726
9728 9727
9729 9728
9730 9729
9731 9730
9732 9731
9733 9732
9734 9733
9735 9734
9736 9735
9737 9736
9738 9737
9739 9738
9740 9739
9741 9740
9742 9741
9743 9742
9744 9743
9745 9744
9746 9745
9747 9746
9748 9747
9749 9748
9750 9749
9751 9750
9752 9751
9753 9752
9754 9753
9755 9754
9756 9755
9757 9756
9758 9757
9759 9758
9760 9759
9761 9760
9762 9761
9763 9762
9764 9763
9765 9764
9766 9765
9767 9766
9768 9767
9769 9768
9770 9769
9771 9770
9772 9771
9773 9772
9774 9773
9775 9774
9776 9775
9777 9776
9778 9777
9779 9778
9780 9779
9781 9780
9782 9781
9783 9782
9784 9783
9785 9784
9786 9785
9787 9786
9788 9787
9789 9788
9790 9789
9791 9790
9792 9791
9793 9792
9794 9793
9795 9794
9796 9795
9797 9796
9798 9797
9799 9798
9800 9799
9801 9800
9802 9801
9803 9802
9804 9803
9805 9804
9806 9805
9807 9806
9808 9807
9809 9808
9810 9809
9811 9810
9812 9811
9813 9812
9814 9813
9815 9814
9816 9815
9817 9816
9818 9817
9819 9818
9820 9819
9821 9820
9822 9821
9823 9822
9824 9823
9825 9824
9826 9825
9827 9826
9828 9827
9829 9828
9830 9829
9831 9830
9832 9831
9833 9832
9834 9833
9835 9834
9836 9835
9837 9836
9838 9837
9839 9838
9840 9839
9841 9840
9842 9841
9843 9842
9844 9843
9845 9844
9846 9845
9847 9846
9848 9847
9849 9848
9850 9849
9851 9850
9852 9851
9853 9852
9854 9853
9855 9854
9856 9855
9857 9856
9858 9857
9859 9858
9860 9859
9861 9860
9862 9861
9863 9862
9864 9863
9865 9864
9866 9865
9867 9866
9868 9867
9869 9868
9870 9869
9871 9870
9872 9871
9873 9872
9874 9873
9875 9874
9876 9875
9877 9876
9878 9877
9879 9878
9880 9879
9881 9880
9882 9881
9883 9882
9884 9883
9885 9884
9886 9885
9887 9886
9888 9887
9889 9888
9890 9889
9891 9890
9892 9891
9893 9892
9894 9893
9895 9894
9896 9895
9897 9896
9898 9897
9899 9898
9900 9899
9901 9900
9902 9901
9903 9902
9904 9903
9905 9904
9906 9905
9907 9906
9908 9907
9909 9908
9910 9909
9911 9910
9912 9911
9913 9912
9914 9913
9915 9914
9916 9915
9917 9916
9918 9917
9919 9918
9920 9919
9921 9920
9922 9921
9923 9922
9924 9923
9925 9924
9926 9925
9927 9926
9928 9927
9929 9928
9930 9929
9931 9930
9932 9931
9933 9932
9934 9933
9935 9934
9936 9935
9937 9936
9938 9937
9939 9938
9940 9939
9941 9940
9942 9941
9943 9942
9944 9943
9945 9944
9946 9945
9947 9946
9948 9947
9949 9948
9950 9949
9951 9950
9952 9951
9953 9952
9954 9953
9955 9954
9956 9955
9957 9956
9958 9957
9959 9958
9960 9959
9961 9960
9962 9961
9963 9962
9964 9963
9965 9964
9966 9965
9967 9966
9968 9967
9969 9968
9970 9969
9971 9970
9972 9971
9973 9972
9974 9973
9975 9974
9976 9975
9977 9976
9978 9977
9979 9978
9980 9979
9981 9980
9982 9981
9983 9982
9984 9983
9985 9984
9986 9985
9987 9986
9988 9987
9989 9988
9990 9989
9991 9990
9992 9991
9993 9992
9994 9993
9995 9994
9996 9995
9997 9996
9998 9997
9999 9998
10000 9999
10000 6134
