10000 10000
2 1
3 2
4 2
5 3
6 2
7 5
8 2
9 6
10 6
11 1
12 11
13 7
14 10
15 8
16 1
17 8
18 13
19 17
20 4
21 20
22 15
23 12
24 17
25 18
26 1
27 15
28 27
29 24
30 9
31 22
32 10
33 30
34 16
35 1
36 33
37 31
38 34
39 16
40 29
41 12
42 37
43 2
44 10
45 28
46 36
47 3
48 36
49 44
50 33
51 3
52 40
53 25
54 20
55 18
56 5
57 9
58 31
59 6
60 17
61 22
62 23
63 49
64 22
65 11
66 35
67 33
68 11
69 13
70 1
71 23
72 57
73 44
74 45
75 47
76 19
77 51
78 59
79 67
80 14
81 67
82 24
83 74
84 6
85 12
86 74
87 38
88 67
89 3
90 15
91 24
92 43
93 42
94 50
95 15
96 46
97 27
98 60
99 21
100 98
101 50
102 73
103 88
104 28
105 6
106 2
107 65
108 53
109 72
110 72
111 30
112 81
113 44
114 45
115 96
116 105
117 42
118 116
119 52
120 119
121 102
122 77
123 97
124 57
125 120
126 96
127 53
128 118
129 77
130 128
131 19
132 20
133 37
134 1
135 38
136 26
137 75
138 41
139 49
140 133
141 7
142 43
143 64
144 137
145 103
146 134
147 33
148 115
149 18
150 26
151 99
152 51
153 124
154 20
155 66
156 48
157 53
158 108
159 43
160 33
161 130
162 101
163 32
164 70
165 22
166 69
167 56
168 71
169 81
170 92
171 17
172 128
173 101
174 8
175 75
176 130
177 37
178 151
179 71
180 128
181 96
182 160
183 26
184 180
185 20
186 58
187 137
188 148
189 172
190 77
191 22
192 127
193 88
194 187
195 145
196 172
197 189
198 153
199 46
200 94
201 123
202 45
203 201
204 131
205 1
206 106
207 123
208 62
209 68
210 111
211 121
212 69
213 169
214 87
215 137
216 164
217 46
218 76
219 171
220 19
221 73
222 192
223 151
224 112
225 17
226 96
227 160
228 188
229 151
230 19
231 210
232 62
233 38
234 26
235 12
236 212
237 59
238 58
239 30
240 42
241 6
242 38
243 77
244 202
245 127
246 103
247 225
248 246
249 218
250 139
251 124
252 41
253 248
254 40
255 172
256 137
257 108
258 4
259 125
260 137
261 198
262 212
263 169
264 104
265 148
266 171
267 170
268 259
269 179
270 205
271 13
272 138
273 42
274 247
275 121
276 200
277 208
278 276
279 94
280 92
281 209
282 254
283 174
284 173
285 225
286 248
287 157
288 30
289 265
290 128
291 261
292 235
293 200
294 14
295 126
296 94
297 131
298 4
299 230
300 144
301 170
302 146
303 105
304 204
305 177
306 42
307 130
308 97
309 195
310 199
311 144
312 19
313 186
314 9
315 132
316 145
317 149
318 196
319 127
320 207
321 201
322 133
323 151
324 78
325 33
326 149
327 71
328 31
329 53
330 53
331 267
332 146
333 251
334 24
335 114
336 77
337 329
338 155
339 155
340 231
341 321
342 21
343 187
344 117
345 333
346 249
347 1
348 306
349 163
350 155
351 316
352 70
353 11
354 46
355 69
356 29
357 151
358 16
359 348
360 129
361 242
362 22
363 335
364 316
365 2
366 103
367 349
368 115
369 36
370 95
371 236
372 13
373 180
374 371
375 121
376 368
377 267
378 280
379 194
380 73
381 311
382 142
383 332
384 198
385 303
386 195
387 247
388 297
389 332
390 138
391 178
392 236
393 384
394 234
395 226
396 339
397 295
398 10
399 104
400 227
401 305
402 320
403 283
404 323
405 366
406 282
407 326
408 174
409 67
410 98
411 279
412 119
413 206
414 87
415 101
416 44
417 53
418 264
419 119
420 371
421 415
422 165
423 21
424 329
425 89
426 37
427 187
428 95
429 315
430 325
431 97
432 399
433 273
434 42
435 255
436 27
437 155
438 271
439 285
440 269
441 237
442 106
443 376
444 261
445 115
446 167
447 269
448 377
449 221
450 265
451 368
452 232
453 433
454 54
455 135
456 351
457 372
458 284
459 217
460 355
461 13
462 165
463 369
464 292
465 178
466 422
467 397
468 174
469 25
470 40
471 300
472 72
473 289
474 389
475 269
476 194
477 158
478 304
479 60
480 361
481 456
482 139
483 315
484 74
485 368
486 390
487 346
488 390
489 298
490 473
491 143
492 337
493 185
494 92
495 163
496 216
497 390
498 135
499 245
500 24
501 242
502 346
503 15
504 255
505 311
506 74
507 69
508 502
509 235
510 319
511 197
512 510
513 277
514 7
515 307
516 386
517 298
518 83
519 224
520 42
521 449
522 441
523 210
524 456
525 307
526 250
527 511
528 159
529 253
530 189
531 214
532 382
533 17
534 34
535 523
536 398
537 96
538 341
539 337
540 61
541 86
542 478
543 158
544 174
545 196
546 181
547 298
548 168
549 386
550 140
551 233
552 268
553 331
554 238
555 451
556 227
557 556
558 315
559 181
560 97
561 213
562 483
563 122
564 519
565 66
566 465
567 157
568 72
569 307
570 15
571 139
572 505
573 292
574 168
575 384
576 197
577 342
578 547
579 106
580 444
581 200
582 122
583 484
584 408
585 479
586 106
587 155
588 88
589 207
590 548
591 586
592 355
593 560
594 425
595 137
596 342
597 501
598 219
599 87
600 286
601 184
602 479
603 196
604 369
605 180
606 267
607 67
608 423
609 10
610 385
611 262
612 398
613 113
614 569
615 296
616 289
617 38
618 122
619 568
620 451
621 296
622 186
623 235
624 335
625 157
626 521
627 84
628 14
629 311
630 306
631 262
632 135
633 288
634 148
635 377
636 183
637 498
638 92
639 253
640 380
641 32
642 450
643 140
644 62
645 616
646 53
647 443
648 88
649 30
650 50
651 428
652 112
653 299
654 327
655 458
656 217
657 124
658 289
659 100
660 459
661 215
662 215
663 386
664 490
665 89
666 591
667 370
668 283
669 311
670 432
671 392
672 226
673 504
674 301
675 159
676 57
677 29
678 36
679 517
680 132
681 177
682 251
683 138
684 409
685 73
686 51
687 583
688 48
689 381
690 185
691 569
692 141
693 501
694 133
695 651
696 426
697 21
698 624
699 135
700 534
701 610
702 139
703 184
704 630
705 179
706 13
707 120
708 470
709 664
710 567
711 351
712 374
713 182
714 525
715 683
716 584
717 145
718 512
719 79
720 309
721 337
722 38
723 217
724 123
725 290
726 339
727 184
728 52
729 379
730 547
731 588
732 175
733 439
734 211
735 27
736 104
737 463
738 174
739 429
740 665
741 302
742 97
743 99
744 371
745 485
746 79
747 359
748 436
749 23
750 205
751 257
752 351
753 327
754 691
755 336
756 190
757 160
758 627
759 302
760 86
761 516
762 408
763 716
764 294
765 62
766 91
767 762
768 704
769 590
770 438
771 728
772 58
773 429
774 79
775 116
776 562
777 455
778 164
779 364
780 701
781 415
782 265
783 279
784 39
785 335
786 377
787 176
788 753
789 733
790 552
791 712
792 381
793 559
794 271
795 252
796 417
797 195
798 636
799 577
800 366
801 400
802 548
803 137
804 684
805 283
806 336
807 407
808 481
809 99
810 280
811 291
812 627
813 2
814 635
815 689
816 474
817 153
818 696
819 797
820 537
821 284
822 239
823 118
824 261
825 588
826 525
827 124
828 349
829 751
830 520
831 341
832 474
833 755
834 443
835 301
836 281
837 776
838 790
839 78
840 95
841 25
842 90
843 477
844 303
845 439
846 743
847 688
848 642
849 294
850 76
851 2
852 360
853 162
854 700
855 146
856 561
857 715
858 142
859 321
860 604
861 45
862 242
863 199
864 251
865 857
866 384
867 723
868 403
869 98
870 657
871 455
872 157
873 225
874 398
875 434
876 432
877 574
878 354
879 837
880 697
881 325
882 144
883 243
884 718
885 13
886 253
887 812
888 843
889 596
890 147
891 149
892 395
893 417
894 529
895 87
896 287
897 673
898 557
899 622
900 885
901 287
902 18
903 871
904 815
905 372
906 352
907 586
908 39
909 43
910 552
911 76
912 449
913 230
914 470
915 474
916 793
917 627
918 281
919 829
920 549
921 200
922 778
923 84
924 21
925 248
926 617
927 597
928 795
929 427
930 471
931 556
932 500
933 370
934 718
935 339
936 225
937 401
938 727
939 532
940 798
941 299
942 901
943 87
944 704
945 777
946 103
947 782
948 14
949 684
950 591
951 42
952 910
953 670
954 894
955 240
956 119
957 401
958 949
959 697
960 934
961 24
962 487
963 549
964 853
965 660
966 554
967 415
968 806
969 896
970 764
971 535
972 110
973 457
974 854
975 199
976 578
977 975
978 509
979 492
980 167
981 230
982 341
983 865
984 796
985 654
986 143
987 845
988 514
989 248
990 525
991 582
992 854
993 455
994 238
995 332
996 658
997 351
998 445
999 167
1000 691
1001 969
1002 597
1003 799
1004 416
1005 621
1006 369
1007 579
1008 279
1009 503
1010 976
1011 668
1012 360
1013 927
1014 460
1015 533
1016 510
1017 681
1018 850
1019 87
1020 528
1021 573
1022 259
1023 577
1024 891
1025 24
1026 534
1027 611
1028 219
1029 701
1030 701
1031 228
1032 423
1033 525
1034 698
1035 1012
1036 364
1037 615
1038 473
1039 1009
1040 641
1041 209
1042 727
1043 500
1044 428
1045 98
1046 701
1047 318
1048 218
1049 909
1050 708
1051 773
1052 630
1053 144
1054 235
1055 214
1056 918
1057 75
1058 892
1059 743
1060 66
1061 541
1062 278
1063 1044
1064 1005
1065 355
1066 1008
1067 611
1068 560
1069 240
1070 1031
1071 603
1072 1025
1073 829
1074 207
1075 823
1076 98
1077 43
1078 769
1079 124
1080 468
1081 780
1082 522
1083 753
1084 202
1085 414
1086 328
1087 938
1088 638
1089 353
1090 847
1091 429
1092 98
1093 411
1094 47
1095 508
1096 885
1097 939
1098 345
1099 531
1100 753
1101 1035
1102 272
1103 36
1104 914
1105 524
1106 952
1107 628
1108 1008
1109 750
1110 286
1111 1084
1112 142
1113 158
1114 389
1115 512
1116 736
1117 318
1118 112
1119 750
1120 895
1121 344
1122 868
1123 539
1124 818
1125 664
1126 900
1127 843
1128 45
1129 213
1130 181
1131 974
1132 824
1133 336
1134 434
1135 819
1136 758
1137 1021
1138 1085
1139 1135
1140 1026
1141 364
1142 132
1143 27
1144 957
1145 537
1146 818
1147 1020
1148 1055
1149 365
1150 165
1151 550
1152 1060
1153 178
1154 866
1155 85
1156 213
1157 835
1158 1108
1159 700
1160 422
1161 146
1162 516
1163 670
1164 320
1165 587
1166 1014
1167 580
1168 571
1169 1152
1170 675
1171 295
1172 451
1173 1032
1174 648
1175 1082
1176 442
1177 655
1178 869
1179 1027
1180 1092
1181 285
1182 15
1183 848
1184 1048
1185 143
1186 161
1187 884
1188 310
1189 72
1190 237
1191 776
1192 656
1193 1
1194 455
1195 148
1196 1027
1197 321
1198 157
1199 919
1200 421
1201 326
1202 60
1203 432
1204 2
1205 690
1206 813
1207 785
1208 967
1209 495
1210 132
1211 521
1212 179
1213 1124
1214 185
1215 440
1216 723
1217 141
1218 111
1219 504
1220 796
1221 375
1222 260
1223 476
1224 368
1225 818
1226 74
1227 57
1228 554
1229 417
1230 201
1231 683
1232 217
1233 493
1234 1019
1235 1130
1236 40
1237 467
1238 1039
1239 1118
1240 1055
1241 641
1242 255
1243 206
1244 1103
1245 293
1246 79
1247 665
1248 1023
1249 686
1250 519
1251 791
1252 1031
1253 1105
1254 567
1255 311
1256 443
1257 5
1258 916
1259 1071
1260 839
1261 443
1262 1076
1263 163
1264 271
1265 663
1266 44
1267 1094
1268 1175
1269 329
1270 118
1271 1209
1272 915
1273 277
1274 110
1275 740
1276 355
1277 420
1278 528
1279 428
1280 151
1281 1137
1282 1111
1283 491
1284 719
1285 144
1286 456
1287 1181
1288 779
1289 1123
1290 1204
1291 1112
1292 85
1293 1011
1294 936
1295 157
1296 1168
1297 1139
1298 461
1299 585
1300 75
1301 138
1302 790
1303 359
1304 200
1305 1044
1306 157
1307 146
1308 605
1309 262
1310 510
1311 1126
1312 4
1313 438
1314 1289
1315 520
1316 445
1317 834
1318 700
1319 1264
1320 279
1321 18
1322 375
1323 181
1324 1203
1325 402
1326 458
1327 554
1328 459
1329 530
1330 251
1331 289
1332 47
1333 701
1334 1206
1335 243
1336 370
1337 141
1338 110
1339 1258
1340 60
1341 597
1342 745
1343 861
1344 194
1345 734
1346 1120
1347 794
1348 746
1349 39
1350 733
1351 1281
1352 137
1353 812
1354 1308
1355 1198
1356 192
1357 919
1358 948
1359 1148
1360 891
1361 1250
1362 637
1363 988
1364 160
1365 767
1366 1276
1367 171
1368 363
1369 792
1370 778
1371 674
1372 497
1373 1311
1374 1241
1375 1051
1376 817
1377 1288
1378 560
1379 810
1380 1117
1381 393
1382 1179
1383 78
1384 151
1385 945
1386 87
1387 220
1388 1029
1389 1134
1390 1126
1391 607
1392 595
1393 1349
1394 269
1395 377
1396 1217
1397 450
1398 1212
1399 1105
1400 1110
1401 358
1402 1090
1403 1365
1404 408
1405 304
1406 331
1407 981
1408 24
1409 1364
1410 1231
1411 576
1412 1399
1413 794
1414 1278
1415 388
1416 289
1417 1143
1418 779
1419 532
1420 383
1421 551
1422 181
1423 648
1424 1050
1425 842
1426 533
1427 1381
1428 366
1429 820
1430 689
1431 720
1432 229
1433 750
1434 749
1435 56
1436 851
1437 1262
1438 1013
1439 1141
1440 127
1441 642
1442 297
1443 147
1444 702
1445 1105
1446 1131
1447 1302
1448 1179
1449 104
1450 257
1451 854
1452 580
1453 207
1454 1203
1455 650
1456 1199
1457 1234
1458 606
1459 205
1460 385
1461 389
1462 1279
1463 519
1464 727
1465 1048
1466 196
1467 571
1468 846
1469 1387
1470 511
1471 798
1472 1282
1473 1298
1474 400
1475 1170
1476 889
1477 695
1478 346
1479 1394
1480 1448
1481 147
1482 938
1483 674
1484 1277
1485 693
1486 492
1487 133
1488 822
1489 267
1490 508
1491 706
1492 1121
1493 1019
1494 421
1495 1188
1496 728
1497 172
1498 979
1499 1479
1500 626
1501 138
1502 581
1503 718
1504 1130
1505 197
1506 1180
1507 1127
1508 728
1509 782
1510 1502
1511 916
1512 984
1513 745
1514 518
1515 777
1516 1141
1517 297
1518 1503
1519 345
1520 722
1521 391
1522 304
1523 353
1524 1353
1525 884
1526 736
1527 188
1528 738
1529 10
1530 1446
1531 379
1532 90
1533 439
1534 593
1535 1265
1536 822
1537 858
1538 207
1539 488
1540 1362
1541 64
1542 1197
1543 569
1544 776
1545 80
1546 913
1547 238
1548 421
1549 679
1550 1091
1551 3
1552 1098
1553 374
1554 1518
1555 1239
1556 839
1557 591
1558 318
1559 452
1560 1310
1561 1363
1562 238
1563 1145
1564 1427
1565 535
1566 1353
1567 1299
1568 95
1569 273
1570 268
1571 1558
1572 747
1573 1528
1574 1508
1575 1242
1576 284
1577 434
1578 1031
1579 507
1580 320
1581 1168
1582 802
1583 782
1584 1179
1585 1094
1586 420
1587 310
1588 115
1589 68
1590 972
1591 77
1592 881
1593 758
1594 1593
1595 955
1596 1404
1597 32
1598 488
1599 632
1600 626
1601 491
1602 311
1603 1481
1604 269
1605 1502
1606 162
1607 1021
1608 691
1609 510
1610 619
1611 1182
1612 165
1613 751
1614 1356
1615 1536
1616 835
1617 265
1618 673
1619 1041
1620 204
1621 159
1622 707
1623 672
1624 608
1625 299
1626 1385
1627 1615
1628 659
1629 1260
1630 1468
1631 464
1632 696
1633 1319
1634 1047
1635 1169
1636 486
1637 831
1638 1132
1639 1134
1640 862
1641 1493
1642 254
1643 574
1644 287
1645 1264
1646 732
1647 25
1648 204
1649 622
1650 291
1651 1048
1652 787
1653 1269
1654 182
1655 1602
1656 1650
1657 947
1658 352
1659 1590
1660 1126
1661 283
1662 743
1663 1106
1664 1462
1665 1541
1666 1031
1667 806
1668 1434
1669 390
1670 1282
1671 1346
1672 904
1673 1045
1674 43
1675 492
1676 329
1677 1319
1678 495
1679 388
1680 1423
1681 1189
1682 1177
1683 1483
1684 167
1685 1561
1686 986
1687 483
1688 1417
1689 972
1690 221
1691 1025
1692 278
1693 71
1694 327
1695 1350
1696 78
1697 453
1698 879
1699 636
1700 280
1701 223
1702 47
1703 1056
1704 415
1705 992
1706 1491
1707 1480
1708 791
1709 1473
1710 1707
1711 1620
1712 1513
1713 366
1714 1706
1715 871
1716 775
1717 1283
1718 1389
1719 1472
1720 369
1721 1424
1722 1528
1723 1492
1724 641
1725 66
1726 1499
1727 727
1728 62
1729 424
1730 70
1731 333
1732 1056
1733 1210
1734 800
1735 364
1736 1048
1737 165
1738 11
1739 1426
1740 1538
1741 1277
1742 629
1743 1371
1744 675
1745 1690
1746 1307
1747 1677
1748 254
1749 1508
1750 186
1751 31
1752 1371
1753 1695
1754 1521
1755 576
1756 507
1757 1139
1758 240
1759 536
1760 100
1761 1612
1762 1611
1763 220
1764 1484
1765 1652
1766 600
1767 14
1768 578
1769 1388
1770 277
1771 1471
1772 1521
1773 1523
1774 554
1775 867
1776 1730
1777 968
1778 1608
1779 1365
1780 717
1781 1186
1782 915
1783 228
1784 1057
1785 1415
1786 5
1787 566
1788 487
1789 1418
1790 742
1791 183
1792 390
1793 467
1794 1696
1795 1709
1796 1516
1797 1771
1798 1349
1799 861
1800 1315
1801 70
1802 188
1803 1632
1804 1350
1805 1695
1806 182
1807 1755
1808 1357
1809 632
1810 1242
1811 903
1812 1802
1813 487
1814 105
1815 1688
1816 166
1817 346
1818 1521
1819 1708
1820 1399
1821 1584
1822 535
1823 230
1824 1651
1825 1341
1826 1657
1827 1587
1828 1004
1829 289
1830 1121
1831 121
1832 1013
1833 314
1834 766
1835 1723
1836 1548
1837 1614
1838 229
1839 278
1840 1488
1841 1530
1842 706
1843 122
1844 1032
1845 1610
1846 1336
1847 1572
1848 980
1849 95
1850 1605
1851 662
1852 1113
1853 1411
1854 1060
1855 565
1856 817
1857 8
1858 1324
1859 897
1860 346
1861 410
1862 1074
1863 318
1864 582
1865 1016
1866 428
1867 684
1868 420
1869 1623
1870 459
1871 1128
1872 367
1873 1391
1874 49
1875 165
1876 478
1877 1300
1878 1247
1879 154
1880 438
1881 542
1882 1036
1883 242
1884 1498
1885 1013
1886 1269
1887 657
1888 177
1889 1558
1890 980
1891 761
1892 1423
1893 1568
1894 58
1895 1040
1896 1834
1897 352
1898 1642
1899 1878
1900 300
1901 94
1902 190
1903 975
1904 1129
1905 486
1906 692
1907 1598
1908 1683
1909 1192
1910 230
1911 393
1912 207
1913 1783
1914 94
1915 861
1916 870
1917 1690
1918 834
1919 397
1920 1458
1921 454
1922 1011
1923 1749
1924 275
1925 241
1926 283
1927 775
1928 802
1929 1619
1930 1802
1931 1808
1932 633
1933 1259
1934 1344
1935 1534
1936 1841
1937 1567
1938 1400
1939 1322
1940 300
1941 1509
1942 1766
1943 1473
1944 535
1945 747
1946 1308
1947 1192
1948 424
1949 1648
1950 381
1951 749
1952 763
1953 984
1954 619
1955 1608
1956 1426
1957 1264
1958 1067
1959 955
1960 1481
1961 568
1962 1901
1963 1898
1964 1548
1965 339
1966 1589
1967 418
1968 571
1969 42
1970 1679
1971 1713
1972 114
1973 1686
1974 1205
1975 1236
1976 754
1977 1777
1978 1174
1979 485
1980 241
1981 449
1982 1687
1983 306
1984 715
1985 973
1986 111
1987 1605
1988 200
1989 1726
1990 1542
1991 93
1992 405
1993 1663
1994 493
1995 918
1996 1502
1997 1249
1998 1787
1999 1109
2000 66
2001 536
2002 1150
2003 543
2004 1684
2005 1680
2006 1740
2007 922
2008 269
2009 1857
2010 1163
2011 489
2012 183
2013 424
2014 544
2015 161
2016 1596
2017 36
2018 1666
2019 154
2020 18
2021 689
2022 318
2023 1940
2024 1115
2025 1648
2026 861
2027 1207
2028 307
2029 2021
2030 1672
2031 1567
2032 920
2033 1624
2034 1449
2035 1191
2036 1746
2037 917
2038 799
2039 19
2040 1348
2041 556
2042 779
2043 1332
2044 671
2045 2033
2046 1844
2047 592
2048 1340
2049 1245
2050 350
2051 145
2052 503
2053 1183
2054 1688
2055 900
2056 1375
2057 1060
2058 1004
2059 1660
2060 162
2061 1543
2062 907
2063 1044
2064 1840
2065 250
2066 100
2067 1030
2068 1080
2069 1628
2070 1158
2071 245
2072 445
2073 1192
2074 1283
2075 1404
2076 625
2077 1557
2078 1798
2079 1041
2080 1394
2081 504
2082 769
2083 1306
2084 938
2085 71
2086 188
2087 1945
2088 455
2089 666
2090 1771
2091 1583
2092 966
2093 1284
2094 278
2095 1528
2096 999
2097 2030
2098 783
2099 1185
2100 2031
2101 1225
2102 1254
2103 307
2104 1213
2105 1807
2106 162
2107 1105
2108 1759
2109 1030
2110 1047
2111 1652
2112 531
2113 1654
2114 1350
2115 982
2116 1189
2117 1925
2118 433
2119 590
2120 1073
2121 554
2122 1267
2123 628
2124 1512
2125 939
2126 1839
2127 1283
2128 1851
2129 2117
2130 618
2131 1777
2132 1250
2133 252
2134 290
2135 571
2136 1025
2137 113
2138 1741
2139 499
2140 721
2141 258
2142 1406
2143 1682
2144 1621
2145 1813
2146 460
2147 1606
2148 1368
2149 2114
2150 625
2151 1143
2152 215
2153 1044
2154 469
2155 1118
2156 2142
2157 832
2158 950
2159 39
2160 2041
2161 2110
2162 201
2163 555
2164 685
2165 934
2166 1922
2167 655
2168 1606
2169 212
2170 650
2171 1904
2172 2050
2173 829
2174 313
2175 1980
2176 1579
2177 279
2178 355
2179 465
2180 357
2181 693
2182 1726
2183 597
2184 1948
2185 185
2186 1576
2187 1412
2188 1605
2189 880
2190 682
2191 277
2192 1763
2193 825
2194 1515
2195 2168
2196 301
2197 198
2198 260
2199 1920
2200 100
2201 874
2202 428
2203 11
2204 2192
2205 2177
2206 104
2207 1588
2208 1042
2209 1116
2210 1938
2211 243
2212 159
2213 1894
2214 1106
2215 1233
2216 136
2217 1288
2218 56
2219 1166
2220 178
2221 269
2222 1051
2223 406
2224 1926
2225 135
2226 456
2227 630
2228 1330
2229 1136
2230 356
2231 949
2232 1024
2233 1010
2234 1680
2235 438
2236 150
2237 1920
2238 414
2239 505
2240 1285
2241 1602
2242 901
2243 2218
2244 1412
2245 1937
2246 1055
2247 1307
2248 263
2249 1713
2250 1252
2251 1090
2252 1592
2253 665
2254 588
2255 64
2256 1457
2257 2182
2258 359
2259 2228
2260 1211
2261 81
2262 1972
2263 126
2264 991
2265 2228
2266 2261
2267 1806
2268 1100
2269 1237
2270 540
2271 136
2272 694
2273 2059
2274 102
2275 1031
2276 1510
2277 423
2278 1099
2279 2019
2280 88
2281 556
2282 724
2283 1613
2284 162
2285 1587
2286 1268
2287 1432
2288 1549
2289 552
2290 1084
2291 444
2292 546
2293 1387
2294 1147
2295 1610
2296 987
2297 1969
2298 13
2299 185
2300 346
2301 348
2302 473
2303 285
2304 2071
2305 1910
2306 1022
2307 1188
2308 47
2309 1290
2310 315
2311 806
2312 290
2313 2194
2314 848
2315 124
2316 472
2317 1136
2318 1766
2319 1530
2320 897
2321 1020
2322 2259
2323 574
2324 466
2325 1464
2326 979
2327 1019
2328 977
2329 1727
2330 1708
2331 2263
2332 572
2333 2082
2334 2208
2335 884
2336 1011
2337 931
2338 1518
2339 1182
2340 1308
2341 1305
2342 1432
2343 2299
2344 1907
2345 1633
2346 1475
2347 65
2348 1231
2349 134
2350 1876
2351 130
2352 1996
2353 1907
2354 2142
2355 1501
2356 136
2357 979
2358 932
2359 255
2360 556
2361 256
2362 2203
2363 1280
2364 600
2365 1561
2366 1883
2367 1658
2368 2324
2369 627
2370 1338
2371 342
2372 908
2373 1989
2374 765
2375 706
2376 905
2377 1252
2378 295
2379 2208
2380 1952
2381 503
2382 14
2383 1691
2384 687
2385 1467
2386 1956
2387 276
2388 682
2389 773
2390 672
2391 750
2392 1630
2393 771
2394 2282
2395 1828
2396 1855
2397 43
2398 659
2399 1085
2400 1240
2401 325
2402 2380
2403 1516
2404 889
2405 2315
2406 1368
2407 1729
2408 441
2409 56
2410 605
2411 2054
2412 591
2413 1986
2414 2229
2415 1092
2416 1628
2417 2038
2418 436
2419 2211
2420 969
2421 177
2422 1173
2423 484
2424 428
2425 153
2426 600
2427 1151
2428 733
2429 144
2430 1824
2431 2183
2432 921
2433 1401
2434 2207
2435 950
2436 1736
2437 1832
2438 962
2439 1867
2440 1830
2441 1486
2442 95
2443 571
2444 1681
2445 212
2446 338
2447 2047
2448 1076
2449 1219
2450 2213
2451 2380
2452 231
2453 210
2454 1466
2455 1469
2456 1252
2457 257
2458 1425
2459 2404
2460 1292
2461 2018
2462 717
2463 248
2464 745
2465 207
2466 935
2467 20
2468 858
2469 1107
2470 1985
2471 2396
2472 2338
2473 511
2474 1432
2475 290
2476 1843
2477 1267
2478 42
2479 384
2480 2141
2481 787
2482 1276
2483 652
2484 2210
2485 1915
2486 2386
2487 2130
2488 260
2489 2099
2490 1801
2491 1233
2492 1008
2493 1391
2494 1258
2495 2444
2496 2436
2497 1607
2498 1116
2499 2011
2500 1611
2501 2045
2502 2188
2503 732
2504 578
2505 1082
2506 76
2507 306
2508 1315
2509 261
2510 2111
2511 1438
2512 2312
2513 1125
2514 1226
2515 1156
2516 1644
2517 945
2518 163
2519 2011
2520 848
2521 1351
2522 1375
2523 1532
2524 2448
2525 2354
2526 1379
2527 501
2528 1584
2529 1058
2530 1269
2531 2244
2532 1167
2533 576
2534 2187
2535 2137
2536 1079
2537 640
2538 1381
2539 841
2540 2044
2541 493
2542 2284
2543 1210
2544 2359
2545 2408
2546 214
2547 1436
2548 946
2549 346
2550 1099
2551 1642
2552 1706
2553 317
2554 1819
2555 872
2556 927
2557 487
2558 2034
2559 304
2560 190
2561 1695
2562 1208
2563 2356
2564 654
2565 2106
2566 1185
2567 1185
2568 2389
2569 607
2570 1637
2571 1475
2572 994
2573 52
2574 1188
2575 826
2576 1086
2577 703
2578 188
2579 1191
2580 1502
2581 553
2582 1584
2583 402
2584 1323
2585 1606
2586 2037
2587 2222
2588 2436
2589 2403
2590 1480
2591 1557
2592 993
2593 287
2594 2295
2595 2363
2596 737
2597 166
2598 604
2599 1224
2600 1207
2601 1193
2602 241
2603 1401
2604 2452
2605 1156
2606 2154
2607 1996
2608 1541
2609 2455
2610 1390
2611 2323
2612 57
2613 1354
2614 1300
2615 1828
2616 2013
2617 1465
2618 687
2619 724
2620 1714
2621 2104
2622 1595
2623 2341
2624 2276
2625 2304
2626 819
2627 1051
2628 2582
2629 1028
2630 1203
2631 1277
2632 183
2633 2365
2634 1345
2635 1506
2636 750
2637 147
2638 314
2639 2235
2640 1505
2641 610
2642 2115
2643 860
2644 1335
2645 945
2646 59
2647 214
2648 558
2649 1942
2650 2533
2651 2059
2652 1084
2653 1328
2654 954
2655 1614
2656 1895
2657 36
2658 2619
2659 149
2660 2324
2661 1745
2662 857
2663 2109
2664 1864
2665 1220
2666 1258
2667 2373
2668 1287
2669 1076
2670 1814
2671 182
2672 1077
2673 783
2674 1970
2675 427
2676 4
2677 2635
2678 93
2679 2611
2680 2658
2681 2654
2682 2094
2683 2116
2684 1165
2685 2115
2686 1867
2687 892
2688 2303
2689 618
2690 2241
2691 1069
2692 1618
2693 2500
2694 978
2695 1960
2696 1796
2697 1652
2698 1268
2699 1183
2700 312
2701 88
2702 431
2703 1003
2704 2139
2705 398
2706 2265
2707 2359
2708 1128
2709 1227
2710 1989
2711 1371
2712 2286
2713 111
2714 1149
2715 1657
2716 1049
2717 519
2718 140
2719 2535
2720 3
2721 722
2722 2557
2723 574
2724 2681
2725 1385
2726 945
2727 1494
2728 1762
2729 591
2730 1896
2731 1521
2732 2115
2733 1193
2734 633
2735 2194
2736 2010
2737 2335
2738 1798
2739 2542
2740 2058
2741 557
2742 2380
2743 778
2744 1923
2745 51
2746 938
2747 12
2748 1646
2749 2286
2750 1799
2751 2155
2752 822
2753 1501
2754 1556
2755 543
2756 1673
2757 192
2758 1469
2759 1264
2760 567
2761 1588
2762 2334
2763 270
2764 1200
2765 1709
2766 2474
2767 572
2768 735
2769 1907
2770 2768
2771 2704
2772 2726
2773 1478
2774 1289
2775 556
2776 2603
2777 74
2778 317
2779 2481
2780 2072
2781 391
2782 228
2783 2320
2784 856
2785 329
2786 1595
2787 1226
2788 2738
2789 78
2790 559
2791 1998
2792 2601
2793 572
2794 2529
2795 1418
2796 2128
2797 415
2798 2026
2799 2194
2800 120
2801 521
2802 888
2803 1743
2804 745
2805 2780
2806 580
2807 2665
2808 1968
2809 2690
2810 2597
2811 1653
2812 2069
2813 490
2814 2722
2815 763
2816 1882
2817 856
2818 1745
2819 237
2820 1576
2821 2677
2822 2743
2823 1215
2824 317
2825 2285
2826 2377
2827 419
2828 487
2829 1708
2830 2408
2831 1856
2832 1623
2833 2289
2834 1304
2835 503
2836 638
2837 1525
2838 2561
2839 2745
2840 1579
2841 1157
2842 1470
2843 1709
2844 1710
2845 1000
2846 522
2847 2796
2848 1436
2849 1642
2850 1513
2851 429
2852 2186
2853 1696
2854 183
2855 318
2856 502
2857 777
2858 2090
2859 944
2860 764
2861 1558
2862 2843
2863 984
2864 2587
2865 1227
2866 2182
2867 2842
2868 1555
2869 2176
2870 1804
2871 1349
2872 941
2873 1298
2874 248
2875 1101
2876 2679
2877 551
2878 1660
2879 2186
2880 2339
2881 2333
2882 2573
2883 2794
2884 2203
2885 1712
2886 146
2887 725
2888 1118
2889 1631
2890 440
2891 10
2892 2774
2893 975
2894 1467
2895 725
2896 1306
2897 1160
2898 2497
2899 1343
2900 2647
2901 542
2902 757
2903 143
2904 1987
2905 801
2906 1057
2907 1828
2908 1670
2909 297
2910 2093
2911 114
2912 1903
2913 403
2914 246
2915 1440
2916 2694
2917 426
2918 1320
2919 236
2920 86
2921 1415
2922 2088
2923 1303
2924 2541
2925 1010
2926 2641
2927 1032
2928 1447
2929 423
2930 836
2931 710
2932 970
2933 2222
2934 611
2935 1765
2936 1265
2937 2898
2938 548
2939 149
2940 1359
2941 2074
2942 466
2943 1788
2944 626
2945 619
2946 2277
2947 1777
2948 1759
2949 791
2950 2044
2951 2174
2952 2457
2953 2818
2954 2443
2955 37
2956 2723
2957 2104
2958 178
2959 1181
2960 2720
2961 136
2962 644
2963 31
2964 1518
2965 2863
2966 215
2967 640
2968 1604
2969 2222
2970 2288
2971 2424
2972 1306
2973 428
2974 1557
2975 440
2976 1422
2977 805
2978 2596
2979 1935
2980 2132
2981 858
2982 2271
2983 942
2984 2721
2985 1927
2986 291
2987 2849
2988 913
2989 667
2990 1575
2991 126
2992 2140
2993 2459
2994 1829
2995 1557
2996 89
2997 944
2998 2825
2999 81
3000 1139
3001 1620
3002 884
3003 2013
3004 1284
3005 2961
3006 602
3007 1648
3008 1892
3009 130
3010 2080
3011 1210
3012 786
3013 1588
3014 1823
3015 3004
3016 34
3017 1774
3018 2721
3019 1124
3020 2864
3021 233
3022 2897
3023 2230
3024 1024
3025 689
3026 608
3027 1359
3028 2751
3029 1202
3030 235
3031 158
3032 1396
3033 1652
3034 2465
3035 2744
3036 2415
3037 2656
3038 530
3039 585
3040 169
3041 2017
3042 2751
3043 1505
3044 959
3045 1235
3046 2408
3047 928
3048 1298
3049 1679
3050 2461
3051 2062
3052 2517
3053 909
3054 725
3055 2234
3056 1185
3057 1273
3058 514
3059 2033
3060 2061
3061 2447
3062 994
3063 1532
3064 2848
3065 1295
3066 2009
3067 464
3068 1720
3069 2361
3070 1968
3071 1852
3072 264
3073 674
3074 151
3075 1262
3076 1406
3077 2249
3078 1338
3079 1085
3080 2429
3081 635
3082 1647
3083 2761
3084 1074
3085 1368
3086 3045
3087 758
3088 718
3089 515
3090 674
3091 865
3092 120
3093 1994
3094 312
3095 1155
3096 2536
3097 2716
3098 2082
3099 770
3100 2755
3101 1497
3102 2563
3103 1535
3104 2717
3105 1573
3106 1315
3107 32
3108 1588
3109 2345
3110 1163
3111 1095
3112 1708
3113 1649
3114 2521
3115 2438
3116 279
3117 2244
3118 1315
3119 912
3120 1618
3121 2288
3122 1349
3123 1176
3124 316
3125 2095
3126 2488
3127 2349
3128 174
3129 2418
3130 1728
3131 2476
3132 1076
3133 646
3134 822
3135 469
3136 2522
3137 75
3138 1443
3139 222
3140 245
3141 339
3142 1049
3143 855
3144 3091
3145 505
3146 177
3147 2398
3148 865
3149 799
3150 2982
3151 797
3152 1700
3153 1294
3154 2792
3155 59
3156 1263
3157 1438
3158 314
3159 1519
3160 166
3161 364
3162 1545
3163 759
3164 1068
3165 1206
3166 2187
3167 2367
3168 1494
3169 2418
3170 59
3171 104
3172 666
3173 3004
3174 1430
3175 370
3176 1547
3177 363
3178 640
3179 1207
3180 548
3181 2364
3182 883
3183 118
3184 997
3185 399
3186 2230
3187 1896
3188 3012
3189 2348
3190 2730
3191 3120
3192 2604
3193 295
3194 1292
3195 2747
3196 340
3197 65
3198 998
3199 855
3200 177
3201 1660
3202 3052
3203 2546
3204 1413
3205 3163
3206 2467
3207 385
3208 2062
3209 2496
3210 2731
3211 1791
3212 2452
3213 1488
3214 984
3215 2921
3216 2958
3217 1970
3218 2782
3219 788
3220 1232
3221 700
3222 2827
3223 2437
3224 3120
3225 1293
3226 1112
3227 546
3228 3124
3229 97
3230 2724
3231 907
3232 2255
3233 1993
3234 1754
3235 425
3236 1455
3237 760
3238 1161
3239 1951
3240 311
3241 295
3242 929
3243 2649
3244 2565
3245 765
3246 454
3247 1536
3248 2362
3249 1464
3250 758
3251 1853
3252 2702
3253 2070
3254 2200
3255 1982
3256 2382
3257 1213
3258 858
3259 208
3260 2885
3261 764
3262 2881
3263 3238
3264 2285
3265 823
3266 999
3267 2251
3268 1948
3269 1271
3270 2542
3271 129
3272 567
3273 384
3274 3121
3275 142
3276 1186
3277 117
3278 2074
3279 2350
3280 831
3281 1679
3282 216
3283 2003
3284 1685
3285 2783
3286 2673
3287 819
3288 513
3289 727
3290 720
3291 2681
3292 2435
3293 1833
3294 269
3295 1984
3296 1282
3297 1192
3298 1419
3299 1810
3300 1960
3301 2593
3302 2785
3303 2144
3304 903
3305 2659
3306 1694
3307 2398
3308 2911
3309 2219
3310 723
3311 2408
3312 1197
3313 921
3314 479
3315 511
3316 1832
3317 1645
3318 884
3319 756
3320 2044
3321 1196
3322 1429
3323 2387
3324 2551
3325 3112
3326 3136
3327 1707
3328 2054
3329 2427
3330 547
3331 392
3332 1378
3333 1180
3334 1041
3335 1894
3336 2465
3337 2321
3338 1654
3339 1131
3340 487
3341 584
3342 1269
3343 2050
3344 3340
3345 373
3346 3131
3347 770
3348 1030
3349 1386
3350 2720
3351 1366
3352 962
3353 2730
3354 997
3355 967
3356 262
3357 1654
3358 1698
3359 2931
3360 869
3361 2032
3362 568
3363 273
3364 25
3365 207
3366 183
3367 1909
3368 1136
3369 1952
3370 1243
3371 1756
3372 2429
3373 722
3374 1979
3375 2229
3376 653
3377 1860
3378 587
3379 1998
3380 1947
3381 3369
3382 817
3383 752
3384 3163
3385 3339
3386 490
3387 2651
3388 2724
3389 1669
3390 1403
3391 2068
3392 535
3393 1224
3394 2236
3395 1251
3396 1699
3397 2123
3398 1149
3399 942
3400 3020
3401 2131
3402 3087
3403 3386
3404 1721
3405 947
3406 778
3407 2579
3408 3106
3409 548
3410 1212
3411 2159
3412 816
3413 2139
3414 222
3415 382
3416 1247
3417 1654
3418 157
3419 2280
3420 3355
3421 1531
3422 1188
3423 724
3424 1812
3425 2530
3426 1187
3427 2327
3428 2895
3429 3273
3430 1513
3431 2294
3432 497
3433 2015
3434 2280
3435 1425
3436 1720
3437 2018
3438 3426
3439 3152
3440 1403
3441 1463
3442 1259
3443 2561
3444 1849
3445 263
3446 2318
3447 953
3448 1267
3449 1188
3450 2092
3451 1156
3452 999
3453 1712
3454 752
3455 86
3456 2835
3457 1054
3458 3028
3459 913
3460 1825
3461 522
3462 3181
3463 2547
3464 3272
3465 2213
3466 1589
3467 1421
3468 1377
3469 2772
3470 1925
3471 1795
3472 3037
3473 2428
3474 1174
3475 2948
3476 988
3477 1968
3478 297
3479 1167
3480 801
3481 1732
3482 2198
3483 2441
3484 1773
3485 1510
3486 52
3487 20
3488 2406
3489 1148
3490 1177
3491 2330
3492 68
3493 2345
3494 898
3495 2123
3496 1611
3497 542
3498 1836
3499 2305
3500 446
3501 171
3502 3271
3503 3197
3504 351
3505 2628
3506 3228
3507 2812
3508 3298
3509 45
3510 2609
3511 2692
3512 3016
3513 2246
3514 409
3515 131
3516 2719
3517 2075
3518 618
3519 139
3520 2198
3521 764
3522 1241
3523 2047
3524 733
3525 179
3526 2905
3527 45
3528 2048
3529 3233
3530 1681
3531 1773
3532 1581
3533 897
3534 229
3535 2750
3536 1157
3537 3214
3538 2252
3539 2904
3540 206
3541 2783
3542 3328
3543 737
3544 1084
3545 1010
3546 2721
3547 6
3548 887
3549 3130
3550 2579
3551 2571
3552 2463
3553 2175
3554 3151
3555 1490
3556 1102
3557 1742
3558 3144
3559 2877
3560 2180
3561 2863
3562 117
3563 1614
3564 1928
3565 1797
3566 3513
3567 750
3568 2209
3569 3193
3570 3157
3571 3302
3572 2651
3573 316
3574 149
3575 1959
3576 1758
3577 3000
3578 2521
3579 2304
3580 1587
3581 1747
3582 16
3583 970
3584 837
3585 2788
3586 3233
3587 2839
3588 868
3589 2148
3590 965
3591 1896
3592 1989
3593 662
3594 62
3595 427
3596 1816
3597 1736
3598 133
3599 2554
3600 2171
3601 56
3602 1376
3603 2310
3604 674
3605 923
3606 111
3607 2133
3608 677
3609 1033
3610 548
3611 152
3612 1075
3613 2687
3614 929
3615 1658
3616 2795
3617 1068
3618 3234
3619 2535
3620 2183
3621 132
3622 1651
3623 2833
3624 3574
3625 3160
3626 3503
3627 972
3628 233
3629 1244
3630 2314
3631 3563
3632 2323
3633 712
3634 3067
3635 1327
3636 160
3637 3080
3638 2531
3639 105
3640 2112
3641 3388
3642 2134
3643 3604
3644 1786
3645 3000
3646 2484
3647 161
3648 3418
3649 3605
3650 2724
3651 2074
3652 3335
3653 278
3654 3092
3655 664
3656 2826
3657 612
3658 879
3659 3527
3660 259
3661 1051
3662 376
3663 481
3664 3228
3665 699
3666 524
3667 3472
3668 403
3669 3199
3670 3230
3671 689
3672 970
3673 3449
3674 3074
3675 2714
3676 1895
3677 740
3678 3080
3679 1259
3680 2018
3681 2113
3682 2448
3683 3473
3684 137
3685 519
3686 3436
3687 2929
3688 1847
3689 1275
3690 2426
3691 331
3692 666
3693 444
3694 1154
3695 3396
3696 433
3697 640
3698 1419
3699 3501
3700 1184
3701 2681
3702 2423
3703 2317
3704 3326
3705 2241
3706 3042
3707 3257
3708 3343
3709 547
3710 2308
3711 1777
3712 3707
3713 3279
3714 2538
3715 3577
3716 1847
3717 146
3718 408
3719 3231
3720 1364
3721 3579
3722 2259
3723 3415
3724 1472
3725 1380
3726 2393
3727 847
3728 500
3729 2183
3730 593
3731 686
3732 3201
3733 2737
3734 3142
3735 868
3736 3081
3737 1154
3738 1357
3739 1008
3740 1416
3741 2123
3742 14
3743 701
3744 1694
3745 3519
3746 3154
3747 513
3748 1366
3749 1379
3750 3280
3751 441
3752 2327
3753 374
3754 1742
3755 1699
3756 1211
3757 1129
3758 39
3759 551
3760 756
3761 352
3762 2221
3763 226
3764 1582
3765 1015
3766 2807
3767 1541
3768 3205
3769 182
3770 3339
3771 1525
3772 246
3773 1258
3774 1735
3775 2886
3776 3071
3777 530
3778 2421
3779 238
3780 146
3781 1438
3782 269
3783 3531
3784 1399
3785 3451
3786 1613
3787 979
3788 2537
3789 405
3790 295
3791 1570
3792 2359
3793 124
3794 3135
3795 1508
3796 834
3797 2264
3798 2685
3799 752
3800 2918
3801 1357
3802 3568
3803 2451
3804 3272
3805 3231
3806 225
3807 419
3808 1176
3809 1190
3810 3692
3811 2089
3812 2286
3813 1528
3814 1945
3815 1599
3816 429
3817 3555
3818 3711
3819 1048
3820 3670
3821 1783
3822 3133
3823 738
3824 3529
3825 826
3826 426
3827 3760
3828 3117
3829 710
3830 1291
3831 1143
3832 131
3833 3253
3834 3502
3835 901
3836 3352
3837 526
3838 3649
3839 2170
3840 721
3841 2526
3842 3526
3843 699
3844 3585
3845 3043
3846 3040
3847 3484
3848 338
3849 2036
3850 862
3851 1935
3852 1979
3853 2972
3854 770
3855 502
3856 2214
3857 330
3858 2897
3859 1287
3860 1313
3861 1151
3862 395
3863 505
3864 2527
3865 3432
3866 21
3867 3641
3868 400
3869 2272
3870 1153
3871 3165
3872 2095
3873 3159
3874 35
3875 3380
3876 1886
3877 946
3878 901
3879 3482
3880 1592
3881 2544
3882 470
3883 520
3884 72
3885 1126
3886 1069
3887 3427
3888 2465
3889 396
3890 2542
3891 1459
3892 2210
3893 1618
3894 493
3895 1111
3896 3007
3897 1101
3898 3129
3899 1451
3900 1391
3901 1183
3902 3642
3903 1552
3904 1401
3905 2930
3906 3366
3907 2902
3908 3578
3909 3062
3910 868
3911 1099
3912 3908
3913 2862
3914 1591
3915 2587
3916 2900
3917 1223
3918 3338
3919 443
3920 300
3921 1297
3922 859
3923 1132
3924 2849
3925 3212
3926 2874
3927 2837
3928 2458
3929 724
3930 3172
3931 937
3932 2733
3933 1085
3934 108
3935 3206
3936 752
3937 2768
3938 2249
3939 3234
3940 979
3941 2636
3942 1985
3943 3677
3944 1693
3945 3910
3946 532
3947 3127
3948 3030
3949 2970
3950 3808
3951 2342
3952 1578
3953 2808
3954 1931
3955 1699
3956 2072
3957 2316
3958 217
3959 670
3960 3900
3961 3109
3962 3723
3963 1602
3964 472
3965 1146
3966 1443
3967 2886
3968 2771
3969 1424
3970 2586
3971 1712
3972 2222
3973 3865
3974 2929
3975 638
3976 3101
3977 2729
3978 2881
3979 61
3980 1850
3981 3832
3982 1212
3983 378
3984 2104
3985 273
3986 1683
3987 971
3988 665
3989 422
3990 154
3991 3741
3992 3914
3993 2513
3994 2697
3995 2663
3996 2418
3997 2732
3998 3147
3999 1568
4000 265
4001 1586
4002 1442
4003 941
4004 916
4005 972
4006 3007
4007 1220
4008 3441
4009 3854
4010 2863
4011 3097
4012 747
4013 2775
4014 1195
4015 1499
4016 2712
4017 1180
4018 1184
4019 1332
4020 3183
4021 1934
4022 2014
4023 2677
4024 2052
4025 839
4026 126
4027 2228
4028 904
4029 41
4030 3943
4031 2783
4032 1326
4033 1335
4034 1162
4035 1464
4036 2702
4037 4002
4038 1204
4039 2422
4040 3448
4041 3061
4042 1460
4043 995
4044 819
4045 185
4046 757
4047 1121
4048 3120
4049 2010
4050 1202
4051 2760
4052 288
4053 2116
4054 1410
4055 4031
4056 960
4057 1391
4058 533
4059 3900
4060 1353
4061 2540
4062 3532
4063 2352
4064 3698
4065 3294
4066 436
4067 3485
4068 2379
4069 2245
4070 1701
4071 95
4072 3107
4073 2230
4074 3208
4075 1442
4076 2526
4077 1205
4078 762
4079 2
4080 1101
4081 2314
4082 1197
4083 2352
4084 3799
4085 3609
4086 3389
4087 4046
4088 804
4089 1946
4090 2001
4091 292
4092 1168
4093 1645
4094 710
4095 2547
4096 369
4097 359
4098 2548
4099 3394
4100 1964
4101 1379
4102 2216
4103 3575
4104 3253
4105 3242
4106 3433
4107 3269
4108 694
4109 2292
4110 1084
4111 3813
4112 3278
4113 3756
4114 2945
4115 3781
4116 1056
4117 2216
4118 2723
4119 562
4120 3465
4121 1079
4122 1249
4123 2395
4124 3626
4125 525
4126 1935
4127 3576
4128 302
4129 978
4130 3764
4131 2889
4132 838
4133 3971
4134 747
4135 864
4136 3633
4137 1552
4138 2814
4139 130
4140 1309
4141 2556
4142 2457
4143 1113
4144 3424
4145 1441
4146 4092
4147 2284
4148 3284
4149 277
4150 2056
4151 994
4152 2924
4153 2766
4154 3281
4155 2522
4156 1560
4157 1306
4158 200
4159 2388
4160 3922
4161 3360
4162 866
4163 1799
4164 3925
4165 769
4166 497
4167 1037
4168 2444
4169 328
4170 551
4171 3321
4172 2662
4173 3895
4174 1135
4175 3806
4176 2621
4177 1879
4178 4152
4179 1173
4180 2289
4181 3908
4182 3755
4183 1050
4184 204
4185 1335
4186 4021
4187 2012
4188 3508
4189 630
4190 3873
4191 1069
4192 2574
4193 3215
4194 785
4195 2417
4196 1826
4197 606
4198 3528
4199 394
4200 3007
4201 650
4202 3878
4203 889
4204 1481
4205 4108
4206 2548
4207 528
4208 3264
4209 2128
4210 4209
4211 1068
4212 3487
4213 554
4214 2387
4215 1080
4216 2976
4217 1746
4218 3878
4219 1279
4220 3700
4221 217
4222 1908
4223 1457
4224 2206
4225 1121
4226 3500
4227 1566
4228 3226
4229 3513
4230 1801
4231 38
4232 3803
4233 1335
4234 2890
4235 1167
4236 391
4237 2580
4238 3933
4239 1504
4240 1667
4241 3883
4242 3912
4243 2777
4244 3904
4245 178
4246 2046
4247 2223
4248 3829
4249 2048
4250 3444
4251 3382
4252 3900
4253 2077
4254 4216
4255 3396
4256 2386
4257 3990
4258 666
4259 3144
4260 3850
4261 3522
4262 3831
4263 3398
4264 2466
4265 46
4266 3921
4267 755
4268 3982
4269 605
4270 569
4271 2969
4272 4054
4273 2905
4274 2348
4275 2495
4276 2318
4277 2428
4278 1145
4279 626
4280 2774
4281 2576
4282 1013
4283 3455
4284 1103
4285 3956
4286 1085
4287 1794
4288 1057
4289 2028
4290 1719
4291 3277
4292 3853
4293 2761
4294 525
4295 1800
4296 2646
4297 3615
4298 2585
4299 4285
4300 3469
4301 669
4302 3798
4303 3579
4304 1409
4305 2312
4306 1620
4307 797
4308 3131
4309 37
4310 3977
4311 3307
4312 395
4313 2810
4314 4109
4315 2551
4316 2143
4317 3829
4318 3843
4319 4279
4320 26
4321 2821
4322 1934
4323 3418
4324 1470
4325 2847
4326 3106
4327 98
4328 1140
4329 3818
4330 2042
4331 3716
4332 2864
4333 3431
4334 578
4335 2581
4336 1643
4337 2586
4338 1486
4339 3737
4340 2925
4341 1075
4342 2800
4343 401
4344 1029
4345 2719
4346 2642
4347 2500
4348 2185
4349 756
4350 3723
4351 1630
4352 55
4353 2944
4354 3401
4355 2915
4356 108
4357 635
4358 2156
4359 3471
4360 3248
4361 1472
4362 1661
4363 1627
4364 1943
4365 128
4366 3332
4367 1319
4368 1840
4369 126
4370 1666
4371 2999
4372 665
4373 4036
4374 1233
4375 3650
4376 2068
4377 477
4378 3229
4379 1530
4380 3452
4381 2454
4382 3845
4383 2761
4384 2814
4385 1597
4386 3426
4387 145
4388 1438
4389 1165
4390 1256
4391 1452
4392 3293
4393 3447
4394 2966
4395 148
4396 2235
4397 3254
4398 636
4399 535
4400 3020
4401 2021
4402 3531
4403 844
4404 503
4405 3847
4406 129
4407 3644
4408 308
4409 3110
4410 2056
4411 307
4412 1415
4413 3209
4414 416
4415 55
4416 368
4417 413
4418 2816
4419 2959
4420 1872
4421 4381
4422 2809
4423 2117
4424 643
4425 1698
4426 2317
4427 3761
4428 4094
4429 4271
4430 2128
4431 64
4432 867
4433 1357
4434 2474
4435 4009
4436 4266
4437 4141
4438 3129
4439 4087
4440 967
4441 2761
4442 739
4443 381
4444 906
4445 3083
4446 1335
4447 2504
4448 3604
4449 4287
4450 3970
4451 1593
4452 4388
4453 611
4454 962
4455 3170
4456 2440
4457 1382
4458 3426
4459 4047
4460 372
4461 358
4462 512
4463 683
4464 3528
4465 2504
4466 1978
4467 556
4468 3611
4469 1593
4470 3692
4471 1777
4472 3094
4473 4111
4474 4209
4475 2520
4476 4289
4477 964
4478 1492
4479 4336
4480 4377
4481 4163
4482 1320
4483 3257
4484 3722
4485 2068
4486 3821
4487 1120
4488 2588
4489 2453
4490 4279
4491 2739
4492 1775
4493 3260
4494 407
4495 3804
4496 1423
4497 486
4498 2946
4499 1041
4500 788
4501 3443
4502 269
4503 1366
4504 173
4505 1007
4506 1745
4507 2387
4508 345
4509 4474
4510 1343
4511 1503
4512 2454
4513 3625
4514 2364
4515 2300
4516 913
4517 1795
4518 909
4519 4333
4520 1054
4521 2453
4522 3055
4523 1639
4524 3136
4525 1207
4526 2640
4527 4427
4528 4115
4529 1397
4530 3619
4531 1231
4532 1779
4533 1323
4534 1242
4535 1899
4536 4136
4537 1289
4538 3276
4539 4466
4540 1287
4541 3727
4542 3589
4543 3373
4544 4183
4545 4017
4546 4202
4547 3256
4548 4396
4549 3313
4550 1300
4551 588
4552 4140
4553 1640
4554 2958
4555 3787
4556 119
4557 1557
4558 623
4559 4533
4560 523
4561 599
4562 974
4563 3639
4564 3112
4565 3337
4566 3198
4567 2246
4568 1088
4569 2229
4570 3470
4571 3766
4572 2326
4573 3990
4574 1419
4575 2074
4576 852
4577 2940
4578 2518
4579 2551
4580 677
4581 1404
4582 47
4583 2042
4584 4379
4585 4046
4586 2774
4587 4168
4588 4114
4589 113
4590 4157
4591 2389
4592 3024
4593 1690
4594 695
4595 2285
4596 2660
4597 78
4598 710
4599 4197
4600 4585
4601 2323
4602 3370
4603 1997
4604 1253
4605 207
4606 2434
4607 883
4608 3747
4609 2089
4610 1148
4611 373
4612 2711
4613 3438
4614 1428
4615 150
4616 1760
4617 1541
4618 2962
4619 4172
4620 3427
4621 4236
4622 1461
4623 811
4624 4592
4625 913
4626 3028
4627 3008
4628 16
4629 305
4630 205
4631 2683
4632 669
4633 4132
4634 2267
4635 721
4636 4179
4637 1011
4638 1753
4639 1826
4640 38
4641 2969
4642 3577
4643 958
4644 1692
4645 1318
4646 4321
4647 2753
4648 2230
4649 2567
4650 3267
4651 4150
4652 478
4653 4276
4654 4556
4655 1739
4656 3105
4657 2489
4658 3551
4659 1378
4660 829
4661 1974
4662 880
4663 113
4664 4509
4665 3367
4666 1704
4667 3035
4668 2373
4669 16
4670 4486
4671 606
4672 3124
4673 3370
4674 2807
4675 4370
4676 1112
4677 1144
4678 4091
4679 446
4680 4611
4681 3827
4682 4138
4683 3141
4684 1830
4685 563
4686 2127
4687 3994
4688 3756
4689 2052
4690 4368
4691 3575
4692 2547
4693 4517
4694 2568
4695 2527
4696 1471
4697 1916
4698 3340
4699 2250
4700 4221
4701 4424
4702 4189
4703 2328
4704 1261
4705 1214
4706 2379
4707 2862
4708 3531
4709 3173
4710 255
4711 790
4712 1253
4713 634
4714 4645
4715 2287
4716 4605
4717 2912
4718 947
4719 1957
4720 7
4721 2977
4722 3715
4723 4400
4724 2672
4725 4095
4726 4658
4727 1102
4728 3927
4729 468
4730 1840
4731 3869
4732 1680
4733 3579
4734 2903
4735 3326
4736 3243
4737 308
4738 142
4739 3400
4740 1923
4741 3100
4742 84
4743 3777
4744 3059
4745 362
4746 3355
4747 1840
4748 159
4749 1388
4750 4415
4751 314
4752 1925
4753 3776
4754 3202
4755 2612
4756 961
4757 207
4758 4034
4759 4372
4760 3792
4761 1373
4762 2375
4763 4694
4764 2332
4765 2411
4766 672
4767 2774
4768 2481
4769 2220
4770 1617
4771 3441
4772 425
4773 2197
4774 1839
4775 153
4776 4304
4777 2605
4778 3931
4779 3733
4780 45
4781 1793
4782 1634
4783 395
4784 3771
4785 4497
4786 844
4787 810
4788 2758
4789 445
4790 165
4791 151
4792 1315
4793 841
4794 1911
4795 3577
4796 524
4797 1166
4798 974
4799 3510
4800 1158
4801 3335
4802 4458
4803 1616
4804 434
4805 2544
4806 528
4807 3977
4808 4059
4809 1578
4810 3936
4811 3947
4812 1066
4813 1989
4814 2984
4815 539
4816 626
4817 3221
4818 1792
4819 4037
4820 557
4821 4114
4822 1520
4823 1141
4824 4479
4825 2568
4826 2255
4827 1046
4828 389
4829 835
4830 2891
4831 631
4832 473
4833 4132
4834 2861
4835 3359
4836 2215
4837 4622
4838 112
4839 1406
4840 2672
4841 4714
4842 3960
4843 4040
4844 582
4845 655
4846 2543
4847 4781
4848 19
4849 171
4850 4245
4851 1920
4852 3535
4853 2400
4854 2559
4855 4672
4856 53
4857 4208
4858 3062
4859 458
4860 2417
4861 906
4862 2312
4863 1710
4864 4570
4865 1123
4866 3487
4867 4756
4868 1058
4869 358
4870 85
4871 3340
4872 1119
4873 2371
4874 4686
4875 3392
4876 1137
4877 3132
4878 3408
4879 3065
4880 2518
4881 483
4882 1514
4883 4612
4884 270
4885 1429
4886 2486
4887 1848
4888 3260
4889 1611
4890 3914
4891 4236
4892 3602
4893 2480
4894 3580
4895 2285
4896 894
4897 1988
4898 2277
4899 1546
4900 1320
4901 372
4902 1477
4903 1099
4904 1661
4905 2759
4906 3713
4907 4885
4908 4190
4909 4742
4910 3273
4911 4459
4912 72
4913 781
4914 1473
4915 2735
4916 2206
4917 4860
4918 4907
4919 416
4920 3921
4921 2528
4922 3933
4923 2660
4924 2341
4925 1999
4926 1997
4927 4151
4928 3542
4929 2439
4930 1252
4931 2917
4932 364
4933 2952
4934 327
4935 2666
4936 352
4937 3437
4938 4820
4939 2439
4940 4029
4941 131
4942 4409
4943 4166
4944 3272
4945 298
4946 3950
4947 3324
4948 1163
4949 4166
4950 2902
4951 1462
4952 3584
4953 1695
4954 3990
4955 847
4956 1252
4957 2293
4958 1386
4959 9
4960 4489
4961 3437
4962 112
4963 1333
4964 1618
4965 542
4966 1141
4967 731
4968 3394
4969 1269
4970 1463
4971 3484
4972 4468
4973 694
4974 1563
4975 31
4976 4617
4977 329
4978 2946
4979 2749
4980 128
4981 4614
4982 4151
4983 152
4984 2820
4985 2256
4986 3393
4987 878
4988 3646
4989 3846
4990 4779
4991 3573
4992 1873
4993 1333
4994 1955
4995 4198
4996 3237
4997 1171
4998 1874
4999 237
5000 298
5001 424
5002 4650
5003 2228
5004 645
5005 2020
5006 2046
5007 3346
5008 3098
5009 3306
5010 4100
5011 1732
5012 4428
5013 2524
5014 965
5015 1707
5016 2643
5017 1420
5018 2363
5019 801
5020 4665
5021 5020
5022 443
5023 2497
5024 3179
5025 3167
5026 4319
5027 3164
5028 2367
5029 1110
5030 4354
5031 2449
5032 2576
5033 221
5034 719
5035 1946
5036 4470
5037 767
5038 1953
5039 2033
5040 243
5041 3581
5042 3301
5043 2216
5044 2028
5045 1300
5046 2365
5047 1358
5048 2759
5049 2986
5050 899
5051 3488
5052 1442
5053 617
5054 4672
5055 1551
5056 2383
5057 2796
5058 1330
5059 2121
5060 4628
5061 2412
5062 530
5063 2805
5064 2970
5065 1236
5066 3743
5067 853
5068 2418
5069 4225
5070 2538
5071 887
5072 3973
5073 259
5074 1739
5075 1002
5076 4170
5077 2430
5078 4050
5079 4321
5080 3731
5081 1154
5082 4870
5083 3223
5084 148
5085 596
5086 2195
5087 672
5088 2303
5089 795
5090 3377
5091 4862
5092 1085
5093 1459
5094 987
5095 871
5096 3649
5097 4501
5098 3066
5099 4869
5100 3741
5101 1453
5102 1890
5103 771
5104 990
5105 971
5106 1343
5107 2912
5108 3116
5109 3959
5110 2902
5111 2139
5112 3038
5113 3677
5114 2026
5115 459
5116 1179
5117 3441
5118 715
5119 4295
5120 626
5121 1324
5122 1905
5123 811
5124 3878
5125 2217
5126 3849
5127 2612
5128 2476
5129 81
5130 525
5131 3668
5132 939
5133 532
5134 4892
5135 4983
5136 823
5137 4277
5138 1141
5139 3408
5140 3808
5141 4542
5142 4704
5143 1028
5144 1443
5145 3866
5146 4461
5147 1243
5148 2016
5149 2393
5150 1216
5151 1547
5152 256
5153 1023
5154 615
5155 3499
5156 3078
5157 4613
5158 3876
5159 5049
5160 1202
5161 2319
5162 783
5163 653
5164 3016
5165 1532
5166 4770
5167 1843
5168 4868
5169 2450
5170 856
5171 4251
5172 3723
5173 3671
5174 1586
5175 3818
5176 5105
5177 4305
5178 2018
5179 4881
5180 1593
5181 2950
5182 589
5183 3182
5184 3016
5185 2421
5186 2338
5187 541
5188 578
5189 435
5190 3020
5191 3340
5192 4232
5193 1551
5194 3486
5195 921
5196 2923
5197 3715
5198 4125
5199 1296
5200 1024
5201 1536
5202 3640
5203 1882
5204 794
5205 1034
5206 5018
5207 965
5208 3201
5209 1754
5210 7
5211 2520
5212 2687
5213 3606
5214 3744
5215 4274
5216 2745
5217 300
5218 1757
5219 419
5220 880
5221 3932
5222 3833
5223 3071
5224 3292
5225 2265
5226 3760
5227 3398
5228 409
5229 2564
5230 5015
5231 3251
5232 4099
5233 3937
5234 61
5235 1281
5236 1784
5237 2548
5238 1621
5239 1577
5240 3696
5241 1485
5242 2466
5243 4948
5244 5016
5245 3233
5246 1438
5247 2848
5248 1598
5249 4294
5250 2648
5251 5087
5252 2685
5253 5007
5254 2312
5255 1431
5256 2460
5257 2694
5258 1118
5259 1148
5260 4687
5261 184
5262 2255
5263 206
5264 1891
5265 4052
5266 5054
5267 1291
5268 5066
5269 3856
5270 3747
5271 4222
5272 154
5273 2027
5274 2014
5275 2463
5276 817
5277 3005
5278 2581
5279 868
5280 3212
5281 5219
5282 546
5283 5258
5284 1644
5285 56
5286 2312
5287 2964
5288 2977
5289 5229
5290 2405
5291 2238
5292 1318
5293 3909
5294 426
5295 2448
5296 877
5297 3754
5298 2088
5299 4930
5300 3444
5301 566
5302 1687
5303 2453
5304 4185
5305 1747
5306 4035
5307 3107
5308 1059
5309 2312
5310 997
5311 4653
5312 618
5313 3617
5314 4342
5315 5278
5316 3614
5317 2791
5318 5224
5319 3016
5320 4675
5321 78
5322 4579
5323 757
5324 3954
5325 2937
5326 5045
5327 5029
5328 4970
5329 4081
5330 4048
5331 368
5332 4592
5333 735
5334 2105
5335 1486
5336 846
5337 3429
5338 2441
5339 984
5340 2896
5341 1557
5342 1726
5343 1491
5344 1436
5345 1218
5346 3822
5347 40
5348 2046
5349 2981
5350 2276
5351 4147
5352 4532
5353 3601
5354 4357
5355 1421
5356 4613
5357 3691
5358 3026
5359 4747
5360 4325
5361 2587
5362 145
5363 362
5364 796
5365 4449
5366 4196
5367 2611
5368 5070
5369 1786
5370 3958
5371 3940
5372 3599
5373 3640
5374 1565
5375 1232
5376 4716
5377 5253
5378 1260
5379 2491
5380 702
5381 921
5382 997
5383 4089
5384 2117
5385 1735
5386 3113
5387 3082
5388 2781
5389 5088
5390 1226
5391 1047
5392 2499
5393 55
5394 642
5395 1989
5396 2591
5397 5014
5398 2412
5399 1529
5400 2698
5401 2040
5402 159
5403 3216
5404 456
5405 4074
5406 1151
5407 4636
5408 4852
5409 42
5410 5073
5411 302
5412 2768
5413 11
5414 1644
5415 826
5416 1209
5417 3903
5418 4141
5419 5209
5420 4346
5421 4714
5422 4009
5423 4284
5424 1406
5425 3878
5426 4226
5427 793
5428 2381
5429 3877
5430 431
5431 5049
5432 2389
5433 1625
5434 4008
5435 3652
5436 3749
5437 4029
5438 256
5439 3061
5440 5366
5441 4850
5442 1545
5443 766
5444 2418
5445 2559
5446 977
5447 1885
5448 682
5449 3729
5450 2362
5451 2563
5452 600
5453 131
5454 195
5455 748
5456 4637
5457 5318
5458 2708
5459 1288
5460 4284
5461 59
5462 1147
5463 3151
5464 1957
5465 2613
5466 3650
5467 929
5468 5293
5469 5071
5470 3892
5471 3749
5472 2902
5473 2300
5474 5027
5475 1246
5476 178
5477 5141
5478 5442
5479 3171
5480 2626
5481 4973
5482 3733
5483 3114
5484 3031
5485 1814
5486 5236
5487 3257
5488 132
5489 2441
5490 1753
5491 3956
5492 37
5493 11
5494 1711
5495 654
5496 2433
5497 1634
5498 4511
5499 5439
5500 935
5501 1072
5502 768
5503 1799
5504 321
5505 5224
5506 5322
5507 839
5508 1295
5509 2714
5510 2722
5511 2240
5512 848
5513 4316
5514 477
5515 3920
5516 120
5517 680
5518 2807
5519 2390
5520 3323
5521 3743
5522 212
5523 1873
5524 4986
5525 4489
5526 5322
5527 4916
5528 4787
5529 122
5530 1647
5531 1458
5532 4404
5533 4070
5534 53
5535 3785
5536 1351
5537 822
5538 1131
5539 5129
5540 1036
5541 2713
5542 2292
5543 322
5544 1710
5545 788
5546 3615
5547 3362
5548 4045
5549 1331
5550 1514
5551 2944
5552 1027
5553 4662
5554 641
5555 2417
5556 2745
5557 2925
5558 4768
5559 1857
5560 2892
5561 2316
5562 659
5563 1852
5564 3931
5565 2363
5566 1180
5567 3394
5568 5030
5569 1447
5570 4307
5571 682
5572 1610
5573 2459
5574 5395
5575 1554
5576 3270
5577 2535
5578 1214
5579 5555
5580 3410
5581 5125
5582 2941
5583 209
5584 1535
5585 1696
5586 3788
5587 5221
5588 5488
5589 1955
5590 1331
5591 1188
5592 5291
5593 3712
5594 771
5595 4543
5596 3391
5597 1022
5598 297
5599 3149
5600 3965
5601 3097
5602 3158
5603 3163
5604 4199
5605 2714
5606 4756
5607 3732
5608 1689
5609 3637
5610 813
5611 4361
5612 4439
5613 1589
5614 536
5615 4555
5616 1612
5617 4284
5618 1071
5619 5577
5620 1611
5621 2692
5622 4191
5623 1666
5624 4494
5625 5110
5626 5179
5627 4133
5628 3219
5629 5563
5630 796
5631 1664
5632 3132
5633 4718
5634 4093
5635 2032
5636 5141
5637 2592
5638 809
5639 961
5640 4182
5641 580
5642 3805
5643 376
5644 1008
5645 3028
5646 900
5647 5537
5648 434
5649 3386
5650 1679
5651 2177
5652 2593
5653 3687
5654 2449
5655 2304
5656 3451
5657 4735
5658 235
5659 1981
5660 200
5661 4799
5662 4717
5663 2867
5664 5153
5665 1670
5666 521
5667 1900
5668 167
5669 1640
5670 336
5671 1306
5672 3889
5673 5126
5674 1645
5675 5007
5676 1666
5677 2656
5678 1770
5679 2240
5680 5382
5681 186
5682 2470
5683 202
5684 5318
5685 4672
5686 266
5687 2358
5688 4008
5689 2290
5690 4028
5691 703
5692 5365
5693 5380
5694 2343
5695 2274
5696 4968
5697 3263
5698 2920
5699 2558
5700 4214
5701 3842
5702 1507
5703 4047
5704 3865
5705 1554
5706 4610
5707 724
5708 4054
5709 3547
5710 2075
5711 1788
5712 3835
5713 669
5714 3327
5715 5055
5716 2091
5717 3567
5718 2288
5719 4424
5720 410
5721 3455
5722 2834
5723 2816
5724 832
5725 4384
5726 4997
5727 4444
5728 4398
5729 1051
5730 465
5731 334
5732 3061
5733 4251
5734 1195
5735 3688
5736 854
5737 2945
5738 2537
5739 1330
5740 490
5741 16
5742 560
5743 347
5744 2089
5745 2130
5746 3218
5747 986
5748 1613
5749 389
5750 4226
5751 48
5752 3882
5753 655
5754 825
5755 2142
5756 5175
5757 4823
5758 3586
5759 258
5760 1286
5761 537
5762 141
5763 4450
5764 503
5765 3502
5766 2676
5767 2962
5768 5662
5769 3913
5770 1653
5771 2394
5772 3260
5773 4192
5774 4781
5775 5074
5776 9
5777 4121
5778 917
5779 321
5780 4847
5781 2977
5782 5688
5783 3703
5784 5581
5785 5640
5786 4367
5787 1251
5788 1104
5789 1971
5790 818
5791 1538
5792 1709
5793 1145
5794 4483
5795 1902
5796 3876
5797 5559
5798 1711
5799 4362
5800 4693
5801 124
5802 4735
5803 316
5804 1223
5805 5421
5806 4172
5807 4116
5808 685
5809 3506
5810 5157
5811 199
5812 3412
5813 2843
5814 2699
5815 4082
5816 145
5817 1716
5818 390
5819 3036
5820 387
5821 666
5822 157
5823 2885
5824 4978
5825 1852
5826 5469
5827 4041
5828 5206
5829 3670
5830 5080
5831 4864
5832 680
5833 2993
5834 4915
5835 1538
5836 1150
5837 3301
5838 1158
5839 5315
5840 4232
5841 1342
5842 3550
5843 4329
5844 1944
5845 5200
5846 2734
5847 647
5848 678
5849 3363
5850 3423
5851 4192
5852 3131
5853 287
5854 852
5855 958
5856 1702
5857 545
5858 1698
5859 1240
5860 4786
5861 4736
5862 189
5863 512
5864 2933
5865 4073
5866 284
5867 2425
5868 5099
5869 3775
5870 801
5871 339
5872 1931
5873 5324
5874 5226
5875 4461
5876 1922
5877 2866
5878 2406
5879 3605
5880 4698
5881 1827
5882 798
5883 5558
5884 2240
5885 254
5886 4867
5887 5559
5888 3562
5889 5864
5890 2123
5891 496
5892 959
5893 1136
5894 1196
5895 1801
5896 821
5897 4810
5898 2785
5899 920
5900 2491
5901 4132
5902 3114
5903 5540
5904 1547
5905 5772
5906 1564
5907 338
5908 5600
5909 907
5910 1550
5911 4354
5912 3985
5913 5350
5914 2967
5915 5554
5916 4025
5917 1860
5918 4248
5919 3572
5920 2554
5921 3729
5922 339
5923 815
5924 3284
5925 5550
5926 1606
5927 2745
5928 4718
5929 446
5930 1589
5931 1899
5932 3963
5933 3966
5934 1504
5935 5480
5936 1210
5937 2766
5938 2538
5939 2402
5940 88
5941 5170
5942 296
5943 2928
5944 1377
5945 3035
5946 1752
5947 2272
5948 1780
5949 3567
5950 2808
5951 1527
5952 1323
5953 3420
5954 2269
5955 2733
5956 4973
5957 3782
5958 5926
5959 5199
5960 1733
5961 412
5962 4800
5963 750
5964 1049
5965 1107
5966 2067
5967 1205
5968 3342
5969 2467
5970 2522
5971 3443
5972 4204
5973 940
5974 2532
5975 3504
5976 200
5977 4338
5978 278
5979 3760
5980 533
5981 3721
5982 3357
5983 229
5984 1332
5985 3626
5986 926
5987 4505
5988 1160
5989 593
5990 4776
5991 1374
5992 987
5993 1180
5994 5974
5995 1218
5996 2297
5997 4338
5998 425
5999 3505
6000 3177
6001 5226
6002 3287
6003 1446
6004 4487
6005 5376
6006 3651
6007 663
6008 1442
6009 947
6010 4833
6011 4241
6012 201
6013 1650
6014 4409
6015 4755
6016 382
6017 90
6018 3460
6019 4511
6020 847
6021 3281
6022 3067
6023 2237
6024 1925
6025 5039
6026 4517
6027 1214
6028 1190
6029 1600
6030 760
6031 5129
6032 1934
6033 4531
6034 3901
6035 3398
6036 932
6037 5774
6038 2097
6039 392
6040 4898
6041 4983
6042 3380
6043 4860
6044 718
6045 3796
6046 1461
6047 5341
6048 339
6049 5068
6050 1157
6051 96
6052 2679
6053 1524
6054 2069
6055 4919
6056 4073
6057 3764
6058 5563
6059 1082
6060 5737
6061 5723
6062 3899
6063 286
6064 6060
6065 590
6066 202
6067 5913
6068 4074
6069 3514
6070 1074
6071 4797
6072 6023
6073 3469
6074 4856
6075 1415
6076 4006
6077 2621
6078 5740
6079 3542
6080 1137
6081 5025
6082 2027
6083 2007
6084 2086
6085 2314
6086 4675
6087 3919
6088 1005
6089 1139
6090 4873
6091 1096
6092 3778
6093 1049
6094 1829
6095 1628
6096 396
6097 300
6098 5214
6099 2931
6100 516
6101 228
6102 2078
6103 2458
6104 5154
6105 1917
6106 1667
6107 2997
6108 3417
6109 1236
6110 2513
6111 5981
6112 1835
6113 504
6114 5367
6115 5074
6116 2090
6117 4161
6118 4291
6119 4334
6120 1318
6121 4788
6122 4116
6123 1011
6124 117
6125 5877
6126 2686
6127 4325
6128 3332
6129 2252
6130 2420
6131 4090
6132 938
6133 441
6134 997
6135 3675
6136 5264
6137 776
6138 3841
6139 2243
6140 3444
6141 3337
6142 3861
6143 188
6144 2200
6145 4593
6146 4123
6147 3453
6148 961
6149 5035
6150 5309
6151 4464
6152 5785
6153 4232
6154 2211
6155 1620
6156 2224
6157 2312
6158 3771
6159 880
6160 6082
6161 3822
6162 2266
6163 1012
6164 4174
6165 3364
6166 4776
6167 3935
6168 1827
6169 4765
6170 5610
6171 1401
6172 4789
6173 5293
6174 5010
6175 357
6176 4317
6177 2316
6178 2573
6179 3157
6180 860
6181 1455
6182 4578
6183 613
6184 4972
6185 2238
6186 3819
6187 1805
6188 4716
6189 5504
6190 4391
6191 6014
6192 247
6193 1283
6194 4164
6195 5883
6196 3912
6197 249
6198 5513
6199 5181
6200 3385
6201 36
6202 4189
6203 5591
6204 5262
6205 3750
6206 5393
6207 1163
6208 4307
6209 3210
6210 1913
6211 916
6212 4441
6213 1905
6214 5236
6215 3898
6216 318
6217 942
6218 1932
6219 3594
6220 6207
6221 5391
6222 4660
6223 4953
6224 611
6225 1913
6226 2068
6227 4546
6228 1445
6229 3800
6230 2615
6231 4971
6232 4911
6233 2597
6234 4841
6235 5173
6236 1038
6237 1494
6238 982
6239 530
6240 2845
6241 4457
6242 5958
6243 5508
6244 2235
6245 62
6246 3282
6247 3374
6248 3477
6249 3720
6250 2139
6251 4548
6252 3619
6253 4340
6254 3458
6255 5932
6256 5351
6257 1090
6258 2862
6259 4459
6260 3259
6261 3678
6262 1530
6263 4264
6264 1881
6265 184
6266 1411
6267 922
6268 169
6269 1109
6270 2996
6271 3952
6272 3895
6273 4139
6274 862
6275 1353
6276 3506
6277 4849
6278 3054
6279 2809
6280 3547
6281 5877
6282 3430
6283 4506
6284 619
6285 6220
6286 4925
6287 9
6288 3103
6289 6093
6290 1889
6291 2820
6292 1839
6293 5042
6294 6227
6295 3202
6296 2348
6297 4574
6298 3053
6299 3701
6300 3911
6301 3437
6302 5556
6303 3079
6304 5455
6305 4048
6306 4827
6307 5507
6308 1103
6309 846
6310 17
6311 4171
6312 2384
6313 2252
6314 5397
6315 4822
6316 4778
6317 3069
6318 5655
6319 5504
6320 4194
6321 3675
6322 4000
6323 868
6324 2953
6325 5048
6326 469
6327 3109
6328 3219
6329 4054
6330 5890
6331 2282
6332 4568
6333 5604
6334 5960
6335 1061
6336 2299
6337 1110
6338 4435
6339 3894
6340 667
6341 5069
6342 5806
6343 5429
6344 1530
6345 1813
6346 3981
6347 1282
6348 2595
6349 1461
6350 4792
6351 6146
6352 3349
6353 1882
6354 4816
6355 3248
6356 5508
6357 2245
6358 4353
6359 6080
6360 6078
6361 1368
6362 2485
6363 3876
6364 1681
6365 2473
6366 5806
6367 3056
6368 2485
6369 2783
6370 3200
6371 3627
6372 2119
6373 931
6374 26
6375 5243
6376 2156
6377 928
6378 4127
6379 3989
6380 4901
6381 5247
6382 739
6383 3822
6384 2905
6385 5436
6386 246
6387 3124
6388 5751
6389 3807
6390 1025
6391 766
6392 5179
6393 6261
6394 3241
6395 617
6396 5393
6397 1872
6398 741
6399 1993
6400 2803
6401 6282
6402 1560
6403 2930
6404 1301
6405 5215
6406 2064
6407 4652
6408 6033
6409 3102
6410 1127
6411 4908
6412 539
6413 3460
6414 3216
6415 2646
6416 1233
6417 4768
6418 2507
6419 2936
6420 4838
6421 4104
6422 1840
6423 288
6424 5211
6425 1499
6426 2417
6427 2119
6428 1515
6429 6282
6430 4656
6431 3366
6432 1103
6433 4215
6434 3480
6435 5052
6436 1914
6437 3057
6438 3876
6439 69
6440 358
6441 2166
6442 3295
6443 4633
6444 1695
6445 5906
6446 149
6447 592
6448 1917
6449 1399
6450 6132
6451 5401
6452 2978
6453 1364
6454 155
6455 3639
6456 6271
6457 3500
6458 5715
6459 5164
6460 6189
6461 1333
6462 6087
6463 6210
6464 1209
6465 5895
6466 2818
6467 2476
6468 5736
6469 6077
6470 3816
6471 3084
6472 6320
6473 5880
6474 1613
6475 5252
6476 4371
6477 4959
6478 5354
6479 1937
6480 5076
6481 3728
6482 1280
6483 766
6484 2184
6485 825
6486 4608
6487 2160
6488 3668
6489 6488
6490 6489
6491 6490
6492 6491
6493 6492
6494 6493
6495 6494
6496 6495
6497 6496
6498 6497
6499 6498
6500 6499
6501 6500
6502 6501
6503 6502
6504 6503
6505 6504
6506 6505
6507 6506
6508 6507
6509 6508
6510 6509
6511 6510
6512 6511
6513 6512
6514 6513
6515 6514
6516 6515
6517 6516
6518 6517
6519 6518
6520 6519
6521 6520
6522 6521
6523 6522
6524 6523
6525 6524
6526 6525
6527 6526
6528 6527
6529 6528
6530 6529
6531 6530
6532 6531
6533 6532
6534 6533
6535 6534
6536 6535
6537 6536
6538 6537
6539 6538
6540 6539
6541 6540
6542 6541
6543 6542
6544 6543
6545 6544
6546 6545
6547 6546
6548 6547
6549 6548
6550 6549
6551 6550
6552 6551
6553 6552
6554 6553
6555 6554
6556 6555
6557 6556
6558 6557
6559 6558
6560 6559
6561 6560
6562 6561
6563 6562
6564 6563
6565 6564
6566 6565
6567 6566
6568 6567
6569 6568
6570 6569
6571 6570
6572 6571
6573 6572
6574 6573
6575 6574
6576 6575
6577 6576
6578 6577
6579 6578
6580 6579
6581 6580
6582 6581
6583 6582
6584 6583
6585 6584
6586 6585
6587 6586
6588 6587
6589 6588
6590 6589
6591 6590
6592 6591
6593 6592
6594 6593
6595 6594
6596 6595
6597 6596
6598 6597
6599 6598
6600 6599
6601 6600
6602 6601
6603 6602
6604 6603
6605 6604
6606 6605
6607 6606
6608 6607
6609 6608
6610 6609
6611 6610
6612 6611
6613 6612
6614 6613
6615 6614
6616 6615
6617 6616
6618 6617
6619 6618
6620 6619
6621 6620
6622 6621
6623 6622
6624 6623
6625 6624
6626 6625
6627 6626
6628 6627
6629 6628
6630 6629
6631 6630
6632 6631
6633 6632
6634 6633
6635 6634
6636 6635
6637 6636
6638 6637
6639 6638
6640 6639
6641 6640
6642 6641
6643 6642
6644 6643
6645 6644
6646 6645
6647 6646
6648 6647
6649 6648
6650 6649
6651 6650
6652 6651
6653 6652
6654 6653
6655 6654
6656 6655
6657 6656
6658 6657
6659 6658
6660 6659
6661 6660
6662 6661
6663 6662
6664 6663
6665 6664
6666 6665
6667 6666
6668 6667
6669 6668
6670 6669
6671 6670
6672 6671
6673 6672
6674 6673
6675 6674
6676 6675
6677 6676
6678 6677
6679 6678
6680 6679
6681 6680
6682 6681
6683 6682
6684 6683
6685 6684
6686 6685
6687 6686
6688 6687
6689 6688
6690 6689
6691 6690
6692 6691
6693 6692
6694 6693
6695 6694
6696 6695
6697 6696
6698 6697
6699 6698
6700 6699
6701 6700
6702 6701
6703 6702
6704 6703
6705 6704
6706 6705
6707 6706
6708 6707
6709 6708
6710 6709
6711 6710
6712 6711
6713 6712
6714 6713
6715 6714
6716 6715
6717 6716
6718 6717
6719 6718
6720 6719
6721 6720
6722 6721
6723 6722
6724 6723
6725 6724
6726 6725
6727 6726
6728 6727
6729 6728
6730 6729
6731 6730
6732 6731
6733 6732
6734 6733
6735 6734
6736 6735
6737 6736
6738 6737
6739 6738
6740 6739
6741 6740
6742 6741
6743 6742
6744 6743
6745 6744
6746 6745
6747 6746
6748 6747
6749 6748
6750 6749
6751 6750
6752 6751
6753 6752
6754 6753
6755 6754
6756 6755
6757 6756
6758 6757
6759 6758
6760 6759
6761 6760
6762 6761
6763 6762
6764 6763
6765 6764
6766 6765
6767 6766
6768 6767
6769 6768
6770 6769
6771 6770
6772 6771
6773 6772
6774 6773
6775 6774
6776 6775
6777 6776
6778 6777
6779 6778
6780 6779
6781 6780
6782 6781
6783 6782
6784 6783
6785 6784
6786 6785
6787 6786
6788 6787
6789 6788
6790 6789
6791 6790
6792 6791
6793 6792
6794 6793
6795 6794
6796 6795
6797 6796
6798 6797
6799 6798
6800 6799
6801 6800
6802 6801
6803 6802
6804 6803
6805 6804
6806 6805
6807 6806
6808 6807
6809 6808
6810 6809
6811 6810
6812 6811
6813 6812
6814 6813
6815 6814
6816 6815
6817 6816
6818 6817
6819 6818
6820 6819
6821 6820
6822 6821
6823 6822
6824 6823
6825 6824
6826 6825
6827 6826
6828 6827
6829 6828
6830 6829
6831 6830
6832 6831
6833 6832
6834 6833
6835 6834
6836 6835
6837 6836
6838 6837
6839 6838
6840 6839
6841 6840
6842 6841
6843 6842
6844 6843
6845 6844
6846 6845
6847 6846
6848 6847
6849 6848
6850 6849
6851 6850
6852 6851
6853 6852
6854 6853
6855 6854
6856 6855
6857 6856
6858 6857
6859 6858
6860 6859
6861 6860
6862 6861
6863 6862
6864 6863
6865 6864
6866 6865
6867 6866
6868 6867
6869 6868
6870 6869
6871 6870
6872 6871
6873 6872
6874 6873
6875 6874
6876 6875
6877 6876
6878 6877
6879 6878
6880 6879
6881 6880
6882 6881
6883 6882
6884 6883
6885 6884
6886 6885
6887 6886
6888 6887
6889 6888
6890 6889
6891 6890
6892 6891
6893 6892
6894 6893
6895 6894
6896 6895
6897 6896
6898 6897
6899 6898
6900 6899
6901 6900
6902 6901
6903 6902
6904 6903
6905 6904
6906 6905
6907 6906
6908 6907
6909 6908
6910 6909
6911 6910
6912 6911
6913 6912
6914 6913
6915 6914
6916 6915
6917 6916
6918 6917
6919 6918
6920 6919
6921 6920
6922 6921
6923 6922
6924 6923
6925 6924
6926 6925
6927 6926
6928 6927
6929 6928
6930 6929
6931 6930
6932 6931
6933 6932
6934 6933
6935 6934
6936 6935
6937 6936
6938 6937
6939 6938
6940 6939
6941 6940
6942 6941
6943 6942
6944 6943
6945 6944
6946 6945
6947 6946
6948 6947
6949 6948
6950 6949
6951 6950
6952 6951
6953 6952
6954 6953
6955 6954
6956 6955
6957 6956
6958 6957
6959 6958
6960 6959
6961 6960
6962 6961
6963 6962
6964 6963
6965 6964
6966 6965
6967 6966
6968 6967
6969 6968
6970 6969
6971 6970
6972 6971
6973 6972
6974 6973
6975 6974
6976 6975
6977 6976
6978 6977
6979 6978
6980 6979
6981 6980
6982 6981
6983 6982
6984 6983
6985 6984
6986 6985
6987 6986
6988 6987
6989 6988
6990 6989
6991 6990
6992 6991
6993 6992
6994 6993
6995 6994
6996 6995
6997 6996
6998 6997
6999 6998
7000 6999
7001 7000
7002 7001
7003 7002
7004 7003
7005 7004
7006 7005
7007 7006
7008 7007
7009 7008
7010 7009
7011 7010
7012 7011
7013 7012
7014 7013
7015 7014
7016 7015
7017 7016
7018 7017
7019 7018
7020 7019
7021 7020
7022 7021
7023 7022
7024 7023
7025 7024
7026 7025
7027 7026
7028 7027
7029 7028
7030 7029
7031 7030
7032 7031
7033 7032
7034 7033
7035 7034
7036 7035
7037 7036
7038 7037
7039 7038
7040 7039
7041 7040
7042 7041
7043 7042
7044 7043
7045 7044
7046 7045
7047 7046
7048 7047
7049 7048
7050 7049
7051 7050
7052 7051
7053 7052
7054 7053
7055 7054
7056 7055
7057 7056
7058 7057
7059 7058
7060 7059
7061 7060
7062 7061
7063 7062
7064 7063
7065 7064
7066 7065
7067 7066
7068 7067
7069 7068
7070 7069
7071 7070
7072 7071
7073 7072
7074 7073
7075 7074
7076 7075
7077 7076
7078 7077
7079 7078
7080 7079
7081 7080
7082 7081
7083 7082
7084 7083
7085 7084
7086 7085
7087 7086
7088 7087
7089 7088
7090 7089
7091 7090
7092 7091
7093 7092
7094 7093
7095 7094
7096 7095
7097 7096
7098 7097
7099 7098
7100 7099
7101 7100
7102 7101
7103 7102
7104 7103
7105 7104
7106 7105
7107 7106
7108 7107
7109 7108
7110 7109
7111 7110
7112 7111
7113 7112
7114 7113
7115 7114
7116 7115
7117 7116
7118 7117
7119 7118
7120 7119
7121 7120
7122 7121
7123 7122
7124 7123
7125 7124
7126 7125
7127 7126
7128 7127
7129 7128
7130 7129
7131 7130
7132 7131
7133 7132
7134 7133
7135 7134
7136 7135
7137 7136
7138 7137
7139 7138
7140 7139
7141 7140
7142 7141
7143 7142
7144 7143
7145 7144
7146 7145
7147 7146
7148 7147
7149 7148
7150 7149
7151 7150
7152 7151
7153 7152
7154 7153
7155 7154
7156 7155
7157 7156
7158 7157
7159 7158
7160 7159
7161 7160
7162 7161
7163 7162
7164 7163
7165 7164
7166 7165
7167 7166
7168 7167
7169 7168
7170 7169
7171 7170
7172 7171
7173 7172
7174 7173
7175 7174
7176 7175
7177 7176
7178 7177
7179 7178
7180 7179
7181 7180
7182 7181
7183 7182
7184 7183
7185 7184
7186 7185
7187 7186
7188 7187
7189 7188
7190 7189
7191 7190
7192 7191
7193 7192
7194 7193
7195 7194
7196 7195
7197 7196
7198 7197
7199 7198
7200 7199
7201 7200
7202 7201
7203 7202
7204 7203
7205 7204
7206 7205
7207 7206
7208 7207
7209 7208
7210 7209
7211 7210
7212 7211
7213 7212
7214 7213
7215 7214
7216 7215
7217 7216
7218 7217
7219 7218
7220 7219
7221 7220
7222 7221
7223 7222
7224 7223
7225 7224
7226 7225
7227 7226
7228 7227
7229 7228
7230 7229
7231 7230
7232 7231
7233 7232
7234 7233
7235 7234
7236 7235
7237 7236
7238 7237
7239 7238
7240 7239
7241 7240
7242 7241
7243 7242
7244 7243
7245 7244
7246 7245
7247 7246
7248 7247
7249 7248
7250 7249
7251 7250
7252 7251
7253 7252
7254 7253
7255 7254
7256 7255
7257 7256
7258 7257
7259 7258
7260 7259
7261 7260
7262 7261
7263 7262
7264 7263
7265 7264
7266 7265
7267 7266
7268 7267
7269 7268
7270 7269
7271 7270
7272 7271
7273 7272
7274 7273
7275 7274
7276 7275
7277 7276
7278 7277
7279 7278
7280 7279
7281 7280
7282 7281
7283 7282
7284 7283
7285 7284
7286 7285
7287 7286
7288 7287
7289 7288
7290 7289
7291 7290
7292 7291
7293 7292
7294 7293
7295 7294
7296 7295
7297 7296
7298 7297
7299 7298
7300 7299
7301 7300
7302 7301
7303 7302
7304 7303
7305 7304
7306 7305
7307 7306
7308 7307
7309 7308
7310 7309
7311 7310
7312 7311
7313 7312
7314 7313
7315 7314
7316 7315
7317 7316
7318 7317
7319 7318
7320 7319
7321 7320
7322 7321
7323 7322
7324 7323
7325 7324
7326 7325
7327 7326
7328 7327
7329 7328
7330 7329
7331 7330
7332 7331
7333 7332
7334 7333
7335 7334
7336 7335
7337 7336
7338 7337
7339 7338
7340 7339
7341 7340
7342 7341
7343 7342
7344 7343
7345 7344
7346 7345
7347 7346
7348 7347
7349 7348
7350 7349
7351 7350
7352 7351
7353 7352
7354 7353
7355 7354
7356 7355
7357 7356
7358 7357
7359 7358
7360 7359
7361 7360
7362 7361
7363 7362
7364 7363
7365 7364
7366 7365
7367 7366
7368 7367
7369 7368
7370 7369
7371 7370
7372 7371
7373 7372
7374 7373
7375 7374
7376 7375
7377 7376
7378 7377
7379 7378
7380 7379
7381 7380
7382 7381
7383 7382
7384 7383
7385 7384
7386 7385
7387 7386
7388 7387
7389 7388
7390 7389
7391 7390
7392 7391
7393 7392
7394 7393
7395 7394
7396 7395
7397 7396
7398 7397
7399 7398
7400 7399
7401 7400
7402 7401
7403 7402
7404 7403
7405 7404
7406 7405
7407 7406
7408 7407
7409 7408
7410 7409
7411 7410
7412 7411
7413 7412
7414 7413
7415 7414
7416 7415
7417 7416
7418 7417
7419 7418
7420 7419
7421 7420
7422 7421
7423 7422
7424 7423
7425 7424
7426 7425
7427 7426
7428 7427
7429 7428
7430 7429
7431 7430
7432 7431
7433 7432
7434 7433
7435 7434
7436 7435
7437 7436
7438 7437
7439 7438
7440 7439
7441 7440
7442 7441
7443 7442
7444 7443
7445 7444
7446 7445
7447 7446
7448 7447
7449 7448
7450 7449
7451 7450
7452 7451
7453 7452
7454 7453
7455 7454
7456 7455
7457 7456
7458 7457
7459 7458
7460 7459
7461 7460
7462 7461
7463 7462
7464 7463
7465 7464
7466 7465
7467 7466
7468 7467
7469 7468
7470 7469
7471 7470
7472 7471
7473 7472
7474 7473
7475 7474
7476 7475
7477 7476
7478 7477
7479 7478
7480 7479
7481 7480
7482 7481
7483 7482
7484 7483
7485 7484
7486 7485
7487 7486
7488 7487
7489 7488
7490 7489
7491 7490
7492 7491
7493 7492
7494 7493
7495 7494
7496 7495
7497 7496
7498 7497
7499 7498
7500 7499
7501 7500
7502 7501
7503 7502
7504 7503
7505 7504
7506 7505
7507 7506
7508 7507
7509 7508
7510 7509
7511 7510
7512 7511
7513 7512
7514 7513
7515 7514
7516 7515
7517 7516
7518 7517
7519 7518
7520 7519
7521 7520
7522 7521
7523 7522
7524 7523
7525 7524
7526 7525
7527 7526
7528 7527
7529 7528
7530 7529
7531 7530
7532 7531
7533 7532
7534 7533
7535 7534
7536 7535
7537 7536
7538 7537
7539 7538
7540 7539
7541 7540
7542 7541
7543 7542
7544 7543
7545 7544
7546 7545
7547 7546
7548 7547
7549 7548
7550 7549
7551 7550
7552 7551
7553 7552
7554 7553
7555 7554
7556 7555
7557 7556
7558 7557
7559 7558
7560 7559
7561 7560
7562 7561
7563 7562
7564 7563
7565 7564
7566 7565
7567 7566
7568 7567
7569 7568
7570 7569
7571 7570
7572 7571
7573 7572
7574 7573
7575 7574
7576 7575
7577 7576
7578 7577
7579 7578
7580 7579
7581 7580
7582 7581
7583 7582
7584 7583
7585 7584
7586 7585
7587 7586
7588 7587
7589 7588
7590 7589
7591 7590
7592 7591
7593 7592
7594 7593
7595 7594
7596 7595
7597 7596
7598 7597
7599 7598
7600 7599
7601 7600
7602 7601
7603 7602
7604 7603
7605 7604
7606 7605
7607 7606
7608 7607
7609 7608
7610 7609
7611 7610
7612 7611
7613 7612
7614 7613
7615 7614
7616 7615
7617 7616
7618 7617
7619 7618
7620 7619
7621 7620
7622 7621
7623 7622
7624 7623
7625 7624
7626 7625
7627 7626
7628 7627
7629 7628
7630 7629
7631 7630
7632 7631
7633 7632
7634 7633
7635 7634
7636 7635
7637 7636
7638 7637
7639 7638
7640 7639
7641 7640
7642 7641
7643 7642
7644 7643
7645 7644
7646 7645
7647 7646
7648 7647
7649 7648
7650 7649
7651 7650
7652 7651
7653 7652
7654 7653
7655 7654
7656 7655
7657 7656
7658 7657
7659 7658
7660 7659
7661 7660
7662 7661
7663 7662
7664 7663
7665 7664
7666 7665
7667 7666
7668 7667
7669 7668
7670 7669
7671 7670
7672 7671
7673 7672
7674 7673
7675 7674
7676 7675
7677 7676
7678 7677
7679 7678
7680 7679
7681 7680
7682 7681
7683 7682
7684 7683
7685 7684
7686 7685
7687 7686
7688 7687
7689 7688
7690 7689
7691 7690
7692 7691
7693 7692
7694 7693
7695 7694
7696 7695
7697 7696
7698 7697
7699 7698
7700 7699
7701 7700
7702 7701
7703 7702
7704 7703
7705 7704
7706 7705
7707 7706
7708 7707
7709 7708
7710 7709
7711 7710
7712 7711
7713 7712
7714 7713
7715 7714
7716 7715
7717 7716
7718 7717
7719 7718
7720 7719
7721 7720
7722 7721
7723 7722
7724 7723
7725 7724
7726 7725
7727 7726
7728 7727
7729 7728
7730 7729
7731 7730
7732 7731
7733 7732
7734 7733
7735 7734
7736 7735
7737 7736
7738 7737
7739 7738
7740 7739
7741 7740
7742 7741
7743 7742
7744 7743
7745 7744
7746 7745
7747 7746
7748 7747
7749 7748
7750 7749
7751 7750
7752 7751
7753 7752
7754 7753
7755 7754
7756 7755
7757 7756
7758 7757
7759 7758
7760 7759
7761 7760
7762 7761
7763 7762
7764 7763
7765 7764
7766 7765
7767 7766
7768 7767
7769 7768
7770 7769
7771 7770
7772 7771
7773 7772
7774 7773
7775 7774
7776 7775
7777 7776
7778 7777
7779 7778
7780 7779
7781 7780
7782 7781
7783 7782
7784 7783
7785 7784
7786 7785
7787 7786
7788 7787
7789 7788
7790 7789
7791 7790
7792 7791
7793 7792
7794 7793
7795 7794
7796 7795
7797 7796
7798 7797
7799 7798
7800 7799
7801 7800
7802 7801
7803 7802
7804 7803
7805 7804
7806 7805
7807 7806
7808 7807
7809 7808
7810 7809
7811 7810
7812 7811
7813 7812
7814 7813
7815 7814
7816 7815
7817 7816
7818 7817
7819 7818
7820 7819
7821 7820
7822 7821
7823 7822
7824 7823
7825 7824
7826 7825
7827 7826
7828 7827
7829 7828
7830 7829
7831 7830
7832 7831
7833 7832
7834 7833
7835 7834
7836 7835
7837 7836
7838 7837
7839 7838
7840 7839
7841 7840
7842 7841
7843 7842
7844 7843
7845 7844
7846 7845
7847 7846
7848 7847
7849 7848
7850 7849
7851 7850
7852 7851
7853 7852
7854 7853
7855 7854
7856 7855
7857 7856
7858 7857
7859 7858
7860 7859
7861 7860
7862 7861
7863 7862
7864 7863
7865 7864
7866 7865
7867 7866
7868 7867
7869 7868
7870 7869
7871 7870
7872 7871
7873 7872
7874 7873
7875 7874
7876 7875
7877 7876
7878 7877
7879 7878
7880 7879
7881 7880
7882 7881
7883 7882
7884 7883
7885 7884
7886 7885
7887 7886
7888 7887
7889 7888
7890 7889
7891 7890
7892 7891
7893 7892
7894 7893
7895 7894
7896 7895
7897 7896
7898 7897
7899 7898
7900 7899
7901 7900
7902 7901
7903 7902
7904 7903
7905 7904
7906 7905
7907 7906
7908 7907
7909 7908
7910 7909
7911 7910
7912 7911
7913 7912
7914 7913
7915 7914
7916 7915
7917 7916
7918 7917
7919 7918
7920 7919
7921 7920
7922 7921
7923 7922
7924 7923
7925 7924
7926 7925
7927 7926
7928 7927
7929 7928
7930 7929
7931 7930
7932 7931
7933 7932
7934 7933
7935 7934
7936 7935
7937 7936
7938 7937
7939 7938
7940 7939
7941 7940
7942 7941
7943 7942
7944 7943
7945 7944
7946 7945
7947 7946
7948 7947
7949 7948
7950 7949
7951 7950
7952 7951
7953 7952
7954 7953
7955 7954
7956 7955
7957 7956
7958 7957
7959 7958
7960 7959
7961 7960
7962 7961
7963 7962
7964 7963
7965 7964
7966 7965
7967 7966
7968 7967
7969 7968
7970 7969
7971 7970
7972 7971
7973 7972
7974 7973
7975 7974
7976 7975
7977 7976
7978 7977
7979 7978
7980 7979
7981 7980
7982 7981
7983 7982
7984 7983
7985 7984
7986 7985
7987 7986
7988 7987
7989 7988
7990 7989
7991 7990
7992 7991
7993 7992
7994 7993
7995 7994
7996 7995
7997 7996
7998 7997
7999 7998
8000 7999
8001 8000
8002 8001
8003 8002
8004 8003
8005 8004
8006 8005
8007 8006
8008 8007
8009 8008
8010 8009
8011 8010
8012 8011
8013 8012
8014 8013
8015 8014
8016 8015
8017 8016
8018 8017
8019 8018
8020 8019
8021 8020
8022 8021
8023 8022
8024 8023
8025 8024
8026 8025
8027 8026
8028 8027
8029 8028
8030 8029
8031 8030
8032 8031
8033 8032
8034 8033
8035 8034
8036 8035
8037 8036
8038 8037
8039 8038
8040 8039
8041 8040
8042 8041
8043 8042
8044 8043
8045 8044
8046 8045
8047 8046
8048 8047
8049 8048
8050 8049
8051 8050
8052 8051
8053 8052
8054 8053
8055 8054
8056 8055
8057 8056
8058 8057
8059 8058
8060 8059
8061 8060
8062 8061
8063 8062
8064 8063
8065 8064
8066 8065
8067 8066
8068 8067
8069 8068
8070 8069
8071 8070
8072 8071
8073 8072
8074 8073
8075 8074
8076 8075
8077 8076
8078 8077
8079 8078
8080 8079
8081 8080
8082 8081
8083 8082
8084 8083
8085 8084
8086 8085
8087 8086
8088 8087
8089 8088
8090 8089
8091 8090
8092 8091
8093 8092
8094 8093
8095 8094
8096 8095
8097 8096
8098 8097
8099 8098
8100 8099
8101 8100
8102 8101
8103 8102
8104 8103
8105 8104
8106 8105
8107 8106
8108 8107
8109 8108
8110 8109
8111 8110
8112 8111
8113 8112
8114 8113
8115 8114
8116 8115
8117 8116
8118 8117
8119 8118
8120 8119
8121 8120
8122 8121
8123 8122
8124 8123
8125 8124
8126 8125
8127 8126
8128 8127
8129 8128
8130 8129
8131 8130
8132 8131
8133 8132
8134 8133
8135 8134
8136 8135
8137 8136
8138 8137
8139 8138
8140 8139
8141 8140
8142 8141
8143 8142
8144 8143
8145 8144
8146 8145
8147 8146
8148 8147
8149 8148
8150 8149
8151 8150
8152 8151
8153 8152
8154 8153
8155 8154
8156 8155
8157 8156
8158 8157
8159 8158
8160 8159
8161 8160
8162 8161
8163 8162
8164 8163
8165 8164
8166 8165
8167 8166
8168 8167
8169 8168
8170 8169
8171 8170
8172 8171
8173 8172
8174 8173
8175 8174
8176 8175
8177 8176
8178 8177
8179 8178
8180 8179
8181 8180
8182 8181
8183 8182
8184 8183
8185 8184
8186 8185
8187 8186
8188 8187
8189 8188
8190 8189
8191 8190
8192 8191
8193 8192
8194 8193
8195 8194
8196 8195
8197 8196
8198 8197
8199 8198
8200 8199
8201 8200
8202 8201
8203 8202
8204 8203
8205 8204
8206 8205
8207 8206
8208 8207
8209 8208
8210 8209
8211 8210
8212 8211
8213 8212
8214 8213
8215 8214
8216 8215
8217 8216
8218 8217
8219 8218
8220 8219
8221 8220
8222 8221
8223 8222
8224 8223
8225 8224
8226 8225
8227 8226
8228 8227
8229 8228
8230 8229
8231 8230
8232 8231
8233 8232
8234 8233
8235 8234
8236 8235
8237 8236
8238 8237
8239 8238
8240 8239
8241 8240
8242 8241
8243 8242
8244 8243
8245 8244
8246 8245
8247 8246
8248 8247
8249 8248
8250 8249
8251 8250
8252 8251
8253 8252
8254 8253
8255 8254
8256 8255
8257 8256
8258 8257
8259 8258
8260 8259
8261 8260
8262 8261
8263 8262
8264 8263
8265 8264
8266 8265
8267 8266
8268 8267
8269 8268
8270 8269
8271 8270
8272 8271
8273 8272
8274 8273
8275 8274
8276 8275
8277 8276
8278 8277
8279 8278
8280 8279
8281 8280
8282 8281
8283 8282
8284 8283
8285 8284
8286 8285
8287 8286
8288 8287
8289 8288
8290 8289
8291 8290
8292 8291
8293 8292
8294 8293
8295 8294
8296 8295
8297 8296
8298 8297
8299 8298
8300 8299
8301 8300
8302 8301
8303 8302
8304 8303
8305 8304
8306 8305
8307 8306
8308 8307
8309 8308
8310 8309
8311 8310
8312 8311
8313 8312
8314 8313
8315 8314
8316 8315
8317 8316
8318 8317
8319 8318
8320 8319
8321 8320
8322 8321
8323 8322
8324 8323
8325 8324
8326 8325
8327 8326
8328 8327
8329 8328
8330 8329
8331 8330
8332 8331
8333 8332
8334 8333
8335 8334
8336 8335
8337 8336
8338 8337
8339 8338
8340 8339
8341 8340
8342 8341
8343 8342
8344 8343
8345 8344
8346 8345
8347 8346
8348 8347
8349 8348
8350 8349
8351 8350
8352 8351
8353 8352
8354 8353
8355 8354
8356 8355
8357 8356
8358 8357
8359 8358
8360 8359
8361 8360
8362 8361
8363 8362
8364 8363
8365 8364
8366 8365
8367 8366
8368 8367
8369 8368
8370 8369
8371 8370
8372 8371
8373 8372
8374 8373
8375 8374
8376 8375
8377 8376
8378 8377
8379 8378
8380 8379
8381 8380
8382 8381
8383 8382
8384 8383
8385 8384
8386 8385
8387 8386
8388 8387
8389 8388
8390 8389
8391 8390
8392 8391
8393 8392
8394 8393
8395 8394
8396 8395
8397 8396
8398 8397
8399 8398
8400 8399
8401 8400
8402 8401
8403 8402
8404 8403
8405 8404
8406 8405
8407 8406
8408 8407
8409 8408
8410 8409
8411 8410
8412 8411
8413 8412
8414 8413
8415 8414
8416 8415
8417 8416
8418 8417
8419 8418
8420 8419
8421 8420
8422 8421
8423 8422
8424 8423
8425 8424
8426 8425
8427 8426
8428 8427
8429 8428
8430 8429
8431 8430
8432 8431
8433 8432
8434 8433
8435 8434
8436 8435
8437 8436
8438 8437
8439 8438
8440 8439
8441 8440
8442 8441
8443 8442
8444 8443
8445 8444
8446 8445
8447 8446
8448 8447
8449 8448
8450 8449
8451 8450
8452 8451
8453 8452
8454 8453
8455 8454
8456 8455
8457 8456
8458 8457
8459 8458
8460 8459
8461 8460
8462 8461
8463 8462
8464 8463
8465 8464
8466 8465
8467 8466
8468 8467
8469 8468
8470 8469
8471 8470
8472 8471
8473 8472
8474 8473
8475 8474
8476 8475
8477 8476
8478 8477
8479 8478
8480 8479
8481 8480
8482 8481
8483 8482
8484 8483
8485 8484
8486 8485
8487 8486
8488 8487
8489 8488
8490 8489
8491 8490
8492 8491
8493 8492
8494 8493
8495 8494
8496 8495
8497 8496
8498 8497
8499 8498
8500 8499
8501 8500
8502 8501
8503 8502
8504 8503
8505 8504
8506 8505
8507 8506
8508 8507
8509 8508
8510 8509
8511 8510
8512 8511
8513 8512
8514 8513
8515 8514
8516 8515
8517 8516
8518 8517
8519 8518
8520 8519
8521 8520
8522 8521
8523 8522
8524 8523
8525 8524
8526 8525
8527 8526
8528 8527
8529 8528
8530 8529
8531 8530
8532 8531
8533 8532
8534 8533
8535 8534
8536 8535
8537 8536
8538 8537
8539 8538
8540 8539
8541 8540
8542 8541
8543 8542
8544 8543
8545 8544
8546 8545
8547 8546
8548 8547
8549 8548
8550 8549
8551 8550
8552 8551
8553 8552
8554 8553
8555 8554
8556 8555
8557 8556
8558 8557
8559 8558
8560 8559
8561 8560
8562 8561
8563 8562
8564 8563
8565 8564
8566 8565
8567 8566
8568 8567
8569 8568
8570 8569
8571 8570
8572 8571
8573 8572
8574 8573
8575 8574
8576 8575
8577 8576
8578 8577
8579 8578
8580 8579
8581 8580
8582 8581
8583 8582
8584 8583
8585 8584
8586 8585
8587 8586
8588 8587
8589 8588
8590 8589
8591 8590
8592 8591
8593 8592
8594 8593
8595 8594
8596 8595
8597 8596
8598 8597
8599 8598
8600 8599
8601 8600
8602 8601
8603 8602
8604 8603
8605 8604
8606 8605
8607 8606
8608 8607
8609 8608
8610 8609
8611 8610
8612 8611
8613 8612
8614 8613
8615 8614
8616 8615
8617 8616
8618 8617
8619 8618
8620 8619
8621 8620
8622 8621
8623 8622
8624 8623
8625 8624
8626 8625
8627 8626
8628 8627
8629 8628
8630 8629
8631 8630
8632 8631
8633 8632
8634 8633
8635 8634
8636 8635
8637 8636
8638 8637
8639 8638
8640 8639
8641 8640
8642 8641
8643 8642
8644 8643
8645 8644
8646 8645
8647 8646
8648 8647
8649 8648
8650 8649
8651 8650
8652 8651
8653 8652
8654 8653
8655 8654
8656 8655
8657 8656
8658 8657
8659 8658
8660 8659
8661 8660
8662 8661
8663 8662
8664 8663
8665 8664
8666 8665
8667 8666
8668 8667
8669 8668
8670 8669
8671 8670
8672 8671
8673 8672
8674 8673
8675 8674
8676 8675
8677 8676
8678 8677
8679 8678
8680 8679
8681 8680
8682 8681
8683 8682
8684 8683
8685 8684
8686 8685
8687 8686
8688 8687
8689 8688
8690 8689
8691 8690
8692 8691
8693 8692
8694 8693
8695 8694
8696 8695
8697 8696
8698 8697
8699 8698
8700 8699
8701 8700
8702 8701
8703 8702
8704 8703
8705 8704
8706 8705
8707 8706
8708 8707
8709 8708
8710 8709
8711 8710
8712 8711
8713 8712
8714 8713
8715 8714
8716 8715
8717 8716
8718 8717
8719 8718
8720 8719
8721 8720
8722 8721
8723 8722
8724 8723
8725 8724
8726 8725
8727 8726
8728 8727
8729 8728
8730 8729
8731 8730
8732 8731
8733 8732
8734 8733
8735 8734
8736 8735
8737 8736
8738 8737
8739 8738
8740 8739
8741 8740
8742 8741
8743 8742
8744 8743
8745 8744
8746 8745
8747 8746
8748 8747
8749 8748
8750 8749
8751 8750
8752 8751
8753 8752
8754 8753
8755 8754
8756 8755
8757 8756
8758 8757
8759 8758
8760 8759
8761 8760
8762 8761
8763 8762
8764 8763
8765 8764
8766 8765
8767 8766
8768 8767
8769 8768
8770 8769
8771 8770
8772 8771
8773 8772
8774 8773
8775 8774
8776 8775
8777 8776
8778 8777
8779 8778
8780 8779
8781 8780
8782 8781
8783 8782
8784 8783
8785 8784
8786 8785
8787 8786
8788 8787
8789 8788
8790 8789
8791 8790
8792 8791
8793 8792
8794 8793
8795 8794
8796 8795
8797 8796
8798 8797
8799 8798
8800 8799
8801 8800
8802 8801
8803 8802
8804 8803
8805 8804
8806 8805
8807 8806
8808 8807
8809 8808
8810 8809
8811 8810
8812 8811
8813 8812
8814 8813
8815 8814
8816 8815
8817 8816
8818 8817
8819 8818
8820 8819
8821 8820
8822 8821
8823 8822
8824 8823
8825 8824
8826 8825
8827 8826
8828 8827
8829 8828
8830 8829
8831 8830
8832 8831
8833 8832
8834 8833
8835 8834
8836 8835
8837 8836
8838 8837
8839 8838
8840 8839
8841 8840
8842 8841
8843 8842
8844 8843
8845 8844
8846 8845
8847 8846
8848 8847
8849 8848
8850 8849
8851 8850
8852 8851
8853 8852
8854 8853
8855 8854
8856 8855
8857 8856
8858 8857
8859 8858
8860 8859
8861 8860
8862 8861
8863 8862
8864 8863
8865 8864
8866 8865
8867 8866
8868 8867
8869 8868
8870 8869
8871 8870
8872 8871
8873 8872
8874 8873
8875 8874
8876 8875
8877 8876
8878 8877
8879 8878
8880 8879
8881 8880
8882 8881
8883 8882
8884 8883
8885 8884
8886 8885
8887 8886
8888 8887
8889 8888
8890 8889
8891 8890
8892 8891
8893 8892
8894 8893
8895 8894
8896 8895
8897 8896
8898 8897
8899 8898
8900 8899
8901 8900
8902 8901
8903 8902
8904 8903
8905 8904
8906 8905
8907 8906
8908 8907
8909 8908
8910 8909
8911 8910
8912 8911
8913 8912
8914 8913
8915 8914
8916 8915
8917 8916
8918 8917
8919 8918
8920 8919
8921 8920
8922 8921
8923 8922
8924 8923
8925 8924
8926 8925
8927 8926
8928 8927
8929 8928
8930 8929
8931 8930
8932 8931
8933 8932
8934 8933
8935 8934
8936 8935
8937 8936
8938 8937
8939 8938
8940 8939
8941 8940
8942 8941
8943 8942
8944 8943
8945 8944
8946 8945
8947 8946
8948 8947
8949 8948
8950 8949
8951 8950
8952 8951
8953 8952
8954 8953
8955 8954
8956 8955
8957 8956
8958 8957
8959 8958
8960 8959
8961 8960
8962 8961
8963 8962
8964 8963
8965 8964
8966 8965
8967 8966
8968 8967
8969 8968
8970 8969
8971 8970
8972 8971
8973 8972
8974 8973
8975 8974
8976 8975
8977 8976
8978 8977
8979 8978
8980 8979
8981 8980
8982 8981
8983 8982
8984 8983
8985 8984
8986 8985
8987 8986
8988 8987
8989 8988
8990 8989
8991 8990
8992 8991
8993 8992
8994 8993
8995 8994
8996 8995
8997 8996
8998 8997
8999 8998
9000 8999
9001 9000
9002 9001
9003 9002
9004 9003
9005 9004
9006 9005
9007 9006
9008 9007
9009 9008
9010 9009
9011 9010
9012 9011
9013 9012
9014 9013
9015 9014
9016 9015
9017 9016
9018 9017
9019 9018
9020 9019
9021 9020
9022 9021
9023 9022
9024 9023
9025 9024
9026 9025
9027 9026
9028 9027
9029 9028
9030 9029
9031 9030
9032 9031
9033 9032
9034 9033
9035 9034
9036 9035
9037 9036
9038 9037
9039 9038
9040 9039
9041 9040
9042 9041
9043 9042
9044 9043
9045 9044
9046 9045
9047 9046
9048 9047
9049 9048
9050 9049
9051 9050
9052 9051
9053 9052
9054 9053
9055 9054
9056 9055
9057 9056
9058 9057
9059 9058
9060 9059
9061 9060
9062 9061
9063 9062
9064 9063
9065 9064
9066 9065
9067 9066
9068 9067
9069 9068
9070 9069
9071 9070
9072 9071
9073 9072
9074 9073
9075 9074
9076 9075
9077 9076
9078 9077
9079 9078
9080 9079
9081 9080
9082 9081
9083 9082
9084 9083
9085 9084
9086 9085
9087 9086
9088 9087
9089 9088
9090 9089
9091 9090
9092 9091
9093 9092
9094 9093
9095 9094
9096 9095
9097 9096
9098 9097
9099 9098
9100 9099
9101 9100
9102 9101
9103 9102
9104 9103
9105 9104
9106 9105
9107 9106
9108 9107
9109 9108
9110 9109
9111 9110
9112 9111
9113 9112
9114 9113
9115 9114
9116 9115
9117 9116
9118 9117
9119 9118
9120 9119
9121 9120
9122 9121
9123 9122
9124 9123
9125 9124
9126 9125
9127 9126
9128 9127
9129 9128
9130 9129
9131 9130
9132 9131
9133 9132
9134 9133
9135 9134
9136 9135
9137 9136
9138 9137
9139 9138
9140 9139
9141 9140
9142 9141
9143 9142
9144 9143
9145 9144
9146 9145
9147 9146
9148 9147
9149 9148
9150 9149
9151 9150
9152 9151
9153 9152
9154 9153
9155 9154
9156 9155
9157 9156
9158 9157
9159 9158
9160 9159
9161 9160
9162 9161
9163 9162
9164 9163
9165 9164
9166 9165
9167 9166
9168 9167
9169 9168
9170 9169
9171 9170
9172 9171
9173 9172
9174 9173
9175 9174
9176 9175
9177 9176
9178 9177
9179 9178
9180 9179
9181 9180
9182 9181
9183 9182
9184 9183
9185 9184
9186 9185
9187 9186
9188 9187
9189 9188
9190 9189
9191 9190
9192 9191
9193 9192
9194 9193
9195 9194
9196 9195
9197 9196
9198 9197
9199 9198
9200 9199
9201 9200
9202 9201
9203 9202
9204 9203
9205 9204
9206 9205
9207 9206
9208 9207
9209 9208
9210 9209
9211 9210
9212 9211
9213 9212
9214 9213
9215 9214
9216 9215
9217 9216
9218 9217
9219 9218
9220 9219
9221 9220
9222 9221
9223 9222
9224 9223
9225 9224
9226 9225
9227 9226
9228 9227
9229 9228
9230 9229
9231 9230
9232 9231
9233 9232
9234 9233
9235 9234
9236 9235
9237 9236
9238 9237
9239 9238
9240 9239
9241 9240
9242 9241
9243 9242
9244 9243
9245 9244
9246 9245
9247 9246
9248 9247
9249 9248
9250 9249
9251 9250
9252 9251
9253 9252
9254 9253
9255 9254
9256 9255
9257 9256
9258 9257
9259 9258
9260 9259
9261 9260
9262 9261
9263 9262
9263 3668
9264 1762
9265 9264
9266 9265
9267 9265
9268 1762
9269 9265
9270 9265
9271 1762
9272 9268
9273 9270
9274 9270
9275 9274
9276 9275
9277 9265
9278 9270
9279 9266
9280 9271
9281 9268
9282 9264
9283 9280
9284 9273
9285 9266
9286 9277
9287 9272
9288 9285
9289 9275
9290 9265
9291 9287
9292 9275
9293 9272
9294 9286
9295 9291
9296 9267
9297 9291
9298 9278
9299 9266
9300 9275
9301 9297
9302 9277
9303 9291
9304 9268
9305 9294
9306 9264
9307 9282
9308 9288
9309 9299
9310 9287
9311 9289
9312 9289
9313 9278
9314 9288
9315 9278
9316 9282
9317 9301
9318 9300
9319 9310
9320 9291
9321 9293
9322 9316
9323 9281
9324 9280
9325 9305
9326 9288
9327 9283
9328 9321
9329 9276
9330 9307
9331 9276
9332 9311
9333 9324
9334 9280
9335 9265
9336 9281
9337 9317
9338 9264
9339 9289
9340 9326
9341 9275
9342 9285
9343 9313
9344 9264
9345 9310
9346 9266
9347 9309
9348 9338
9349 9324
9350 9329
9351 9349
9352 9322
9353 9284
9354 9337
9355 9313
9356 9265
9357 9326
9358 9327
9359 9325
9360 9342
9361 9269
9362 9345
9363 9341
9364 9312
9365 9328
9366 9313
9367 9330
9368 9283
9369 9359
9370 9301
9371 9311
9372 9281
9373 9359
9374 9269
9375 9293
9376 9296
9377 9372
9378 9370
9379 9275
9380 9279
9381 9268
9382 9267
9383 9351
9384 9317
9385 9346
9386 9289
9387 9383
9388 9347
9389 9317
9390 9331
9391 9385
9392 9325
9393 9331
9394 9313
9395 9384
9396 9366
9397 9317
9398 9393
9399 9268
9400 9398
9401 9282
9402 9339
9403 9314
9404 9344
9405 9367
9406 9286
9407 9354
9408 9386
9409 9281
9410 9286
9411 9371
9412 9284
9413 9266
9414 9399
9415 9323
9416 9354
9417 9306
9418 9337
9419 9396
9420 9291
9421 9400
9422 9367
9423 9335
9424 9279
9425 9298
9426 9337
9427 9349
9428 9421
9429 9372
9430 9390
9431 9417
9432 9267
9433 9316
9434 9356
9435 9412
9436 9343
9437 9320
9438 9335
9439 9369
9440 9422
9441 9396
9442 9384
9443 9422
9444 9417
9445 9416
9446 9379
9447 9441
9448 9308
9449 9339
9450 9388
9451 9363
9452 9282
9453 9370
9454 9452
9455 9304
9456 9334
9457 9438
9458 9414
9459 9417
9460 9429
9461 9353
9462 9389
9463 9273
9464 9285
9465 9299
9466 9378
9467 9428
9468 9322
9469 9332
9470 9277
9471 9323
9472 9388
9473 9405
9474 9291
9475 9278
9476 9464
9477 9338
9478 9421
9479 9465
9480 9350
9481 9467
9482 9268
9483 9464
9484 9373
9485 9452
9486 9378
9487 9419
9488 9282
9489 9405
9490 9417
9491 9314
9492 9346
9493 9337
9494 9269
9495 9338
9496 9279
9497 9483
9498 9491
9499 9350
9500 9314
9501 9355
9502 9349
9503 9279
9504 9332
9505 9276
9506 9356
9507 9373
9508 9348
9509 9455
9510 9403
9511 9284
9512 9413
9513 9494
9514 9418
9515 9295
9516 9343
9517 9412
9518 9308
9519 9424
9520 9467
9521 9497
9522 9424
9523 9510
9524 9491
9525 9481
9526 9475
9527 9278
9528 9510
9529 9413
9530 9368
9531 9419
9532 9467
9533 9509
9534 9433
9535 9382
9536 9363
9537 9508
9538 9517
9539 9414
9540 9352
9541 9512
9542 9513
9543 9473
9544 9352
9545 9390
9546 9307
9547 9477
9548 9387
9549 9287
9550 9478
9551 9320
9552 9414
9553 9382
9554 9295
9555 9501
9556 9281
9557 9473
9558 9510
9559 9276
9560 9370
9561 9359
9562 9494
9563 9562
9564 9266
9565 9544
9566 9497
9567 9278
9568 9430
9569 9559
9570 9321
9571 9546
9572 9510
9573 9401
9574 9509
9575 9496
9576 9435
9577 9495
9578 9302
9579 9565
9580 9339
9581 9381
9582 9577
9583 9297
9584 9450
9585 9539
9586 9532
9587 9485
9588 9374
9589 9457
9590 9317
9591 9460
9592 9424
9593 9470
9594 9417
9595 9347
9596 9329
9597 9336
9598 9579
9599 9545
9600 9522
9601 9580
9602 9486
9603 9295
9604 9332
9605 9332
9606 9589
9607 9513
9608 9504
9609 9367
9610 9487
9611 9603
9612 9361
9613 9280
9614 9607
9615 9453
9616 9272
9617 9396
9618 9590
9619 9340
9620 9513
9621 9403
9622 9489
9623 9399
9624 9484
9625 9297
9626 9433
9627 9610
9628 9306
9629 9382
9630 9300
9631 9302
9632 9334
9633 9480
9634 9388
9635 9559
9636 9527
9637 9558
9638 1762
9639 9477
9640 9530
9641 9271
9642 9275
9643 9284
9644 9490
9645 9332
9646 9331
9647 9500
9648 9290
9649 9381
9650 9474
9651 9405
9652 9329
9653 9618
9654 9428
9655 9372
9656 9553
9657 9328
9658 9522
9659 9632
9660 9552
9661 9615
9662 9399
9663 9494
9664 9353
9665 9417
9666 9393
9667 9585
9668 9301
9669 9380
9670 9327
9671 9315
9672 9648
9673 9513
9674 9644
9675 9602
9676 9449
9677 9445
9678 9585
9679 9596
9680 9439
9681 9331
9682 9632
9683 9592
9684 9484
9685 9639
9686 9543
9687 9635
9688 9609
9689 9285
9690 9288
9691 9308
9692 9439
9693 9453
9694 9565
9695 9671
9696 9627
9697 9575
9698 9369
9699 9518
9700 9463
9701 9508
9702 9341
9703 9331
9704 9525
9705 9451
9706 9320
9707 9663
9708 9276
9709 9589
9710 9414
9711 9391
9712 9579
9713 9535
9714 9610
9715 9302
9716 9589
9717 9648
9718 9325
9719 9700
9720 9484
9721 9467
9722 9631
9723 9430
9724 9330
9725 9580
9726 9573
9727 9611
9728 9635
9729 9651
9730 9472
9731 9384
9732 9445
9733 9688
9734 9413
9735 9469
9736 9548
9737 9434
9738 9512
9739 9279
9740 9651
9741 9269
9742 9500
9743 9492
9744 9296
9745 9643
9746 9431
9747 9641
9748 9341
9749 9454
9750 9656
9751 9695
9752 9264
9753 9464
9754 9671
9755 9666
9756 9538
9757 9327
9758 9351
9759 9713
9760 9381
9761 9582
9762 9590
9763 9457
9764 9683
9765 9639
9766 9618
9767 9618
9768 9410
9769 9511
9770 9556
9771 9316
9772 9617
9773 9429
9774 9623
9775 9611
9776 9499
9777 9350
9778 9380
9779 9559
9780 9644
9781 9420
9782 9427
9783 9461
9784 9288
9785 9579
9786 9575
9787 9397
9788 9448
9789 9460
9790 9267
9791 9418
9792 9605
9793 9768
9794 9559
9795 9688
9796 9718
9797 9384
9798 9582
9799 9553
9800 9306
9801 9360
9802 9692
9803 9528
9804 9365
9805 9389
9806 9275
9807 9493
9808 9739
9809 9539
9810 9684
9811 9384
9812 9375
9813 9428
9814 9287
9815 9781
9816 9803
9817 9383
9818 9360
9819 9737
9820 9655
9821 9542
9822 9567
9823 9716
9824 9531
9825 9807
9826 9420
9827 9818
9828 9734
9829 9817
9830 9284
9831 9786
9832 9613
9833 9567
9834 9290
9835 9534
9836 9799
9837 9478
9838 9832
9839 9264
9840 9296
9841 9516
9842 9821
9843 9730
9844 9774
9845 9348
9846 9358
9847 9584
9848 9345
9849 9645
9850 9572
9851 9528
9852 9273
9853 9802
9854 9645
9855 9697
9856 9378
9857 9843
9858 9576
9859 9505
9860 9497
9861 9578
9862 9556
9863 9694
9864 9500
9865 9615
9866 9596
9867 9490
9868 9485
9869 9299
9870 9550
9871 9758
9872 9350
9873 9301
9874 9295
9875 9423
9876 9759
9877 9751
9878 9317
9879 9308
9880 9675
9881 9424
9882 9539
9883 9414
9884 9743
9885 9280
9886 9424
9887 9760
9888 9431
9889 9786
9890 9561
9891 9659
9892 9318
9893 9840
9894 9276
9895 9699
9896 9878
9897 9573
9898 9725
9899 9392
9900 9688
9901 9680
9902 9386
9903 9758
9904 9358
9905 9528
9906 9478
9907 9754
9908 9516
9909 9831
9910 9393
9911 9435
9912 9471
9913 9561
9914 9404
9915 9601
9916 9749
9917 9870
9918 9554
9919 9649
9920 9895
9921 9372
9922 9859
9923 9319
9924 9746
9925 9482
9926 9615
9927 9755
9928 9501
9929 9865
9930 9388
9931 9697
9932 9357
9933 9796
9934 9481
9935 9745
9936 9904
9937 9920
9938 9864
9939 9791
9940 9686
9941 9534
9942 9814
9943 9412
9944 9381
9945 9695
9946 9744
9947 9799
9948 9414
9949 9347
9950 9528
9951 9669
9952 9409
9953 9749
9954 9845
9955 9462
9956 9420
9957 9502
9958 9600
9959 9893
9960 9461
9961 9473
9962 9723
9963 9768
9964 9879
9965 9815
9966 9955
9967 9494
9968 9811
9969 9296
9970 9264
9971 9935
9972 9686
9973 9656
9974 9590
9975 9855
9976 9777
9977 9318
9978 9920
9979 9679
9980 9953
9981 9340
9982 9271
9983 9611
9984 9459
9985 9690
9986 9725
9987 9918
9988 9388
9989 9323
9990 9728
9991 9490
9992 9611
9993 9296
9994 9736
9995 9409
9996 9297
9997 9429
9998 9272
9999 9933
10000 9940
