1000 1001
2 1
3 2
4 3
5 4
6 5
7 6
8 7
9 8
10 9
11 10
12 11
13 12
14 13
15 14
16 15
17 16
18 17
19 18
20 19
21 20
22 21
23 22
24 23
25 24
26 25
27 26
28 27
29 28
30 29
31 30
32 31
33 32
34 33
35 34
36 35
37 36
38 37
39 38
40 39
41 40
42 41
43 42
44 43
45 44
46 45
47 46
48 47
49 48
50 49
51 50
52 51
53 52
54 53
55 54
56 55
57 56
58 57
59 58
60 59
61 60
62 61
63 62
64 63
65 64
66 65
67 66
68 67
69 68
70 69
71 70
72 71
73 72
74 73
75 74
76 75
77 76
78 77
79 78
80 79
81 80
82 81
83 82
84 83
85 84
86 85
87 86
88 87
89 88
90 89
91 90
92 91
93 92
94 93
95 94
96 95
97 96
98 97
99 98
100 99
101 100
102 101
103 102
104 103
105 104
106 105
107 106
108 107
109 108
110 109
111 110
112 111
113 112
114 113
115 114
116 115
117 116
118 117
119 118
120 119
121 120
122 121
123 122
124 123
125 124
126 125
127 126
128 127
129 128
130 129
131 130
132 131
133 132
134 133
135 134
136 135
137 136
138 137
139 138
140 139
141 140
142 141
143 142
144 143
145 144
146 145
147 146
148 147
149 148
150 149
151 150
152 151
153 152
154 153
155 154
156 155
157 156
158 157
159 158
160 159
161 160
162 161
163 162
164 163
165 164
166 165
167 166
168 167
169 168
170 169
171 170
172 171
173 172
174 173
175 174
176 175
177 176
178 177
179 178
180 179
181 180
182 181
183 182
184 183
185 184
186 185
187 186
188 187
189 188
190 189
191 190
192 191
193 192
194 193
195 194
196 195
197 196
198 197
199 198
200 199
201 200
202 201
203 202
204 203
205 204
206 205
207 206
208 207
209 208
210 209
211 210
212 211
213 212
214 213
215 214
216 215
217 216
218 217
219 218
220 219
221 220
222 221
223 222
224 223
225 224
226 225
227 226
228 227
229 228
230 229
231 230
232 231
233 232
234 233
235 234
236 235
237 236
238 237
239 238
240 239
241 240
242 241
243 242
244 243
245 244
246 245
247 246
248 247
249 248
250 249
251 250
252 251
253 252
254 253
255 254
256 255
257 256
258 257
259 258
260 259
261 260
262 261
263 262
264 263
265 264
266 265
267 266
268 267
269 268
270 269
271 270
272 271
273 272
274 273
275 274
276 275
277 276
278 277
279 278
280 279
281 280
282 281
283 282
284 283
285 284
286 285
287 286
288 287
289 288
290 289
291 290
292 291
293 292
294 293
295 294
296 295
297 296
298 297
299 298
300 299
301 300
302 301
303 302
304 303
305 304
306 305
307 306
308 307
309 308
310 309
311 310
312 311
313 312
314 313
315 314
316 315
317 316
318 317
319 318
320 319
321 320
322 321
323 322
324 323
325 324
326 325
327 326
328 327
329 328
330 329
331 330
332 331
333 332
334 333
335 334
336 335
337 336
338 337
339 338
340 339
341 340
342 341
343 342
344 343
345 344
346 345
347 346
348 347
349 348
350 349
351 350
352 351
353 352
354 353
355 354
356 355
357 356
358 357
359 358
360 359
361 360
362 361
363 362
364 363
365 364
366 365
367 366
368 367
369 368
370 369
371 370
372 371
373 372
374 373
375 374
376 375
377 376
378 377
379 378
380 379
381 380
382 381
383 382
384 383
385 384
386 385
387 386
388 387
389 388
390 389
391 390
392 391
393 392
394 393
395 394
396 395
397 396
398 397
399 398
400 399
401 400
402 401
403 402
404 403
405 404
406 405
407 406
408 407
409 408
410 409
411 410
412 411
413 412
414 413
415 414
416 415
417 416
418 417
419 418
420 419
421 420
422 421
423 422
424 423
425 424
426 425
427 426
428 427
429 428
430 429
431 430
432 431
433 432
434 433
435 434
435 1
436 345
437 345
438 436
439 438
440 345
441 437
442 436
443 441
444 441
445 444
446 442
447 437
448 439
449 440
450 440
451 440
452 442
453 448
454 449
455 442
456 440
457 438
458 448
459 447
460 457
461 447
462 460
463 451
464 460
465 436
466 456
467 439
468 438
469 464
470 466
471 457
472 459
473 459
474 461
475 439
476 475
477 441
478 345
479 468
480 451
481 460
482 448
483 441
484 438
485 450
486 476
487 478
488 455
489 482
490 438
491 447
492 481
493 490
494 467
495 472
496 491
497 453
498 457
499 456
500 499
501 439
502 451
503 494
504 449
505 488
506 482
507 439
508 496
509 446
510 506
511 473
512 473
513 444
514 467
515 460
516 475
517 462
518 475
519 480
520 469
521 491
522 436
523 448
524 456
525 436
526 443
527 526
528 468
529 472
530 482
531 525
532 513
533 445
534 505
535 477
536 490
537 516
538 523
539 490
540 460
541 535
542 458
543 529
544 469
545 468
546 505
547 498
548 501
549 437
550 456
551 460
552 345
553 469
554 451
555 452
556 502
557 463
558 507
559 495
560 490
561 446
562 522
563 547
564 499
565 495
566 489
567 498
568 561
569 509
570 535
571 535
572 512
573 480
574 494
575 511
576 541
577 531
578 444
579 473
580 443
581 500
582 470
583 546
584 561
585 563
586 511
587 467
588 549
589 539
590 476
591 546
592 572
593 507
594 439
595 588
596 518
597 447
598 452
599 569
600 493
601 451
602 562
603 486
604 503
605 554
606 525
607 579
608 569
609 528
610 537
611 531
612 551
613 465
614 469
615 575
616 532
617 450
618 615
619 595
620 591
621 448
622 487
623 619
624 465
625 479
626 509
627 519
628 518
629 571
630 582
631 579
632 539
633 580
634 523
635 584
636 508
637 613
638 553
639 465
640 589
641 459
642 590
643 575
644 501
645 636
646 566
647 622
648 554
649 582
650 644
651 462
652 631
653 613
654 562
655 490
656 542
657 472
658 476
659 532
660 632
661 507
662 449
663 651
664 442
665 484
666 573
667 460
668 563
669 571
670 456
671 486
672 629
673 514
674 648
675 606
676 531
677 642
678 464
679 655
680 560
681 619
682 446
683 498
684 482
685 468
686 661
687 656
688 442
689 524
690 675
691 564
692 653
693 450
694 668
695 593
696 544
697 514
698 452
699 474
700 461
701 662
702 615
703 545
704 446
705 524
706 484
707 702
708 481
709 458
710 679
711 458
712 633
713 598
714 640
715 658
716 664
717 539
718 672
719 600
720 613
721 715
722 671
723 613
724 589
725 573
726 532
727 534
728 638
729 622
730 719
731 482
732 601
733 656
734 730
735 702
736 721
737 507
738 612
739 545
740 514
741 684
742 441
743 556
744 652
745 732
746 529
747 475
748 464
749 615
750 742
751 750
752 506
753 662
754 560
755 489
756 750
757 544
758 667
759 569
760 547
761 635
762 563
763 589
764 573
765 697
766 460
767 601
768 505
769 486
770 748
771 470
772 703
773 538
774 609
775 656
776 741
777 727
778 457
779 559
780 621
781 521
782 440
783 718
784 750
785 461
786 783
787 447
788 483
789 724
790 582
791 626
792 695
793 533
794 461
795 569
796 542
797 570
798 575
799 719
800 656
801 654
802 734
803 749
804 546
805 803
806 544
807 670
808 677
809 807
810 510
811 773
812 560
813 591
814 801
815 461
816 795
817 602
818 550
819 616
820 661
821 585
822 596
823 753
824 654
825 660
826 671
827 656
828 697
829 661
830 580
831 702
832 682
833 498
834 687
835 807
836 654
837 750
838 760
839 674
840 766
841 577
842 517
843 701
844 534
845 505
846 636
847 838
848 705
849 628
850 517
851 675
852 704
853 619
854 587
855 610
856 684
857 842
858 492
859 762
860 728
861 545
862 812
863 628
864 559
865 693
866 746
867 787
868 802
869 841
870 806
871 841
872 484
873 514
874 345
875 447
876 483
877 746
878 564
879 645
880 853
881 864
882 736
883 496
884 631
885 832
886 580
887 842
888 665
889 805
890 590
891 813
892 819
893 721
894 680
895 685
896 836
897 746
898 886
899 641
900 510
901 712
902 193
903 902
904 903
905 904
906 905
907 906
908 907
909 908
910 909
911 910
912 911
913 912
914 913
915 914
916 915
917 916
918 917
919 918
920 919
921 920
922 921
923 922
924 923
925 924
926 925
927 926
928 927
929 928
930 929
931 930
932 931
933 932
934 933
935 934
936 935
937 936
938 937
939 938
940 939
941 940
942 941
943 942
944 943
945 944
946 945
947 946
948 947
949 948
950 949
951 950
952 951
953 952
954 953
955 954
956 955
957 956
958 957
959 958
960 959
961 960
962 961
963 962
964 963
965 964
966 965
967 966
968 967
969 968
970 969
971 970
972 971
973 972
974 973
975 974
976 975
977 976
978 977
979 978
980 979
981 980
982 981
983 982
984 983
985 984
986 985
987 986
988 987
989 988
990 989
991 990
992 991
993 992
994 993
995 994
996 995
997 996
998 997
999 998
1000 999
1000 193
