1000 1000
2 1
3 1
4 2
5 1
6 2
7 6
8 1
9 7
10 8
11 10
12 2
13 8
14 5
15 9
16 9
17 16
18 14
19 16
20 4
21 9
22 15
23 9
24 17
25 16
26 6
27 25
28 19
29 26
30 27
31 4
32 17
33 32
34 4
35 6
36 29
37 31
38 18
39 13
40 25
41 17
42 19
43 4
44 14
45 35
46 4
47 30
48 45
49 5
50 19
51 33
52 25
53 5
54 34
55 8
56 53
57 28
58 19
59 34
60 6
61 31
62 1
63 23
64 23
65 55
66 29
67 54
68 35
69 34
70 69
71 16
72 27
73 71
74 54
75 45
76 26
77 34
78 67
79 19
80 27
81 14
82 14
83 49
84 48
85 37
86 75
87 71
88 56
89 76
90 55
91 64
92 13
93 72
94 73
95 14
96 25
97 34
98 65
99 24
100 57
101 92
102 25
103 45
104 48
105 18
106 6
107 71
108 7
109 98
110 6
111 47
112 47
113 12
114 76
115 55
116 20
117 90
118 26
119 97
120 34
121 41
122 47
123 100
124 108
125 86
126 65
127 47
128 63
129 98
130 88
131 82
132 76
133 99
134 35
135 5
136 32
137 89
138 113
139 133
140 82
141 53
142 57
143 112
144 11
145 126
146 105
147 103
148 8
149 119
150 102
151 13
152 96
153 18
154 133
155 66
156 36
157 100
158 151
159 41
160 135
161 86
162 42
163 32
164 108
165 6
166 159
167 37
168 160
169 28
170 96
171 88
172 155
173 133
174 68
175 114
176 42
177 132
178 115
179 95
180 8
181 140
182 97
183 169
184 166
185 47
186 7
187 73
188 125
189 178
190 54
191 83
192 80
193 94
194 129
195 95
196 94
197 61
198 166
199 85
200 178
201 27
202 151
203 56
204 141
205 58
206 49
207 46
208 161
209 46
210 191
211 86
212 53
213 85
214 26
215 93
216 208
217 104
218 184
219 78
220 214
221 20
222 170
223 45
224 2
225 91
226 167
227 122
228 42
229 128
230 42
231 27
232 175
233 198
234 216
235 23
236 39
237 130
238 165
239 165
240 109
241 60
242 185
243 211
244 234
245 191
246 38
247 17
248 29
249 62
250 142
251 77
252 23
253 171
254 128
255 54
256 82
257 171
258 97
259 65
260 28
261 168
262 66
263 8
264 228
265 246
266 167
267 198
268 35
269 155
270 71
271 217
272 209
273 31
274 202
275 218
276 208
277 212
278 270
279 266
280 89
281 80
282 84
283 10
284 258
285 70
286 222
287 221
288 280
289 48
290 138
291 198
292 268
293 12
294 34
295 64
296 219
297 18
298 95
299 202
300 186
301 148
302 47
303 30
304 49
305 294
306 178
307 290
308 51
309 86
310 168
311 233
312 307
313 158
314 34
315 229
316 173
317 313
318 120
319 144
320 146
321 9
322 233
323 233
324 162
325 264
326 169
327 304
328 301
329 242
330 30
331 177
332 277
333 45
334 183
335 73
336 298
337 242
338 97
339 313
340 2
341 329
342 197
343 136
344 266
345 152
346 131
347 21
348 171
349 148
350 158
351 211
352 105
353 343
354 344
355 91
356 265
357 73
358 183
359 55
360 21
361 119
362 170
363 185
364 228
365 251
366 205
367 231
368 356
369 65
370 35
371 271
372 31
373 119
374 4
375 234
376 216
377 271
378 253
379 41
380 65
381 332
382 194
383 5
384 364
385 184
386 336
387 273
388 246
389 245
390 64
391 182
392 125
393 136
394 41
395 365
396 192
397 356
398 171
399 198
400 83
401 293
402 210
403 269
404 400
405 130
406 303
407 115
408 301
409 89
410 210
411 331
412 269
413 96
414 244
415 388
416 399
417 206
418 182
419 60
420 9
421 286
422 350
423 82
424 394
425 388
426 199
427 399
428 92
429 194
430 138
431 214
432 176
433 397
434 137
435 428
436 66
437 5
438 402
439 13
440 328
441 241
442 135
443 388
444 128
445 248
446 260
447 188
448 431
449 57
450 315
451 258
452 25
453 127
454 240
455 244
456 140
457 318
458 212
459 162
460 23
461 409
462 378
463 222
464 330
465 233
466 352
467 279
468 302
469 257
470 435
471 200
472 395
473 300
474 197
475 187
476 396
477 464
478 119
479 119
480 447
481 311
482 235
483 361
484 206
485 201
486 339
487 451
488 361
489 187
490 229
491 267
492 253
493 39
494 82
495 477
496 379
497 58
498 473
499 299
500 472
501 280
502 96
503 472
504 107
505 36
506 478
507 342
508 24
509 1
510 3
511 395
512 237
513 10
514 58
515 74
516 199
517 323
518 119
519 17
520 215
521 253
522 213
523 380
524 43
525 470
526 330
527 274
528 62
529 495
530 325
531 293
532 276
533 292
534 409
535 445
536 509
537 455
538 201
539 445
540 94
541 110
542 389
543 188
544 12
545 529
546 372
547 43
548 171
549 360
550 408
551 196
552 475
553 131
554 28
555 417
556 505
557 145
558 478
559 138
560 233
561 152
562 27
563 366
564 441
565 76
566 376
567 102
568 240
569 311
570 212
571 476
572 227
573 31
574 478
575 481
576 441
577 556
578 474
579 195
580 4
581 343
582 381
583 305
584 136
585 85
586 570
587 83
588 363
589 312
590 488
591 526
592 87
593 565
594 466
595 362
596 149
597 276
598 178
599 53
600 539
601 292
602 238
603 260
604 562
605 232
606 220
607 224
608 173
609 539
610 574
611 415
612 141
613 537
614 150
615 81
616 72
617 476
618 265
619 355
620 329
621 128
622 79
623 53
624 391
625 406
626 551
627 592
628 501
629 581
630 121
631 502
632 259
633 628
634 163
635 70
636 279
637 270
638 592
639 354
640 316
641 159
642 379
643 95
644 137
645 236
646 546
647 486
648 404
649 414
650 133
651 491
652 58
653 223
654 198
655 483
656 532
657 124
658 338
659 172
660 451
661 454
662 124
663 574
664 302
665 641
666 234
667 56
668 286
669 32
670 416
671 352
672 503
673 279
674 235
675 53
676 423
677 479
678 408
679 288
680 559
681 45
682 123
683 637
684 535
685 199
686 144
687 319
688 18
689 326
690 464
691 362
692 382
693 343
694 8
695 526
696 173
697 26
698 170
699 613
700 445
701 426
702 692
703 370
704 447
705 483
706 402
707 104
708 263
709 342
710 178
711 494
712 230
713 473
714 227
715 306
716 458
717 496
718 104
719 231
720 523
721 437
722 3
723 435
724 523
725 716
726 105
727 98
728 57
729 40
730 14
731 287
732 220
733 676
734 270
735 138
736 3
737 259
738 482
739 438
740 164
741 541
742 648
743 558
744 490
745 352
746 307
747 7
748 481
749 652
750 457
751 637
752 535
753 343
754 603
755 692
756 233
757 522
758 295
759 323
760 740
761 553
762 708
763 162
764 664
765 327
766 703
767 532
768 504
769 120
770 729
771 293
772 137
773 741
774 716
775 245
776 366
777 340
778 368
779 224
780 60
781 625
782 118
783 212
784 357
785 174
786 342
787 21
788 680
789 460
790 102
791 403
792 348
793 599
794 89
795 270
796 1
797 70
798 744
799 313
800 592
801 129
802 548
803 481
804 742
805 237
806 138
807 314
808 323
809 108
810 336
811 569
812 352
813 106
814 439
815 493
816 98
817 281
818 446
819 487
820 241
821 350
822 326
823 436
824 39
825 777
826 48
827 593
828 796
829 297
830 528
831 400
832 792
833 798
834 551
835 446
836 461
837 733
838 489
839 93
840 768
841 528
842 470
843 9
844 620
845 467
846 733
847 166
848 367
849 760
850 141
851 400
852 733
853 88
854 364
855 686
856 229
857 344
858 812
859 633
860 136
861 420
862 694
863 293
864 231
865 111
866 799
867 444
868 595
869 542
870 567
871 98
872 493
873 696
874 793
875 137
876 716
877 61
878 339
879 789
880 238
881 108
882 286
883 536
884 720
885 47
886 717
887 161
888 221
889 282
890 415
891 263
892 821
893 468
894 112
895 489
896 674
897 533
898 151
899 424
900 54
901 74
902 516
903 206
904 647
905 525
906 79
907 585
908 256
909 898
910 822
911 325
912 25
913 627
914 93
915 122
916 586
917 161
918 347
919 639
920 178
921 73
922 177
923 251
924 809
925 644
926 651
927 295
928 894
929 719
930 580
931 407
932 364
933 147
934 891
935 352
936 770
937 518
938 573
939 305
940 303
941 560
942 102
943 897
944 75
945 512
946 534
947 393
948 378
949 732
950 388
951 950
952 951
953 952
954 953
955 954
956 955
957 956
958 957
959 958
960 959
961 960
962 961
963 962
964 963
965 964
966 965
967 966
968 967
969 968
970 969
971 970
972 971
973 972
974 973
975 974
976 975
977 976
978 977
979 978
980 979
981 980
982 981
983 982
984 983
985 984
986 985
987 986
988 987
989 988
990 989
991 990
992 991
993 992
994 993
995 994
996 995
997 996
998 997
999 998
1000 999
1000 388
