10000 10009
2 1
3 2
4 2
5 2
6 2
7 3
8 3
9 2
10 6
11 6
12 4
13 4
14 11
15 3
16 8
17 13
18 13
19 6
20 15
21 10
22 12
23 21
24 16
25 1
26 20
27 6
28 7
29 25
30 24
31 7
32 15
33 28
34 8
35 32
36 14
37 36
38 12
39 30
40 10
41 36
42 13
43 7
44 25
45 11
46 38
47 26
48 37
49 29
50 44
51 6
52 30
53 9
54 43
55 20
56 18
57 27
58 19
59 55
60 45
61 28
62 3
63 17
64 33
65 53
66 18
67 18
68 53
69 68
70 18
71 45
72 43
73 31
74 19
75 15
76 47
77 71
78 46
79 17
80 34
81 14
82 2
83 41
84 45
85 13
86 83
87 60
88 80
89 39
90 78
91 16
92 88
93 8
94 40
95 77
96 47
97 15
98 47
99 62
100 3
101 45
102 41
103 98
104 103
105 68
106 96
107 72
108 73
109 76
110 36
111 78
112 95
113 49
114 54
115 44
116 11
117 38
118 4
119 66
120 8
121 108
122 5
123 51
124 16
125 58
126 17
127 102
128 72
129 107
130 56
131 71
132 129
133 3
134 29
135 61
136 31
137 121
138 14
139 14
140 90
141 2
142 140
143 123
144 40
145 5
146 5
147 93
148 58
149 81
150 66
151 1
152 148
153 138
154 89
155 74
156 14
157 109
158 115
159 12
160 61
161 39
162 6
163 143
164 46
165 102
166 156
167 108
168 165
169 128
170 17
171 50
172 111
173 78
174 62
175 100
176 20
177 122
178 24
179 60
180 50
181 29
182 164
183 85
184 167
185 2
186 136
187 104
188 85
189 29
190 22
191 137
192 31
193 165
194 180
195 159
196 113
197 10
198 135
199 117
200 43
201 8
202 54
203 70
204 166
205 194
206 15
207 108
208 18
209 160
210 145
211 108
212 177
213 126
214 166
215 20
216 131
217 75
218 10
219 154
220 11
221 194
222 32
223 212
224 12
225 196
226 222
227 52
228 161
229 140
230 165
231 193
232 53
233 66
234 56
235 75
236 122
237 84
238 5
239 77
240 22
241 120
242 240
243 102
244 25
245 112
246 43
247 198
248 103
249 77
250 128
251 61
252 178
253 185
254 167
255 178
256 229
257 228
258 107
259 36
260 92
261 259
262 94
263 186
264 82
265 44
266 43
267 262
268 137
269 4
270 156
271 84
272 8
273 97
274 45
275 41
276 159
277 188
278 197
279 72
280 157
281 72
282 189
283 210
284 40
285 113
286 24
287 97
288 34
289 102
290 273
291 269
292 206
293 59
294 214
295 194
296 242
297 104
298 12
299 154
300 267
301 260
302 31
303 105
304 151
305 203
306 131
307 218
308 278
309 41
310 3
311 45
312 104
313 140
314 97
315 6
316 127
317 294
318 204
319 51
320 161
321 233
322 270
323 199
324 269
325 41
326 305
327 308
328 310
329 285
330 281
331 312
332 275
333 22
334 121
335 8
336 284
337 295
338 157
339 190
340 57
341 71
342 36
343 288
344 80
345 202
346 52
347 166
348 231
349 88
350 226
351 175
352 330
353 173
354 195
355 17
356 80
357 115
358 272
359 71
360 291
361 220
362 313
363 283
364 133
365 241
366 180
367 107
368 9
369 35
370 182
371 274
372 8
373 234
374 218
375 55
376 233
377 81
378 296
379 308
380 153
381 72
382 227
383 278
384 308
385 242
386 59
387 368
388 194
389 375
390 96
391 55
392 305
393 355
394 112
395 238
396 28
397 381
398 391
399 208
400 337
401 97
402 194
403 220
404 152
405 391
406 222
407 208
408 236
409 345
410 181
411 69
412 382
413 353
414 122
415 88
416 284
417 377
418 245
419 268
420 308
421 333
422 134
423 210
424 48
425 420
426 305
427 407
428 10
429 7
430 313
431 239
432 305
433 400
434 393
435 38
436 133
437 169
438 70
439 312
440 403
441 283
442 239
443 53
444 327
445 299
446 413
447 91
448 275
449 64
450 418
451 434
452 313
453 179
454 348
455 191
456 122
457 262
458 133
459 394
460 89
461 358
462 341
463 181
464 155
465 97
466 302
467 191
468 352
469 88
470 252
471 235
472 65
473 174
474 245
475 268
476 300
477 186
478 406
479 276
480 47
481 170
482 444
483 261
484 163
485 159
486 375
487 171
488 465
489 314
490 150
491 266
492 272
493 394
494 360
495 352
496 45
497 483
498 138
499 208
500 111
501 296
502 5
503 344
504 362
505 138
506 450
507 321
508 78
509 167
510 142
511 474
512 437
513 20
514 355
515 193
516 350
517 316
518 283
519 108
520 315
521 54
522 95
523 395
524 355
525 351
526 492
527 50
528 233
529 485
530 371
531 157
532 17
533 366
534 1
535 236
536 173
537 223
538 322
539 399
540 379
541 129
542 390
543 97
544 381
545 191
546 368
547 330
548 511
549 502
550 518
551 462
552 382
553 428
554 55
555 498
556 444
557 233
558 332
559 88
560 254
561 346
562 263
563 534
564 78
565 264
566 252
567 217
568 202
569 85
570 426
571 2
572 145
573 348
574 338
575 425
576 168
577 492
578 321
579 54
580 21
581 505
582 578
583 434
584 395
585 3
586 266
587 386
588 58
589 549
590 164
591 517
592 72
593 575
594 547
595 404
596 322
597 105
598 458
599 267
600 584
601 45
602 371
603 535
604 28
605 309
606 110
607 5
608 360
609 506
610 330
611 36
612 135
613 122
614 469
615 505
616 325
617 459
618 284
619 37
620 480
621 206
622 391
623 361
624 622
625 294
626 559
627 316
628 232
629 214
630 392
631 126
632 330
633 310
634 344
635 266
636 626
637 514
638 400
639 29
640 578
641 458
642 156
643 485
644 449
645 424
646 269
647 213
648 188
649 413
650 122
651 427
652 552
653 244
654 294
655 311
656 380
657 254
658 322
659 454
660 646
661 532
662 469
663 207
664 64
665 592
666 121
667 173
668 124
669 505
670 571
671 414
672 229
673 282
674 536
675 457
676 54
677 67
678 506
679 211
680 331
681 72
682 487
683 285
684 303
685 304
686 490
687 638
688 636
689 167
690 64
691 477
692 89
693 84
694 674
695 323
696 578
697 396
698 264
699 126
700 409
701 513
702 368
703 385
704 192
705 44
706 683
707 233
708 111
709 440
710 405
711 683
712 359
713 700
714 685
715 32
716 33
717 445
718 611
719 206
720 127
721 497
722 620
723 373
724 426
725 129
726 597
727 577
728 143
729 385
730 186
731 531
732 171
733 115
734 39
735 542
736 280
737 735
738 191
739 150
740 469
741 381
742 9
743 343
744 713
745 553
746 253
747 668
748 498
749 487
750 48
751 647
752 128
753 717
754 414
755 488
756 221
757 84
758 655
759 213
760 76
761 295
762 651
763 198
764 216
765 589
766 690
767 173
768 642
769 403
770 534
771 488
772 652
773 740
774 435
775 668
776 740
777 336
778 300
779 771
780 148
781 402
782 21
783 105
784 414
785 394
786 703
787 525
788 761
789 91
790 370
791 431
792 724
793 438
794 127
795 458
796 642
797 681
798 50
799 354
800 192
801 105
802 199
803 245
804 695
805 209
806 308
807 391
808 157
809 688
810 663
811 416
812 401
813 735
814 353
815 473
816 451
817 168
818 560
819 533
820 288
821 444
822 183
823 184
824 319
825 326
826 641
827 9
828 637
829 14
830 513
831 429
832 215
833 320
834 817
835 238
836 259
837 154
838 706
839 579
840 768
841 369
842 688
843 251
844 779
845 660
846 554
847 636
848 450
849 456
850 693
851 450
852 406
853 694
854 592
855 778
856 630
857 240
858 745
859 167
860 42
861 657
862 358
863 22
864 292
865 184
866 472
867 239
868 317
869 717
870 569
871 457
872 839
873 243
874 341
875 417
876 453
877 555
878 30
879 54
880 142
881 376
882 511
883 816
884 102
885 394
886 830
887 560
888 233
889 643
890 109
891 595
892 780
893 84
894 194
895 531
896 246
897 113
898 390
899 162
900 6
901 45
902 863
903 656
904 584
905 823
906 559
907 287
908 162
909 868
910 806
911 504
912 95
913 26
914 9
915 186
916 872
917 690
918 372
919 691
920 473
921 183
922 661
923 592
924 497
925 61
926 867
927 57
928 391
929 236
930 882
931 39
932 416
933 806
934 417
935 801
936 545
937 604
938 719
939 464
940 675
941 501
942 6
943 844
944 840
945 317
946 51
947 131
948 98
949 504
950 883
951 950
952 950
953 883
954 951
955 951
956 952
957 953
958 956
959 951
960 883
961 953
962 950
963 961
964 883
965 962
966 962
967 961
968 954
969 953
970 950
971 961
972 964
973 958
974 966
975 950
976 963
977 951
978 960
979 964
980 974
981 954
982 954
983 975
984 983
985 982
986 960
987 966
988 962
989 979
990 962
991 951
992 968
993 985
994 957
995 950
996 974
997 981
998 993
999 979
1000 990
1001 968
1002 973
1003 1002
1004 959
1005 990
1006 971
1007 1006
1008 962
1009 1004
1010 951
1011 952
1012 1002
1013 1003
1014 992
1015 992
1016 972
1017 962
1018 1002
1019 986
1020 1015
1021 952
1022 1020
1023 973
1024 1007
1025 996
1026 994
1027 1012
1028 1004
1029 1027
1030 970
1031 1004
1032 974
1033 954
1034 1022
1035 1007
1036 1024
1037 969
1038 1022
1039 997
1040 982
1041 1005
1042 995
1043 960
1044 951
1045 998
1046 981
1047 967
1048 1037
1049 1026
1050 1025
1051 1019
1052 951
1053 976
1054 1001
1055 1001
1056 1040
1057 1046
1058 992
1059 985
1060 990
1061 956
1062 1013
1063 1038
1064 1060
1065 1007
1066 963
1067 1000
1068 973
1069 1039
1070 1031
1071 987
1072 981
1073 964
1074 1053
1075 116
1076 116
1077 1076
1078 116
1079 1078
1080 1075
1081 1078
1082 1079
1083 1082
1084 1079
1085 1080
1086 116
1087 1084
1088 1085
1089 1084
1090 1076
1091 1085
1092 1083
1093 1075
1094 1091
1095 1083
1096 1092
1097 1075
1098 1082
1099 1093
1100 1087
1101 1076
1102 1078
1103 1083
1104 1077
1105 1102
1106 1099
1107 1090
1108 1082
1109 1094
1110 1104
1111 1076
1112 1095
1113 116
1114 1110
1115 1090
1116 1088
1117 1106
1118 1077
1119 1118
1120 1115
1121 1088
1122 1080
1123 1112
1124 1097
1125 1106
1126 1096
1127 1079
1128 1104
1129 1123
1130 1125
1131 1105
1132 1115
1133 1121
1134 1085
1135 1111
1136 1079
1137 1100
1138 1106
1139 1116
1140 1111
1141 1099
1142 1108
1143 116
1144 1087
1145 1109
1146 1077
1147 1122
1148 1098
1149 1086
1150 1080
1151 1141
1152 1139
1153 1137
1154 1123
1155 1145
1156 1136
1157 1084
1158 1112
1159 1098
1160 116
1161 1116
1162 1128
1163 1159
1164 1121
1165 1101
1166 1079
1167 1080
1168 1125
1169 1113
1170 1137
1171 1093
1172 1096
1173 1172
1174 1172
1175 1133
1176 1115
1177 1125
1178 1116
1179 1102
1180 1139
1181 1169
1182 1154
1183 1122
1184 1081
1185 1131
1186 1141
1187 1142
1188 1122
1189 1147
1190 1136
1191 1096
1192 1094
1193 1167
1194 1105
1195 1149
1196 1086
1197 1159
1198 1084
1199 1168
1200 1125
1201 1195
1202 1127
1203 1151
1204 1103
1205 1150
1206 1175
1207 1167
1208 1177
1209 1139
1210 1129
1211 1099
1212 1128
1213 1136
1214 1111
1215 1155
1216 1137
1217 1120
1218 1118
1219 1111
1220 1092
1221 1083
1222 1115
1223 1212
1224 116
1225 1170
1226 1211
1227 1191
1228 1098
1229 1194
1230 1177
1231 1212
1232 1228
1233 1210
1234 1140
1235 1205
1236 1101
1237 1138
1238 1218
1239 1116
1240 1140
1241 1203
1242 1238
1243 1220
1244 1230
1245 1193
1246 1219
1247 1204
1248 1219
1249 1119
1250 1247
1251 1225
1252 1142
1253 1190
1254 1109
1255 1233
1256 1106
1257 1197
1258 1171
1259 1150
1260 1238
1261 1258
1262 1172
1263 1227
1264 1225
1265 1149
1266 1176
1267 1209
1268 1085
1269 1142
1270 1119
1271 1104
1272 1198
1273 1264
1274 1130
1275 1272
1276 1173
1277 1114
1278 1234
1279 1252
1280 1226
1281 1213
1282 1207
1283 1103
1284 1104
1285 1090
1286 1274
1287 1133
1288 1220
1289 1112
1290 1235
1291 1238
1292 1210
1293 1103
1294 1152
1295 1196
1296 1142
1297 1291
1298 1107
1299 1109
1300 1202
1301 1144
1302 1272
1303 1118
1304 1123
1305 1101
1306 1269
1307 1163
1308 1137
1309 1210
1310 1305
1311 1199
1312 1260
1313 1227
1314 1190
1315 1289
1316 1155
1317 1289
1318 1190
1319 1202
1320 1307
1321 1220
1322 1130
1323 1222
1324 1230
1325 1134
1326 1086
1327 1191
1328 1149
1329 1256
1330 1318
1331 1317
1332 1077
1333 1234
1334 1324
1335 1138
1336 1158
1337 1283
1338 1096
1339 1083
1340 1287
1341 1248
1342 1247
1343 1269
1344 1328
1345 1282
1346 1100
1347 1310
1348 1118
1349 1211
1350 1086
1351 1101
1352 1274
1353 1295
1354 1152
1355 1252
1356 1166
1357 1274
1358 1307
1359 1355
1360 1197
1361 1245
1362 1264
1363 1228
1364 1277
1365 1190
1366 1164
1367 1217
1368 1316
1369 1287
1370 1225
1371 1368
1372 1369
1373 1156
1374 1184
1375 1203
1376 1076
1377 1304
1378 1354
1379 1276
1380 1255
1381 1361
1382 1121
1383 1207
1384 1269
1385 1303
1386 1253
1387 1297
1388 1382
1389 1082
1390 1384
1391 1353
1392 1331
1393 1158
1394 1361
1395 1165
1396 1206
1397 1104
1398 1302
1399 1241
1400 1247
1401 1167
1402 1362
1403 1203
1404 1306
1405 1140
1406 1388
1407 1123
1408 1228
1409 1351
1410 1086
1411 1374
1412 1080
1413 1259
1414 1139
1415 1409
1416 1130
1417 1311
1418 1338
1419 1162
1420 1334
1421 1109
1422 1212
1423 1150
1424 1125
1425 1253
1426 1354
1427 1370
1428 1165
1429 1308
1430 1216
1431 116
1432 1172
1433 1171
1434 1187
1435 1139
1436 1245
1437 1235
1438 1096
1439 1380
1440 1438
1441 1177
1442 1402
1443 1406
1444 1296
1445 1080
1446 1081
1447 1368
1448 1280
1449 1099
1450 1214
1451 1171
1452 1253
1453 1417
1454 1240
1455 1085
1456 1349
1457 1240
1458 1241
1459 1238
1460 1439
1461 1173
1462 1101
1463 1172
1464 1087
1465 1162
1466 1458
1467 1124
1468 1227
1469 1257
1470 1359
1471 1090
1472 1222
1473 1154
1474 1406
1475 1265
1476 1404
1477 1376
1478 1382
1479 1438
1480 1401
1481 1386
1482 1145
1483 1271
1484 1441
1485 1318
1486 1278
1487 1324
1488 1094
1489 1272
1490 1280
1491 1344
1492 1454
1493 1372
1494 1350
1495 1126
1496 1420
1497 1242
1498 1129
1499 1090
1500 1453
1501 1223
1502 1357
1503 1190
1504 1498
1505 1241
1506 1368
1507 1132
1508 1389
1509 1160
1510 1202
1511 1215
1512 1504
1513 1308
1514 1323
1515 1095
1516 1414
1517 1153
1518 1120
1519 1325
1520 1177
1521 1382
1522 1406
1523 1431
1524 1408
1525 1175
1526 1253
1527 1132
1528 1346
1529 1517
1530 1495
1531 1318
1532 1340
1533 1183
1534 1479
1535 1325
1536 1241
1537 1379
1538 1082
1539 1513
1540 1334
1541 1373
1542 1245
1543 1243
1544 1480
1545 1519
1546 1101
1547 1153
1548 1467
1549 1181
1550 1513
1551 1301
1552 1324
1553 1214
1554 1204
1555 1249
1556 1190
1557 1314
1558 1440
1559 1471
1560 1428
1561 1380
1562 1500
1563 1230
1564 1233
1565 1439
1566 1383
1567 1503
1568 1211
1569 1190
1570 1427
1571 1351
1572 1162
1573 1264
1574 1371
1575 1517
1576 1255
1577 1463
1578 1518
1579 1346
1580 1115
1581 1344
1582 1505
1583 1203
1584 1315
1585 1105
1586 1281
1587 1183
1588 1208
1589 1484
1590 1454
1591 1344
1592 1078
1593 1195
1594 1225
1595 1523
1596 1100
1597 1104
1598 1123
1599 1570
1600 1155
1601 1317
1602 1220
1603 1101
1604 1454
1605 1591
1606 1469
1607 1131
1608 1431
1609 1217
1610 1294
1611 1272
1612 1232
1613 1407
1614 1433
1615 1452
1616 1165
1617 1613
1618 1285
1619 1327
1620 1192
1621 1127
1622 1216
1623 1580
1624 1238
1625 1088
1626 1453
1627 1473
1628 1271
1629 1167
1630 1194
1631 1329
1632 1365
1633 1179
1634 1563
1635 1254
1636 1180
1637 1352
1638 1382
1639 1222
1640 1251
1641 1100
1642 1517
1643 1152
1644 1415
1645 1250
1646 1116
1647 1537
1648 1227
1649 1249
1650 1312
1651 1169
1652 1440
1653 1118
1654 1096
1655 1134
1656 1208
1657 1473
1658 1528
1659 1236
1660 1159
1661 1631
1662 1597
1663 1078
1664 1251
1665 1276
1666 1466
1667 1124
1668 1471
1669 1294
1670 1390
1671 1141
1672 1315
1673 1098
1674 1372
1675 1610
1676 1665
1677 1191
1678 1230
1679 1522
1680 1097
1681 1622
1682 1426
1683 1576
1684 1076
1685 1326
1686 1452
1687 1482
1688 1454
1689 1675
1690 1346
1691 1237
1692 1523
1693 1516
1694 1126
1695 1078
1696 1563
1697 1269
1698 1600
1699 1258
1700 1551
1701 1089
1702 1598
1703 1116
1704 1403
1705 1568
1706 1626
1707 1608
1708 1292
1709 1515
1710 1075
1711 1173
1712 1172
1713 1133
1714 1564
1715 1582
1716 1442
1717 1599
1718 1371
1719 1377
1720 1556
1721 1322
1722 1355
1723 1179
1724 1433
1725 1685
1726 1503
1727 1159
1728 1675
1729 1342
1730 1149
1731 1715
1732 1134
1733 1360
1734 1408
1735 1251
1736 1189
1737 1559
1738 1391
1739 1238
1740 1714
1741 1192
1742 1416
1743 116
1744 1560
1745 1374
1746 1085
1747 1705
1748 1607
1749 1745
1750 1454
1751 1219
1752 1095
1753 1586
1754 1324
1755 1644
1756 1473
1757 1630
1758 1196
1759 1490
1760 1611
1761 1507
1762 1250
1763 1477
1764 1183
1765 1469
1766 1242
1767 1339
1768 1193
1769 1475
1770 1267
1771 1770
1772 1573
1773 1176
1774 1575
1775 1717
1776 1245
1777 1581
1778 1205
1779 1231
1780 1247
1781 1613
1782 1531
1783 1743
1784 1705
1785 1137
1786 1732
1787 1742
1788 1452
1789 1214
1790 1219
1791 1431
1792 1780
1793 1136
1794 1758
1795 1637
1796 1547
1797 1411
1798 1552
1799 1596
1800 1755
1801 1574
1802 1743
1803 1240
1804 1560
1805 1643
1806 1738
1807 1095
1808 1278
1809 1405
1810 1285
1811 1730
1812 1149
1813 1407
1814 1508
1815 1319
1816 1206
1817 1334
1818 1588
1819 1136
1820 1471
1821 1475
1822 1306
1823 1269
1824 1530
1825 1115
1826 1121
1827 1277
1828 1472
1829 1081
1830 1640
1831 1754
1832 1366
1833 1327
1834 1610
1835 1676
1836 1602
1837 1160
1838 1365
1839 1247
1840 1124
1841 1381
1842 1451
1843 1644
1844 1746
1845 1300
1846 1264
1847 1761
1848 1269
1849 1618
1850 1818
1851 1136
1852 1466
1853 1198
1854 1688
1855 1662
1856 1262
1857 1798
1858 1835
1859 1286
1860 1726
1861 1317
1862 1100
1863 1173
1864 1445
1865 1792
1866 1388
1867 1412
1868 1189
1869 1735
1870 1254
1871 1736
1872 1163
1873 1563
1874 1545
1875 1493
1876 1448
1877 1747
1878 1815
1879 1747
1880 1181
1881 1280
1882 1168
1883 1537
1884 1559
1885 1728
1886 1761
1887 1708
1888 1480
1889 1860
1890 1869
1891 1458
1892 1684
1893 1200
1894 1835
1895 1085
1896 1274
1897 1319
1898 1085
1899 1113
1900 1892
1901 1299
1902 1495
1903 1881
1904 1347
1905 1403
1906 1854
1907 1501
1908 1505
1909 1455
1910 1542
1911 1474
1912 1160
1913 1261
1914 1477
1915 1543
1916 1725
1917 1156
1918 1693
1919 1730
1920 1510
1921 1835
1922 1078
1923 1903
1924 1821
1925 1570
1926 1657
1927 1643
1928 1237
1929 1559
1930 1502
1931 1836
1932 1717
1933 1392
1934 1447
1935 1486
1936 1371
1937 1299
1938 1451
1939 1535
1940 1110
1941 1652
1942 1804
1943 1125
1944 1303
1945 1740
1946 1433
1947 1789
1948 1732
1949 1219
1950 1225
1951 1389
1952 1706
1953 1905
1954 1766
1955 1162
1956 1103
1957 1880
1958 1887
1959 1393
1960 1703
1961 1398
1962 1094
1963 1464
1964 1740
1965 1530
1966 1342
1967 1952
1968 1682
1969 1711
1970 1583
1971 1524
1972 1941
1973 1352
1974 1457
1975 1639
1976 1826
1977 1214
1978 1573
1979 1809
1980 1289
1981 1304
1982 1760
1983 1693
1984 1376
1985 1433
1986 1181
1987 1928
1988 1762
1989 1881
1990 1379
1991 1140
1992 1198
1993 1308
1994 1765
1995 1821
1996 1289
1997 1564
1998 1153
1999 1474
2000 1178
2001 1374
2002 1770
2003 1182
2004 1946
2005 1368
2006 1269
2007 1745
2008 1539
2009 1456
2010 1087
2011 1796
2012 1149
2013 1378
2014 1646
2015 1703
2016 1910
2017 1512
2018 1868
2019 1874
2020 1561
2021 1899
2022 1255
2023 1123
2024 1807
2025 1476
2026 1555
2027 1811
2028 1702
2029 1820
2030 1503
2031 1227
2032 1017
2033 1017
2034 1017
2035 2034
2036 2034
2037 2036
2038 2032
2039 2034
2040 2034
2041 2040
2042 2033
2043 2041
2044 2041
2045 2038
2046 2044
2047 2042
2048 2039
2049 2039
2050 2044
2051 2050
2052 2050
2053 2032
2054 2034
2055 2050
2056 2037
2057 2046
2058 2038
2059 2054
2060 2059
2061 2043
2062 2055
2063 1017
2064 2041
2065 2044
2066 2054
2067 2057
2068 2045
2069 2049
2070 2056
2071 2070
2072 2038
2073 2070
2074 2063
2075 2049
2076 2047
2077 2075
2078 2069
2079 2044
2080 2046
2081 2034
2082 2042
2083 2075
2084 2080
2085 2036
2086 2069
2087 2063
2088 2054
2089 2081
2090 2079
2091 2072
2092 2089
2093 2089
2094 1017
2095 2075
2096 2057
2097 2093
2098 2061
2099 2048
2100 2032
2101 2077
2102 2088
2103 2093
2104 2087
2105 2076
2106 2088
2107 2105
2108 2066
2109 2095
2110 2056
2111 2066
2112 2079
2113 2094
2114 2112
2115 2088
2116 2111
2117 2044
2118 2035
2119 1017
2120 2050
2121 2049
2122 2114
2123 2105
2124 2034
2125 2081
2126 2067
2127 2090
2128 2084
2129 2075
2130 2127
2131 2126
2132 2119
2133 2122
2134 2052
2135 2062
2136 2130
2137 2130
2138 2124
2139 2056
2140 2116
2141 2086
2142 2111
2143 2122
2144 2141
2145 2064
2146 2058
2147 2103
2148 2132
2149 2075
2150 2111
2151 2147
2152 2032
2153 2071
2154 2089
2155 2049
2156 2080
2157 2109
2158 2128
2159 2140
2160 2057
2161 2138
2162 2156
2163 2039
2164 2084
2165 2063
2166 2086
2167 2124
2168 2054
2169 2101
2170 2063
2171 2086
2172 2073
2173 2125
2174 2108
2175 2054
2176 2136
2177 2164
2178 2052
2179 2074
2180 2126
2181 2039
2182 2075
2183 2058
2184 2071
2185 2087
2186 2138
2187 2101
2188 2101
2189 2115
2190 2179
2191 2098
2192 2104
2193 1017
2194 2124
2195 2052
2196 2121
2197 2141
2198 2150
2199 2180
2200 2159
2201 2135
2202 2081
2203 2115
2204 2100
2205 2128
2206 2119
2207 2054
2208 2179
2209 2036
2210 2131
2211 2204
2212 2188
2213 2195
2214 2097
2215 2060
2216 2035
2217 2209
2218 2189
2219 2172
2220 2100
2221 2085
2222 2172
2223 2155
2224 2220
2225 2142
2226 2154
2227 2084
2228 2150
2229 2148
2230 2061
2231 2192
2232 2172
2233 2039
2234 2043
2235 2152
2236 2066
2237 2125
2238 2233
2239 2232
2240 2177
2241 2048
2242 2142
2243 2118
2244 2152
2245 2131
2246 2114
2247 2241
2248 2079
2249 2126
2250 2141
2251 2226
2252 2133
2253 2099
2254 2082
2255 2247
2256 2238
2257 2095
2258 2111
2259 2135
2260 2209
2261 2258
2262 2212
2263 2255
2264 2136
2265 2220
2266 2170
2267 2084
2268 2169
2269 2121
2270 2128
2271 2238
2272 2204
2273 2038
2274 2208
2275 2154
2276 2169
2277 2151
2278 2225
2279 2073
2280 2187
2281 2201
2282 2119
2283 2160
2284 2082
2285 2105
2286 2261
2287 2054
2288 2183
2289 2053
2290 2167
2291 2033
2292 2151
2293 2182
2294 2138
2295 2209
2296 2076
2297 2230
2298 2204
2299 2135
2300 2290
2301 2277
2302 2265
2303 2103
2304 2103
2305 2182
2306 2259
2307 2274
2308 2295
2309 2149
2310 2235
2311 2109
2312 2209
2313 2032
2314 2308
2315 2293
2316 2313
2317 2198
2318 2293
2319 2089
2320 2224
2321 2279
2322 2266
2323 2194
2324 2304
2325 2079
2326 2075
2327 2262
2328 2324
2329 2049
2330 2058
2331 2221
2332 2137
2333 2085
2334 2182
2335 2323
2336 2276
2337 2329
2338 2072
2339 2101
2340 2117
2341 2073
2342 2297
2343 2308
2344 2183
2345 2153
2346 2217
2347 2133
2348 2301
2349 2097
2350 2249
2351 1017
2352 2282
2353 2168
2354 2052
2355 2163
2356 2144
2357 2291
2358 2301
2359 2207
2360 2223
2361 2313
2362 2270
2363 2351
2364 2242
2365 2207
2366 2365
2367 2259
2368 2281
2369 2246
2370 2333
2371 2176
2372 2076
2373 2345
2374 2364
2375 2327
2376 2046
2377 2345
2378 2220
2379 2272
2380 2309
2381 2212
2382 2152
2383 2200
2384 1017
2385 2228
2386 2097
2387 2299
2388 2350
2389 2226
2390 2160
2391 2131
2392 2253
2393 2341
2394 2242
2395 2368
2396 2085
2397 2369
2398 2034
2399 2150
2400 2232
2401 2045
2402 2165
2403 2098
2404 2315
2405 2244
2406 2087
2407 2060
2408 2161
2409 2211
2410 2067
2411 2386
2412 2163
2413 2177
2414 2168
2415 2148
2416 2338
2417 2315
2418 2342
2419 2231
2420 2303
2421 2313
2422 2305
2423 2346
2424 2196
2425 2136
2426 2319
2427 2164
2428 2094
2429 2263
2430 2147
2431 2124
2432 2309
2433 2410
2434 2218
2435 2062
2436 2196
2437 2260
2438 2153
2439 2149
2440 2150
2441 2243
2442 2357
2443 2160
2444 2349
2445 2329
2446 2324
2447 2324
2448 2298
2449 2275
2450 2199
2451 2269
2452 2279
2453 2435
2454 2191
2455 2197
2456 2054
2457 2190
2458 2313
2459 2219
2460 2357
2461 2273
2462 2304
2463 2277
2464 2401
2465 2386
2466 2064
2467 2151
2468 2185
2469 2083
2470 2251
2471 2393
2472 2349
2473 2433
2474 2042
2475 2033
2476 2408
2477 2310
2478 2032
2479 2151
2480 2305
2481 2349
2482 2075
2483 2351
2484 2146
2485 2198
2486 2255
2487 2090
2488 2448
2489 2396
2490 2034
2491 2382
2492 2234
2493 2256
2494 2112
2495 2033
2496 2048
2497 2199
2498 2167
2499 2278
2500 2060
2501 2470
2502 2315
2503 2104
2504 2185
2505 2150
2506 2460
2507 2329
2508 2247
2509 2077
2510 2479
2511 2109
2512 2121
2513 2304
2514 2130
2515 2184
2516 2269
2517 2086
2518 2101
2519 2267
2520 2134
2521 2505
2522 2151
2523 2075
2524 2105
2525 2082
2526 2037
2527 2177
2528 2454
2529 2158
2530 2397
2531 2209
2532 2157
2533 2216
2534 2125
2535 2435
2536 2101
2537 2085
2538 2347
2539 2181
2540 2305
2541 2193
2542 2282
2543 2038
2544 2272
2545 2168
2546 2047
2547 2476
2548 2059
2549 2478
2550 2500
2551 2375
2552 2130
2553 2405
2554 2512
2555 2277
2556 2293
2557 2471
2558 2136
2559 2036
2560 2173
2561 2494
2562 2423
2563 2355
2564 2110
2565 2465
2566 2327
2567 2193
2568 2446
2569 2166
2570 2266
2571 2543
2572 2073
2573 2050
2574 2302
2575 2227
2576 2411
2577 2088
2578 2173
2579 2304
2580 2229
2581 2331
2582 2467
2583 2351
2584 2162
2585 2190
2586 2317
2587 2433
2588 2084
2589 2094
2590 2218
2591 2570
2592 2325
2593 2215
2594 2535
2595 2552
2596 2336
2597 2336
2598 2469
2599 2034
2600 2047
2601 2385
2602 2196
2603 2373
2604 2550
2605 2584
2606 2231
2607 2579
2608 2359
2609 2388
2610 2234
2611 2407
2612 2119
2613 2049
2614 2460
2615 2514
2616 2452
2617 2137
2618 2545
2619 2297
2620 2133
2621 2476
2622 2147
2623 2084
2624 2366
2625 2547
2626 2192
2627 2168
2628 2587
2629 2498
2630 2604
2631 2102
2632 2067
2633 2106
2634 2207
2635 2307
2636 2157
2637 2325
2638 2477
2639 2230
2640 2406
2641 2348
2642 2252
2643 2565
2644 2444
2645 2222
2646 2512
2647 2408
2648 2164
2649 2366
2650 2645
2651 2523
2652 2303
2653 2139
2654 2434
2655 2513
2656 2355
2657 2417
2658 2217
2659 2236
2660 2495
2661 2483
2662 2521
2663 2302
2664 2392
2665 2049
2666 2101
2667 2615
2668 2120
2669 2520
2670 2349
2671 2108
2672 2452
2673 2447
2674 2078
2675 2238
2676 2592
2677 2163
2678 2288
2679 2601
2680 2541
2681 2287
2682 2414
2683 2269
2684 2629
2685 2331
2686 2228
2687 2337
2688 2439
2689 2388
2690 2158
2691 2675
2692 2398
2693 2293
2694 2342
2695 2593
2696 2101
2697 2556
2698 2535
2699 2691
2700 2198
2701 2114
2702 2476
2703 2630
2704 2416
2705 2492
2706 2269
2707 2666
2708 2199
2709 2409
2710 2247
2711 2381
2712 2093
2713 2430
2714 2452
2715 2659
2716 2684
2717 2225
2718 2491
2719 2132
2720 2330
2721 2262
2722 2247
2723 2681
2724 2077
2725 2356
2726 2167
2727 2591
2728 2549
2729 2575
2730 2406
2731 2038
2732 2595
2733 2232
2734 2503
2735 2291
2736 2494
2737 2174
2738 2532
2739 2194
2740 2388
2741 2286
2742 2054
2743 2261
2744 2396
2745 2153
2746 2068
2747 2203
2748 2245
2749 2102
2750 2107
2751 2314
2752 2561
2753 2677
2754 2492
2755 2210
2756 2261
2757 2087
2758 2475
2759 2192
2760 2364
2761 2657
2762 2348
2763 2124
2764 2643
2765 2660
2766 2438
2767 2403
2768 2496
2769 2299
2770 2413
2771 2433
2772 2491
2773 2070
2774 2329
2775 2744
2776 2313
2777 2156
2778 2121
2779 2207
2780 2280
2781 2306
2782 2480
2783 2036
2784 2460
2785 2060
2786 2067
2787 2647
2788 2116
2789 2581
2790 2345
2791 2509
2792 2170
2793 2407
2794 2609
2795 2689
2796 2441
2797 2466
2798 2569
2799 2742
2800 2091
2801 2281
2802 2753
2803 2276
2804 2135
2805 2614
2806 2222
2807 2182
2808 2166
2809 2764
2810 2664
2811 2186
2812 2185
2813 2152
2814 2659
2815 2353
2816 2082
2817 2776
2818 2577
2819 2663
2820 2033
2821 2180
2822 2187
2823 2228
2824 2663
2825 2619
2826 2730
2827 2238
2828 2136
2829 2261
2830 2306
2831 2349
2832 2144
2833 2054
2834 2702
2835 2665
2836 2101
2837 2157
2838 2266
2839 2431
2840 2826
2841 2819
2842 2528
2843 2293
2844 2530
2845 2558
2846 2408
2847 2385
2848 2687
2849 2145
2850 2378
2851 2422
2852 2217
2853 2803
2854 2452
2855 2647
2856 2519
2857 2110
2858 2816
2859 2622
2860 2222
2861 2405
2862 2446
2863 2119
2864 2805
2865 2771
2866 2802
2867 2394
2868 2535
2869 2637
2870 2035
2871 2140
2872 2794
2873 2348
2874 2192
2875 2694
2876 2614
2877 2368
2878 2641
2879 2821
2880 2814
2881 2685
2882 2386
2883 2036
2884 2767
2885 2605
2886 2591
2887 2718
2888 2697
2889 2866
2890 2588
2891 2357
2892 2536
2893 2051
2894 2449
2895 2052
2896 2730
2897 2361
2898 2722
2899 2762
2900 2072
2901 2780
2902 2413
2903 2812
2904 2834
2905 2755
2906 2035
2907 2327
2908 2523
2909 2061
2910 2057
2911 2572
2912 2073
2913 2839
2914 2384
2915 2846
2916 2901
2917 2444
2918 2580
2919 2580
2920 2919
2921 2580
2922 2919
2923 2919
2924 2919
2925 2920
2926 2919
2927 2921
2928 2918
2929 2919
2930 2922
2931 2919
2932 2930
2933 2927
2934 2933
2935 2928
2936 2928
2937 2934
2938 2936
2939 2934
2940 2930
2941 2937
2942 2936
2943 2935
2944 2941
2945 2931
2946 2935
2947 2924
2948 2940
2949 2947
2950 2930
2951 2920
2952 2925
2953 2922
2954 2953
2955 2935
2956 2935
2957 2938
2958 2924
2959 2923
2960 2947
2961 2952
2962 2934
2963 2925
2964 2934
2965 2955
2966 2964
2967 2919
2968 2945
2969 2931
2970 2952
2971 2962
2972 2940
2973 2947
2974 2948
2975 2937
2976 2959
2977 2956
2978 2580
2979 2962
2980 2929
2981 2960
2982 2974
2983 2945
2984 2980
2985 2975
2986 2956
2987 2919
2988 2937
2989 2957
2990 2953
2991 2965
2992 2948
2993 2966
2994 2931
2995 2931
2996 2931
2997 2985
2998 2935
2999 2987
3000 2927
3001 2945
3002 2974
3003 2948
3004 2945
3005 2991
3006 2921
3007 2995
3008 2957
3009 2962
3010 2996
3011 2966
3012 2959
3013 2958
3014 3010
3015 2950
3016 3013
3017 3002
3018 2919
3019 3005
3020 3015
3021 2986
3022 2972
3023 2966
3024 2945
3025 3001
3026 2936
3027 3007
3028 2970
3029 2967
3030 2995
3031 3022
3032 2987
3033 3001
3034 2957
3035 3016
3036 2956
3037 2924
3038 2989
3039 2970
3040 2982
3041 2962
3042 2949
3043 3008
3044 2932
3045 3037
3046 3000
3047 2990
3048 3040
3049 2926
3050 3031
3051 3004
3052 3016
3053 3007
3054 3004
3055 3051
3056 2919
3057 2989
3058 3037
3059 3041
3060 2985
3061 3047
3062 2931
3063 2969
3064 3004
3065 3053
3066 2949
3067 2944
3068 2938
3069 2955
3070 2922
3071 3020
3072 3050
3073 2923
3074 3013
3075 3022
3076 2920
3077 2974
3078 2961
3079 2929
3080 2939
3081 3003
3082 2973
3083 2580
3084 3081
3085 2974
3086 2985
3087 2992
3088 2981
3089 2959
3090 3003
3091 3075
3092 3023
3093 3001
3094 3047
3095 3047
3096 3005
3097 3095
3098 3020
3099 3067
3100 2941
3101 2994
3102 2996
3103 3037
3104 3103
3105 3104
3106 3105
3107 3106
3108 3107
3109 3108
3110 3109
3111 3110
3112 3111
3113 3112
3114 3113
3115 3114
3116 3115
3117 3116
3118 3117
3119 3118
3120 3119
3121 3120
3122 3121
3123 3122
3124 3123
3125 3124
3126 3125
3127 3126
3128 3127
3129 3128
3130 3129
3131 3130
3132 3131
3133 3132
3134 3133
3135 3134
3136 3135
3137 3136
3138 3137
3139 3138
3140 3139
3141 3140
3142 3141
3143 3142
3144 3143
3145 3144
3146 3145
3147 3146
3148 3147
3149 3148
3150 3149
3151 3150
3152 3151
3153 3152
3154 3153
3155 3154
3156 3155
3157 3156
3158 3157
3159 3158
3160 3159
3161 3160
3162 3161
3163 3162
3164 3163
3165 3164
3166 3165
3167 3166
3168 3167
3169 3168
3170 3169
3171 3170
3172 3171
3173 3172
3174 3173
3175 3174
3176 3175
3177 3176
3178 3177
3179 3178
3180 3179
3181 3180
3182 3181
3183 3182
3184 3183
3185 3184
3186 3185
3187 3186
3188 3187
3189 3188
3190 3189
3191 3190
3192 3191
3193 3192
3194 3193
3195 3194
3196 3195
3197 3196
3198 3197
3199 3198
3200 3199
3201 3200
3202 3201
3203 3202
3204 3203
3205 3204
3206 3205
3207 3206
3208 3207
3209 3208
3210 3209
3211 3210
3212 3211
3213 3212
3214 3213
3215 3214
3216 3215
3217 3216
3218 3217
3219 3218
3220 3219
3221 3220
3222 3221
3223 3222
3224 3223
3225 3224
3226 3225
3227 3226
3228 3227
3229 3228
3230 3229
3231 3230
3232 3231
3233 3232
3234 3233
3235 3234
3236 3235
3237 3236
3238 3237
3239 3238
3240 3239
3241 3240
3242 3241
3243 3242
3244 3243
3245 3244
3246 3245
3247 3246
3248 3247
3249 3248
3250 3249
3251 3250
3252 3251
3253 3252
3254 3253
3255 3254
3256 3255
3257 3256
3258 3257
3259 3258
3260 3259
3261 3260
3262 3261
3263 3262
3264 3263
3265 3264
3266 3265
3267 3266
3268 3267
3269 3268
3270 3269
3271 3270
3272 3271
3273 3272
3274 3273
3275 3274
3276 3275
3277 3276
3278 3277
3279 3278
3280 3279
3281 3280
3282 3281
3283 3282
3284 3283
3285 3284
3286 3285
3287 3286
3288 3287
3289 3288
3290 3289
3291 3290
3292 3291
3293 3292
3294 3293
3295 3294
3296 3295
3297 3296
3298 3297
3299 3298
3300 3299
3301 3300
3302 3301
3303 3302
3304 3303
3305 3304
3306 3305
3307 3306
3308 3307
3309 3308
3310 3309
3311 3310
3312 3311
3313 3312
3314 3313
3315 3314
3316 3315
3317 3316
3318 3317
3319 3318
3320 3319
3321 3320
3322 3321
3323 3322
3324 3323
3325 3324
3326 3325
3327 3326
3328 3327
3329 3328
3330 3329
3331 3330
3332 3331
3333 3332
3334 3333
3335 3334
3336 3335
3337 3336
3338 3337
3339 3338
3340 3339
3341 3340
3342 3341
3343 3342
3344 3343
3345 3344
3346 3345
3347 3346
3348 3347
3349 3348
3350 3349
3351 3350
3352 3351
3353 3352
3354 3353
3355 3354
3356 3355
3357 3356
3358 3357
3359 3358
3360 3359
3361 3360
3362 3361
3363 3362
3364 3363
3365 3364
3366 3365
3367 3366
3368 3367
3369 3368
3370 3369
3371 3370
3372 3371
3373 3372
3374 3373
3375 3374
3376 3375
3377 3376
3378 3377
3379 3378
3380 3379
3381 3380
3382 3381
3383 3382
3384 3383
3385 3384
3386 3385
3387 3386
3388 3387
3389 3388
3390 3389
3391 3390
3392 3391
3393 3392
3394 3393
3395 3394
3396 3395
3397 3396
3398 3397
3399 3398
3400 3399
3401 3400
3402 3401
3403 3402
3404 3403
3405 3404
3406 3405
3407 3406
3408 3407
3409 3408
3410 3409
3411 3410
3412 3411
3413 3412
3414 3413
3415 3414
3416 3415
3417 3416
3418 3417
3419 3418
3420 3419
3421 3420
3422 3421
3423 3422
3424 3423
3425 3424
3426 3425
3427 3426
3428 3427
3429 3428
3430 3429
3431 3430
3432 3431
3433 3432
3434 3433
3435 3434
3436 3435
3437 3436
3438 3437
3439 3438
3440 3439
3441 3440
3442 3441
3443 3442
3444 3443
3445 3444
3446 3445
3447 3446
3448 3447
3449 3448
3450 3449
3451 3450
3452 3451
3453 3452
3454 3453
3455 3454
3456 3455
3457 3456
3458 3457
3459 3458
3460 3459
3461 3460
3462 3461
3463 3462
3464 3463
3465 3464
3466 3465
3467 3466
3468 3467
3469 3468
3470 3469
3471 3470
3472 3471
3473 3472
3474 3473
3475 3474
3476 3475
3477 3476
3478 3477
3479 3478
3480 3479
3481 3480
3482 3481
3483 3482
3484 3483
3485 3484
3486 3485
3487 3486
3488 3487
3489 3488
3490 3489
3491 3490
3492 3491
3493 3492
3494 3493
3495 3494
3496 3495
3497 3496
3498 3497
3499 3498
3500 3499
3501 3500
3502 3501
3503 3502
3504 3503
3505 3504
3506 3505
3507 3506
3508 3507
3509 3508
3510 3509
3511 3510
3512 3511
3513 3512
3514 3513
3515 3514
3516 3515
3517 3516
3518 3517
3519 3518
3520 3519
3521 3520
3522 3521
3523 3522
3524 3523
3525 3524
3526 3525
3527 3526
3528 3527
3529 3528
3530 3529
3531 3530
3532 3531
3533 3532
3534 3533
3535 3534
3536 3535
3537 3536
3538 3537
3539 3538
3540 3539
3541 3540
3542 3541
3543 3542
3544 3543
3545 3544
3546 3545
3547 3546
3548 3547
3549 3548
3550 3549
3551 3550
3552 3551
3553 3552
3554 3553
3555 3554
3556 3555
3557 3556
3558 3557
3559 3558
3560 3559
3561 3560
3562 3561
3563 3562
3564 3563
3565 3564
3566 3565
3567 3566
3568 3567
3569 3568
3570 3569
3571 3570
3572 3571
3573 3572
3574 3573
3575 3574
3576 3575
3577 3576
3578 3577
3579 3578
3580 3579
3581 3580
3582 3581
3583 3582
3584 3583
3585 3584
3586 3585
3587 3586
3588 3587
3589 3588
3590 3589
3591 3590
3592 3591
3593 3592
3594 3593
3595 3594
3596 3595
3597 3596
3598 3597
3599 3598
3600 3599
3601 3600
3602 3601
3603 3602
3604 3603
3605 3604
3606 3605
3607 3606
3608 3607
3609 3608
3610 3609
3611 3610
3612 3611
3613 3612
3614 3613
3615 3614
3616 3615
3617 3616
3618 3617
3619 3618
3620 3619
3621 3620
3622 3621
3623 3622
3624 3623
3625 3624
3626 3625
3627 3626
3628 3627
3629 3628
3630 3629
3631 3630
3632 3631
3633 3632
3634 3633
3635 3634
3636 3635
3637 3636
3638 3637
3639 3638
3640 3639
3641 3640
3642 3641
3643 3642
3644 3643
3645 3644
3646 3645
3647 3646
3648 3647
3649 3648
3650 3649
3651 3650
3652 3651
3653 3652
3654 3653
3655 3654
3656 3655
3657 3656
3658 3657
3659 3658
3660 3659
3661 3660
3662 3661
3663 3662
3664 3663
3665 3664
3666 3665
3667 3666
3668 3667
3669 3668
3670 3669
3671 3670
3672 3671
3673 3672
3674 3673
3675 3674
3676 3675
3677 3676
3678 3677
3679 3678
3680 3679
3681 3680
3682 3681
3683 3682
3684 3683
3685 3684
3686 3685
3687 3686
3688 3687
3689 3688
3690 3689
3691 3690
3692 3691
3693 3692
3694 3693
3695 3694
3696 3695
3697 3696
3698 3697
3699 3698
3700 3699
3701 3700
3702 3701
3703 3702
3704 3703
3705 3704
3706 3705
3707 3706
3708 3707
3709 3708
3710 3709
3711 3710
3712 3711
3713 3712
3714 3713
3715 3714
3716 3715
3717 3716
3718 3717
3719 3718
3720 3719
3721 3720
3722 3721
3723 3722
3724 3723
3725 3724
3726 3725
3727 3726
3728 3727
3729 3728
3730 3729
3731 3730
3732 3731
3733 3732
3734 3733
3735 3734
3736 3735
3737 3736
3738 3737
3739 3738
3740 3739
3741 3740
3742 3741
3743 3742
3744 3743
3745 3744
3746 3745
3747 3746
3748 3747
3749 3748
3750 3749
3751 3750
3752 3751
3753 3752
3754 3753
3755 3754
3756 3755
3757 3756
3757 3037
3758 3438
3759 3758
3760 3759
3761 3760
3762 3761
3763 3762
3764 3763
3765 3764
3766 3765
3767 3766
3768 3767
3769 3768
3770 3769
3771 3770
3772 3771
3773 3772
3774 3773
3775 3774
3776 3775
3777 3776
3778 3777
3779 3778
3780 3779
3781 3780
3782 3781
3783 3782
3784 3783
3785 3784
3786 3785
3787 3786
3788 3787
3789 3788
3790 3789
3791 3790
3792 3791
3793 3792
3794 3793
3795 3794
3796 3795
3797 3796
3798 3797
3799 3798
3800 3799
3801 3800
3802 3801
3803 3802
3804 3803
3805 3804
3806 3805
3807 3806
3808 3807
3809 3808
3810 3809
3811 3810
3812 3811
3813 3812
3814 3813
3815 3814
3816 3815
3817 3816
3818 3817
3819 3818
3820 3819
3821 3820
3822 3821
3823 3822
3824 3823
3825 3824
3826 3825
3827 3826
3828 3827
3829 3828
3830 3829
3831 3830
3832 3831
3833 3832
3834 3833
3835 3834
3836 3835
3837 3836
3838 3837
3839 3838
3840 3839
3841 3840
3842 3841
3843 3842
3844 3843
3845 3844
3846 3845
3847 3846
3848 3847
3849 3848
3850 3849
3851 3850
3852 3851
3853 3852
3854 3853
3855 3854
3856 3855
3857 3856
3858 3857
3859 3858
3860 3859
3861 3860
3862 3861
3863 3862
3864 3863
3865 3864
3866 3865
3867 3866
3868 3867
3869 3868
3870 3869
3871 3870
3872 3871
3873 3872
3874 3873
3875 3874
3876 3875
3877 3876
3878 3877
3879 3878
3880 3879
3881 3880
3882 3881
3883 3882
3884 3883
3885 3884
3886 3885
3887 3886
3888 3887
3889 3888
3890 3889
3891 3890
3892 3891
3893 3892
3894 3893
3895 3894
3896 3895
3897 3896
3898 3897
3899 3898
3900 3899
3901 3900
3902 3901
3903 3902
3904 3903
3905 3904
3906 3905
3907 3906
3908 3907
3909 3908
3910 3909
3911 3910
3912 3911
3913 3912
3914 3913
3915 3914
3916 3915
3917 3916
3918 3917
3919 3918
3920 3919
3921 3920
3922 3921
3923 3922
3924 3923
3925 3924
3926 3925
3927 3926
3928 3927
3929 3928
3930 3929
3931 3930
3932 3931
3933 3932
3934 3933
3935 3934
3936 3935
3937 3936
3938 3937
3939 3938
3940 3939
3941 3940
3942 3941
3943 3942
3944 3943
3945 3944
3946 3945
3947 3946
3948 3947
3949 3948
3950 3949
3951 3950
3952 3951
3953 3952
3954 3953
3955 3954
3956 3955
3957 3956
3958 3957
3959 3958
3960 3959
3961 3960
3962 3961
3963 3962
3964 3963
3965 3964
3966 3965
3967 3966
3968 3967
3969 3968
3970 3969
3971 3970
3972 3971
3973 3972
3974 3973
3975 3974
3976 3975
3977 3976
3978 3977
3979 3978
3980 3979
3981 3980
3982 3981
3983 3982
3984 3983
3985 3984
3986 3985
3987 3986
3988 3987
3989 3988
3990 3989
3991 3990
3992 3991
3993 3992
3994 3993
3995 3994
3996 3995
3997 3996
3998 3997
3999 3998
4000 3999
4001 4000
4002 4001
4003 4002
4004 4003
4005 4004
4006 4005
4007 4006
4008 4007
4009 4008
4010 4009
4011 4010
4012 4011
4013 4012
4014 4013
4015 4014
4016 4015
4017 4016
4018 4017
4019 4018
4020 4019
4021 4020
4022 4021
4023 4022
4024 4023
4025 4024
4026 4025
4027 4026
4028 4027
4029 4028
4030 4029
4031 4030
4032 4031
4033 4032
4034 4033
4035 4034
4036 4035
4037 4036
4038 4037
4039 4038
4040 4039
4041 4040
4042 4041
4043 4042
4044 4043
4045 4044
4046 4045
4047 4046
4048 4047
4049 4048
4050 4049
4051 4050
4052 4051
4053 4052
4054 4053
4055 4054
4056 4055
4057 4056
4058 4057
4059 4058
4060 4059
4061 4060
4062 4061
4063 4062
4064 4063
4065 4064
4066 4065
4067 4066
4068 4067
4069 4068
4070 4069
4071 4070
4072 4071
4073 4072
4074 4073
4075 4074
4076 4075
4077 4076
4078 4077
4079 4078
4080 4079
4081 4080
4082 4081
4083 4082
4084 4083
4085 4084
4086 4085
4087 4086
4088 4087
4089 4088
4090 4089
4091 4090
4092 4091
4093 4092
4094 4093
4095 4094
4096 4095
4097 4096
4098 4097
4099 4098
4100 4099
4101 4100
4102 4101
4103 4102
4104 4103
4105 4104
4106 4105
4107 4106
4108 4107
4109 4108
4110 4109
4111 4110
4112 4111
4113 4112
4114 4113
4115 4114
4116 4115
4117 4116
4118 4117
4119 4118
4120 4119
4121 4120
4122 4121
4123 4122
4124 4123
4125 4124
4126 4125
4127 4126
4128 4127
4129 4128
4130 4129
4131 4130
4132 4131
4133 4132
4134 4133
4135 4134
4136 4135
4137 4136
4138 4137
4139 4138
4140 4139
4141 4140
4142 4141
4143 4142
4144 4143
4145 4144
4146 4145
4147 4146
4148 4147
4149 4148
4150 4149
4151 4150
4152 4151
4153 4152
4154 4153
4155 4154
4156 4155
4157 4156
4158 4157
4159 4158
4160 4159
4161 4160
4162 4161
4163 4162
4164 4163
4165 4164
4166 4165
4167 4166
4168 4167
4169 4168
4170 4169
4171 4170
4172 4171
4173 4172
4174 4173
4175 4174
4176 4175
4177 4176
4178 4177
4179 4178
4180 4179
4181 4180
4182 4181
4183 4182
4184 4183
4185 4184
4186 4185
4187 4186
4188 4187
4189 4188
4190 4189
4191 4190
4192 4191
4193 4192
4194 4193
4195 4194
4196 4195
4197 4196
4198 4197
4199 4198
4200 4199
4201 4200
4202 4201
4203 4202
4204 4203
4205 4204
4206 4205
4207 4206
4207 3438
4208 1919
4209 4208
4210 4209
4211 4210
4212 4211
4213 4212
4214 4213
4215 4214
4216 4215
4217 4216
4218 4217
4219 4218
4220 4219
4221 4220
4222 4221
4223 4222
4224 4223
4225 4224
4226 4225
4227 4226
4228 4227
4229 4228
4230 4229
4231 4230
4232 4231
4233 4232
4234 4233
4235 4234
4236 4235
4237 4236
4238 4237
4239 4238
4240 4239
4241 4240
4242 4241
4243 4242
4244 4243
4245 4244
4246 4245
4247 4246
4248 4247
4249 4248
4250 4249
4251 4250
4252 4251
4253 4252
4254 4253
4255 4254
4256 4255
4257 4256
4258 4257
4259 4258
4260 4259
4261 4260
4262 4261
4263 4262
4264 4263
4265 4264
4266 4265
4267 4266
4268 4267
4269 4268
4270 4269
4271 4270
4272 4271
4273 4272
4274 4273
4275 4274
4276 4275
4277 4276
4278 4277
4279 4278
4280 4279
4281 4280
4282 4281
4283 4282
4284 4283
4285 4284
4286 4285
4287 4286
4288 4287
4289 4288
4290 4289
4291 4290
4292 4291
4293 4292
4294 4293
4295 4294
4296 4295
4297 4296
4298 4297
4299 4298
4300 4299
4301 4300
4302 4301
4303 4302
4304 4303
4305 4304
4306 4305
4307 4306
4308 4307
4309 4308
4310 4309
4311 4310
4312 4311
4313 4312
4314 4313
4315 4314
4316 4315
4317 4316
4318 4317
4319 4318
4320 4319
4321 4320
4322 4321
4323 4322
4324 4323
4325 4324
4326 4325
4327 4326
4328 4327
4329 4328
4330 4329
4331 4330
4332 4331
4333 4332
4334 4333
4335 4334
4336 4335
4337 4336
4338 4337
4339 4338
4340 4339
4341 4340
4342 4341
4343 4342
4344 4343
4345 4344
4346 4345
4347 4346
4348 4347
4349 4348
4350 4349
4351 4350
4352 4351
4353 4352
4354 4353
4355 4354
4356 4355
4357 4356
4358 4357
4359 4358
4360 4359
4361 4360
4362 4361
4363 4362
4364 4363
4365 4364
4366 4365
4367 4366
4368 4367
4369 4368
4370 4369
4371 4370
4372 4371
4373 4372
4374 4373
4375 4374
4376 4375
4377 4376
4378 4377
4379 4378
4380 4379
4381 4380
4382 4381
4383 4382
4384 4383
4385 4384
4386 4385
4387 4386
4388 4387
4389 4388
4390 4389
4391 4390
4392 4391
4393 4392
4394 4393
4395 4394
4396 4395
4397 4396
4398 4397
4399 4398
4400 4399
4401 4400
4402 4401
4403 4402
4404 4403
4405 4404
4406 4405
4407 4406
4408 4407
4409 4408
4410 4409
4411 4410
4412 4411
4413 4412
4414 4413
4415 4414
4416 4415
4417 4416
4418 4417
4419 4418
4420 4419
4421 4420
4422 4421
4423 4422
4424 4423
4425 4424
4426 4425
4427 4426
4428 4427
4429 4428
4430 4429
4431 4430
4432 4431
4433 4432
4434 4433
4435 4434
4436 4435
4437 4436
4438 4437
4439 4438
4440 4439
4441 4440
4442 4441
4443 4442
4444 4443
4445 4444
4446 4445
4447 4446
4448 4447
4449 4448
4450 4449
4451 4450
4452 4451
4453 4452
4454 4453
4455 4454
4456 4455
4457 4456
4458 4457
4459 4458
4460 4459
4461 4460
4462 4461
4463 4462
4464 4463
4465 4464
4466 4465
4467 4466
4468 4467
4469 4468
4470 4469
4471 4470
4472 4471
4473 4472
4474 4473
4475 4474
4476 4475
4477 4476
4478 4477
4479 4478
4480 4479
4481 4480
4482 4481
4483 4482
4484 4483
4485 4484
4486 4485
4487 4486
4488 4487
4489 4488
4490 4489
4491 4490
4492 4491
4493 4492
4494 4493
4495 4494
4496 4495
4497 4496
4498 4497
4499 4498
4500 4499
4501 4500
4502 4501
4503 4502
4504 4503
4505 4504
4506 4505
4507 4506
4508 4507
4509 4508
4510 4509
4511 4510
4512 4511
4513 4512
4514 4513
4515 4514
4516 4515
4517 4516
4518 4517
4519 4518
4520 4519
4521 4520
4522 4521
4523 4522
4524 4523
4525 4524
4526 4525
4527 4526
4528 4527
4529 4528
4530 4529
4531 4530
4532 4531
4533 4532
4534 4533
4535 4534
4536 4535
4537 4536
4538 4537
4539 4538
4540 4539
4541 4540
4542 4541
4543 4542
4544 4543
4545 4544
4546 4545
4547 4546
4548 4547
4549 4548
4550 4549
4551 4550
4552 4551
4553 4552
4554 4553
4555 4554
4556 4555
4557 4556
4558 4557
4559 4558
4560 4559
4561 4560
4562 4561
4563 4562
4564 4563
4565 4564
4566 4565
4567 4566
4568 4567
4569 4568
4570 4569
4571 4570
4572 4571
4573 4572
4574 4573
4575 4574
4576 4575
4577 4576
4578 4577
4579 4578
4580 4579
4581 4580
4582 4581
4583 4582
4584 4583
4585 4584
4586 4585
4587 4586
4588 4587
4589 4588
4590 4589
4591 4590
4592 4591
4593 4592
4594 4593
4595 4594
4596 4595
4597 4596
4598 4597
4599 4598
4600 4599
4601 4600
4602 4601
4603 4602
4604 4603
4605 4604
4606 4605
4607 4606
4608 4607
4609 4608
4610 4609
4611 4610
4612 4611
4613 4612
4614 4613
4615 4614
4616 4615
4617 4616
4618 4617
4619 4618
4620 4619
4621 4620
4622 4621
4623 4622
4624 4623
4625 4624
4626 4625
4627 4626
4628 4627
4629 4628
4630 4629
4631 4630
4632 4631
4633 4632
4634 4633
4635 4634
4636 4635
4637 4636
4638 4637
4639 4638
4640 4639
4641 4640
4642 4641
4643 4642
4644 4643
4645 4644
4646 4645
4647 4646
4648 4647
4649 4648
4650 4649
4651 4650
4652 4651
4653 4652
4654 4653
4655 4654
4656 4655
4657 4656
4658 4657
4659 4658
4660 4659
4661 4660
4662 4661
4663 4662
4664 4663
4665 4664
4666 4665
4667 4666
4668 4667
4669 4668
4670 4669
4671 4670
4672 4671
4673 4672
4674 4673
4675 4674
4676 4675
4677 4676
4678 4677
4679 4678
4680 4679
4681 4680
4682 4681
4683 4682
4684 4683
4685 4684
4686 4685
4687 4686
4688 4687
4689 4688
4690 4689
4691 4690
4692 4691
4693 4692
4694 4693
4695 4694
4696 4695
4697 4696
4698 4697
4699 4698
4700 4699
4701 4700
4702 4701
4703 4702
4704 4703
4705 4704
4706 4705
4707 4706
4708 4707
4709 4708
4710 4709
4711 4710
4712 4711
4713 4712
4714 4713
4715 4714
4716 4715
4717 4716
4718 4717
4719 4718
4720 4719
4721 4720
4722 4721
4723 4722
4724 4723
4725 4724
4726 4725
4727 4726
4728 4727
4729 4728
4730 4729
4731 4730
4732 4731
4733 4732
4734 4733
4735 4734
4736 4735
4737 4736
4738 4737
4739 4738
4740 4739
4741 4740
4742 4741
4743 4742
4744 4743
4745 4744
4746 4745
4747 4746
4748 4747
4749 4748
4750 4749
4751 4750
4752 4751
4753 4752
4754 4753
4755 4754
4756 4755
4757 4756
4758 4757
4759 4758
4760 4759
4761 4760
4762 4761
4763 4762
4764 4763
4765 4764
4766 4765
4767 4766
4768 4767
4769 4768
4770 4769
4771 4770
4772 4771
4773 4772
4774 4773
4775 4774
4776 4775
4777 4776
4778 4777
4779 4778
4780 4779
4781 4780
4782 4781
4783 4782
4784 4783
4785 4784
4786 4785
4787 4786
4788 4787
4789 4788
4790 4789
4791 4790
4792 4791
4793 4792
4794 4793
4795 4794
4796 4795
4797 4796
4798 4797
4799 4798
4800 4799
4801 4800
4802 4801
4803 4802
4804 4803
4805 4804
4806 4805
4807 4806
4808 4807
4809 4808
4810 4809
4811 4810
4812 4811
4813 4812
4814 4813
4815 4814
4816 4815
4817 4816
4818 4817
4819 4818
4820 4819
4821 4820
4822 4821
4823 4822
4824 4823
4825 4824
4826 4825
4827 4826
4828 4827
4829 4828
4830 4829
4831 4830
4832 4831
4833 4832
4834 4833
4835 4834
4836 4835
4837 4836
4838 4837
4839 4838
4840 4839
4841 4840
4842 4841
4843 4842
4844 4843
4845 4844
4846 4845
4847 4846
4848 4847
4849 4848
4850 4849
4851 4850
4852 4851
4853 4852
4854 4853
4855 4854
4856 4855
4857 4856
4858 4857
4859 4858
4860 4859
4861 4860
4862 4861
4863 4862
4864 4863
4865 4864
4866 4865
4867 4866
4868 4867
4869 4868
4870 4869
4871 4870
4872 4871
4873 4872
4874 4873
4875 4874
4876 4875
4877 4876
4878 4877
4879 4878
4880 4879
4881 4880
4882 4881
4883 4882
4884 4883
4885 4884
4886 4885
4887 4886
4888 4887
4889 4888
4890 4889
4891 4890
4892 4891
4893 4892
4894 4893
4895 4894
4896 4895
4897 4896
4898 4897
4899 4898
4900 4899
4901 4900
4902 4901
4903 4902
4904 4903
4905 4904
4906 4905
4907 4906
4908 4907
4909 4908
4910 4909
4911 4910
4912 4911
4913 4912
4914 4913
4915 4914
4916 4915
4917 4916
4918 4917
4919 4918
4920 4919
4921 4920
4922 4921
4923 4922
4924 4923
4925 4924
4926 4925
4927 4926
4928 4927
4929 4928
4930 4929
4931 4930
4932 4931
4933 4932
4934 4933
4935 4934
4936 4935
4937 4936
4938 4937
4939 4938
4940 4939
4941 4940
4942 4941
4943 4942
4944 4943
4945 4944
4946 4945
4947 4946
4948 4947
4949 4948
4950 4949
4951 4950
4952 4951
4953 4952
4954 4953
4955 4954
4956 4955
4957 4956
4958 4957
4959 4958
4960 4959
4961 4960
4962 4961
4963 4962
4964 4963
4965 4964
4966 4965
4967 4966
4968 4967
4969 4968
4970 4969
4971 4970
4972 4971
4973 4972
4974 4973
4975 4974
4976 4975
4977 4976
4978 4977
4979 4978
4980 4979
4981 4980
4982 4981
4983 4982
4984 4983
4985 4984
4986 4985
4987 4986
4988 4987
4989 4988
4990 4989
4991 4990
4992 4991
4993 4992
4994 4993
4995 4994
4996 4995
4997 4996
4998 4997
4999 4998
5000 4999
5001 5000
5002 5001
5003 5002
5004 5003
5005 5004
5006 5005
5007 5006
5008 5007
5009 5008
5010 5009
5011 5010
5012 5011
5013 5012
5014 5013
5015 5014
5016 5015
5017 5016
5018 5017
5019 5018
5020 5019
5021 5020
5022 5021
5023 5022
5024 5023
5025 5024
5026 5025
5027 5026
5028 5027
5029 5028
5030 5029
5031 5030
5032 5031
5033 5032
5033 1919
5034 1846
5035 5034
5036 5035
5037 5036
5038 5037
5039 5038
5040 5039
5041 5040
5042 5041
5043 5042
5044 5043
5045 5044
5046 5045
5047 5046
5048 5047
5049 5048
5050 5049
5051 5050
5052 5051
5053 5052
5054 5053
5055 5054
5056 5055
5057 5056
5058 5057
5059 5058
5060 5059
5061 5060
5062 5061
5063 5062
5064 5063
5065 5064
5066 5065
5067 5066
5068 5067
5069 5068
5070 5069
5071 5070
5072 5071
5073 5072
5074 5073
5075 5074
5076 5075
5077 5076
5078 5077
5079 5078
5080 5079
5081 5080
5082 5081
5083 5082
5084 5083
5085 5084
5086 5085
5087 5086
5088 5087
5089 5088
5090 5089
5091 5090
5092 5091
5093 5092
5094 5093
5095 5094
5096 5095
5097 5096
5098 5097
5099 5098
5100 5099
5101 5100
5102 5101
5103 5102
5104 5103
5105 5104
5106 5105
5107 5106
5108 5107
5109 5108
5110 5109
5111 5110
5112 5111
5113 5112
5114 5113
5115 5114
5116 5115
5117 5116
5118 5117
5119 5118
5120 5119
5121 5120
5122 5121
5123 5122
5124 5123
5125 5124
5126 5125
5127 5126
5128 5127
5129 5128
5130 5129
5131 5130
5132 5131
5133 5132
5134 5133
5135 5134
5136 5135
5137 5136
5138 5137
5139 5138
5140 5139
5141 5140
5142 5141
5143 5142
5144 5143
5145 5144
5146 5145
5147 5146
5148 5147
5149 5148
5150 5149
5151 5150
5152 5151
5153 5152
5154 5153
5155 5154
5156 5155
5157 5156
5158 5157
5159 5158
5160 5159
5161 5160
5162 5161
5163 5162
5164 5163
5165 5164
5166 5165
5167 5166
5168 5167
5169 5168
5170 5169
5171 5170
5172 5171
5173 5172
5174 5173
5175 5174
5176 5175
5177 5176
5178 5177
5179 5178
5180 5179
5181 5180
5182 5181
5183 5182
5184 5183
5185 5184
5186 5185
5187 5186
5188 5187
5189 5188
5190 5189
5191 5190
5192 5191
5193 5192
5194 5193
5195 5194
5196 5195
5197 5196
5198 5197
5199 5198
5200 5199
5201 5200
5202 5201
5203 5202
5204 5203
5205 5204
5206 5205
5207 5206
5208 5207
5209 5208
5210 5209
5211 5210
5212 5211
5213 5212
5214 5213
5215 5214
5216 5215
5217 5216
5218 5217
5219 5218
5220 5219
5221 5220
5222 5221
5223 5222
5224 5223
5225 5224
5226 5225
5227 5226
5228 5227
5229 5228
5230 5229
5231 5230
5232 5231
5233 5232
5234 5233
5235 5234
5236 5235
5237 5236
5238 5237
5239 5238
5240 5239
5241 5240
5242 5241
5243 5242
5244 5243
5245 5244
5246 5245
5247 5246
5248 5247
5249 5248
5250 5249
5251 5250
5252 5251
5253 5252
5254 5253
5255 5254
5256 5255
5257 5256
5258 5257
5259 5258
5260 5259
5261 5260
5262 5261
5263 5262
5264 5263
5265 5264
5266 5265
5267 5266
5268 5267
5269 5268
5270 5269
5271 5270
5272 5271
5273 5272
5274 5273
5275 5274
5276 5275
5277 5276
5278 5277
5279 5278
5280 5279
5281 5280
5282 5281
5283 5282
5284 5283
5285 5284
5286 5285
5287 5286
5288 5287
5289 5288
5290 5289
5291 5290
5292 5291
5293 5292
5294 5293
5295 5294
5296 5295
5297 5296
5298 5297
5299 5298
5300 5299
5301 5300
5302 5301
5303 5302
5304 5303
5305 5304
5306 5305
5307 5306
5308 5307
5309 5308
5310 5309
5311 5310
5312 5311
5313 5312
5314 5313
5315 5314
5316 5315
5317 5316
5318 5317
5319 5318
5320 5319
5321 5320
5322 5321
5323 5322
5324 5323
5325 5324
5326 5325
5327 5326
5328 5327
5329 5328
5330 5329
5331 5330
5332 5331
5333 5332
5334 5333
5335 5334
5336 5335
5337 5336
5338 5337
5339 5338
5340 5339
5341 5340
5342 5341
5343 5342
5344 5343
5345 5344
5346 5345
5347 5346
5348 5347
5349 5348
5350 5349
5351 5350
5352 5351
5353 5352
5354 5353
5355 5354
5356 5355
5357 5356
5358 5357
5359 5358
5360 5359
5361 5360
5362 5361
5363 5362
5364 5363
5365 5364
5366 5365
5367 5366
5368 5367
5369 5368
5370 5369
5371 5370
5372 5371
5373 5372
5374 5373
5375 5374
5376 5375
5377 5376
5378 5377
5379 5378
5380 5379
5381 5380
5382 5381
5383 5382
5384 5383
5385 5384
5386 5385
5387 5386
5388 5387
5389 5388
5390 5389
5391 5390
5392 5391
5393 5392
5394 5393
5395 5394
5396 5395
5397 5396
5398 5397
5399 5398
5400 5399
5401 5400
5402 5401
5403 5402
5404 5403
5405 5404
5406 5405
5407 5406
5408 5407
5409 5408
5410 5409
5411 5410
5412 5411
5413 5412
5414 5413
5415 5414
5416 5415
5417 5416
5418 5417
5419 5418
5420 5419
5421 5420
5422 5421
5423 5422
5424 5423
5425 5424
5426 5425
5427 5426
5428 5427
5429 5428
5430 5429
5431 5430
5432 5431
5433 5432
5434 5433
5435 5434
5436 5435
5437 5436
5438 5437
5439 5438
5440 5439
5441 5440
5442 5441
5443 5442
5444 5443
5445 5444
5446 5445
5447 5446
5448 5447
5449 5448
5450 5449
5451 5450
5452 5451
5453 5452
5454 5453
5455 5454
5456 5455
5457 5456
5458 5457
5459 5458
5460 5459
5461 5460
5462 5461
5463 5462
5464 5463
5465 5464
5466 5465
5467 5466
5468 5467
5469 5468
5470 5469
5471 5470
5472 5471
5473 5472
5474 5473
5475 5474
5476 5475
5477 5476
5478 5477
5479 5478
5480 5479
5481 5480
5482 5481
5483 5482
5484 5483
5485 5484
5486 5485
5487 5486
5488 5487
5489 5488
5490 5489
5491 5490
5492 5491
5493 5492
5494 5493
5495 5494
5496 5495
5497 5496
5498 5497
5499 5498
5500 5499
5501 5500
5502 5501
5503 5502
5504 5503
5505 5504
5506 5505
5507 5506
5508 5507
5509 5508
5510 5509
5511 5510
5512 5511
5513 5512
5514 5513
5515 5514
5516 5515
5517 5516
5518 5517
5519 5518
5520 5519
5521 5520
5522 5521
5523 5522
5524 5523
5525 5524
5526 5525
5527 5526
5528 5527
5529 5528
5530 5529
5531 5530
5532 5531
5533 5532
5534 5533
5535 5534
5536 5535
5537 5536
5538 5537
5539 5538
5540 5539
5541 5540
5542 5541
5543 5542
5544 5543
5545 5544
5546 5545
5547 5546
5548 5547
5549 5548
5550 5549
5551 5550
5552 5551
5553 5552
5554 5553
5555 5554
5556 5555
5557 5556
5558 5557
5559 5558
5560 5559
5561 5560
5562 5561
5563 5562
5564 5563
5565 5564
5566 5565
5567 5566
5568 5567
5569 5568
5570 5569
5571 5570
5572 5571
5573 5572
5574 5573
5575 5574
5576 5575
5577 5576
5578 5577
5579 5578
5580 5579
5581 5580
5582 5581
5583 5582
5584 5583
5585 5584
5586 5585
5587 5586
5588 5587
5589 5588
5590 5589
5591 5590
5592 5591
5593 5592
5594 5593
5595 5594
5596 5595
5597 5596
5598 5597
5599 5598
5600 5599
5601 5600
5602 5601
5603 5602
5604 5603
5605 5604
5606 5605
5607 5606
5608 5607
5609 5608
5610 5609
5611 5610
5612 5611
5613 5612
5614 5613
5615 5614
5616 5615
5617 5616
5618 5617
5619 5618
5620 5619
5621 5620
5622 5621
5623 5622
5624 5623
5625 5624
5626 5625
5627 5626
5628 5627
5629 5628
5630 5629
5631 5630
5632 5631
5633 5632
5634 5633
5635 5634
5636 5635
5637 5636
5638 5637
5639 5638
5640 5639
5641 5640
5642 5641
5643 5642
5644 5643
5645 5644
5646 5645
5647 5646
5648 5647
5649 5648
5650 5649
5651 5650
5652 5651
5653 5652
5654 5653
5655 5654
5656 5655
5657 5656
5658 5657
5659 5658
5660 5659
5661 5660
5662 5661
5663 5662
5664 5663
5665 5664
5666 5665
5667 5666
5668 5667
5669 5668
5670 5669
5671 5670
5672 5671
5673 5672
5674 5673
5675 5674
5675 1846
5676 4657
5677 5676
5678 4657
5679 5678
5680 5679
5681 5676
5682 5677
5683 5679
5684 5679
5685 5682
5686 5684
5687 5684
5688 5679
5689 5688
5690 5687
5691 5686
5692 5686
5693 5685
5694 5679
5695 5684
5696 5676
5697 5678
5698 5691
5699 5688
5700 5681
5701 5691
5702 5683
5703 5693
5704 5686
5705 5697
5706 5703
5707 5704
5708 5677
5709 5705
5710 5685
5711 5704
5712 5690
5713 5681
5714 5703
5715 5684
5716 5678
5717 5676
5718 5701
5719 5693
5720 5696
5721 5704
5722 5686
5723 5720
5724 5719
5725 5717
5726 5698
5727 5701
5728 5715
5729 5723
5730 5689
5731 5723
5732 5711
5733 5729
5734 5732
5735 5725
5736 5720
5737 5691
5738 5718
5739 5729
5740 5723
5741 5677
5742 5723
5743 5727
5744 5737
5745 5718
5746 5740
5747 5710
5748 5715
5749 5681
5750 5734
5751 5739
5752 5731
5753 5749
5754 5713
5755 5688
5756 5727
5757 5692
5758 5729
5759 5702
5760 5757
5761 5694
5762 5679
5763 5748
5764 5738
5765 5748
5766 5744
5767 5694
5768 5758
5769 5743
5770 5749
5771 5751
5772 5721
5773 5677
5774 5715
5775 5687
5776 5721
5777 5687
5778 5703
5779 5757
5780 5778
5781 5690
5782 5695
5783 5771
5784 5749
5785 5720
5786 5693
5787 5781
5788 5744
5789 5766
5790 5703
5791 5705
5792 5761
5793 5693
5794 5755
5795 5786
5796 5789
5797 5721
5798 5738
5799 5728
5800 5758
5801 5703
5802 5679
5803 5706
5804 5742
5805 5776
5806 5738
5807 5769
5808 5677
5809 5688
5810 5778
5811 5762
5812 5681
5813 5702
5814 5787
5815 5796
5816 5778
5817 5692
5818 5714
5819 5727
5820 5751
5821 5706
5822 5818
5823 5690
5824 5784
5825 5799
5826 5767
5827 5717
5828 5753
5829 5795
5830 5809
5831 5788
5832 5745
5833 5805
5834 5711
5835 5787
5836 5774
5837 5774
5838 5774
5839 5740
5840 5811
5841 5767
5842 5752
5843 5764
5844 5749
5845 5814
5846 5790
5847 5790
5848 5831
5849 5805
5850 5733
5851 5830
5852 5788
5853 5720
5854 5717
5855 5767
5856 5686
5857 5739
5858 5816
5859 5822
5860 5799
5861 5762
5862 5691
5863 5789
5864 5861
5865 5765
5866 5838
5867 5801
5868 5797
5869 5815
5870 5710
5871 5716
5872 5834
5873 5861
5874 5763
5875 5755
5876 5799
5877 5680
5878 5822
5879 5857
5880 5784
5881 5771
5882 5818
5883 5739
5884 5726
5885 5736
5886 5757
5887 5690
5888 5842
5889 5794
5890 5787
5891 5868
5892 5682
5893 5720
5894 5686
5895 5815
5896 5747
5897 5720
5898 5827
5899 5780
5900 5715
5901 5808
5902 5722
5903 5789
5904 5795
5905 5816
5906 5817
5907 5792
5908 5683
5909 5785
5910 5699
5911 5794
5912 5743
5913 5835
5914 5799
5915 5772
5916 5713
5917 5834
5918 5696
5919 5762
5920 5729
5921 5911
5922 5676
5923 5887
5924 5778
5925 5686
5926 5741
5927 5698
5928 5833
5929 5802
5930 5923
5931 5756
5932 5687
5933 5810
5934 5757
5935 5904
5936 5722
5937 5879
5938 5683
5939 5906
5940 5916
5941 5797
5942 5828
5943 5800
5944 5763
5945 5871
5946 5747
5947 5708
5948 5691
5949 5708
5950 5728
5951 5779
5952 5944
5953 5865
5954 5874
5955 5903
5956 5678
5957 5874
5958 5716
5959 5935
5960 5944
5961 5753
5962 5797
5963 5730
5964 5682
5965 5871
5966 5931
5967 5803
5968 5796
5969 5943
5970 5855
5971 5913
5972 5895
5973 5850
5974 5967
5975 5851
5976 5835
5977 5902
5978 5943
5979 5832
5980 5752
5981 5962
5982 5828
5983 5725
5984 5890
5985 5817
5986 5799
5987 5901
5988 5850
5989 5841
5990 5738
5991 5948
5992 5970
5993 5968
5994 5686
5995 5829
5996 5778
5997 5699
5998 5973
5999 5969
6000 5702
6001 5848
6002 5677
6003 5805
6004 5778
6005 5907
6006 5871
6007 4657
6008 5732
6009 5683
6010 5704
6011 5825
6012 5764
6013 5715
6014 5869
6015 5745
6016 6014
6017 5781
6018 5697
6019 5704
6020 5985
6021 5716
6022 5918
6023 5791
6024 5724
6025 5682
6026 5816
6027 6021
6028 5942
6029 5739
6030 5780
6031 5779
6032 5763
6033 6020
6034 5984
6035 5926
6036 5861
6037 5977
6038 5750
6039 5961
6040 6039
6041 5751
6042 5800
6043 5848
6044 4657
6045 5939
6046 5833
6047 5702
6048 5821
6049 5998
6050 5743
6051 6032
6052 6020
6053 5708
6054 5793
6055 5876
6056 6017
6057 5681
6058 5749
6059 6019
6060 5693
6061 5774
6062 5899
6063 5778
6064 5862
6065 6019
6066 5723
6067 5797
6068 5840
6069 5774
6070 5904
6071 5800
6072 5686
6073 5829
6074 6010
6075 5724
6076 5909
6077 5783
6078 5692
6079 5960
6080 5912
6081 5896
6082 5798
6083 5805
6084 5934
6085 5688
6086 5934
6087 5905
6088 5999
6089 5878
6090 5838
6091 5757
6092 5741
6093 5960
6094 6002
6095 5819
6096 5925
6097 5700
6098 5843
6099 5689
6100 5798
6101 5951
6102 5765
6103 5744
6104 5719
6105 5968
6106 5929
6107 5901
6108 5686
6109 5739
6110 6046
6111 5972
6112 6046
6113 5687
6114 5741
6115 5752
6116 5945
6117 5889
6118 6013
6119 5716
6120 5971
6121 5997
6122 3446
6123 6122
6124 6123
6125 6124
6126 6125
6127 6126
6128 6127
6128 3446
6129 4379
6130 6129
6131 6130
6132 6131
6133 6132
6134 6133
6135 6134
6136 6135
6137 6136
6138 6137
6139 6138
6140 6139
6141 6140
6142 6141
6143 6142
6144 6143
6145 6144
6146 6145
6147 6146
6148 6147
6149 6148
6150 6149
6151 6150
6152 6151
6153 6152
6154 6153
6155 6154
6156 6155
6157 6156
6158 6157
6159 6158
6160 6159
6161 6160
6162 6161
6163 6162
6164 6163
6165 6164
6166 6165
6167 6166
6168 6167
6169 6168
6170 6169
6171 6170
6172 6171
6173 6172
6174 6173
6175 6174
6176 6175
6177 6176
6178 6177
6179 6178
6180 6179
6181 6180
6182 6181
6183 6182
6184 6183
6185 6184
6186 6185
6187 6186
6188 6187
6189 6188
6190 6189
6191 6190
6192 6191
6193 6192
6194 6193
6195 6194
6196 6195
6197 6196
6198 6197
6199 6198
6200 6199
6201 6200
6202 6201
6203 6202
6204 6203
6205 6204
6206 6205
6207 6206
6208 6207
6209 6208
6210 6209
6211 6210
6212 6211
6213 6212
6214 6213
6215 6214
6216 6215
6217 6216
6218 6217
6219 6218
6220 6219
6221 6220
6222 6221
6223 6222
6224 6223
6225 6224
6226 6225
6227 6226
6228 6227
6229 6228
6230 6229
6231 6230
6232 6231
6233 6232
6234 6233
6235 6234
6236 6235
6237 6236
6238 6237
6239 6238
6240 6239
6241 6240
6242 6241
6243 6242
6244 6243
6245 6244
6246 6245
6247 6246
6247 4379
6248 1408
6249 6248
6250 6249
6251 6250
6252 6251
6253 6252
6254 6253
6255 6254
6256 6255
6257 6256
6258 6257
6259 6258
6260 6259
6261 6260
6262 6261
6263 6262
6264 6263
6265 6264
6266 6265
6267 6266
6268 6267
6269 6268
6270 6269
6271 6270
6272 6271
6273 6272
6274 6273
6275 6274
6276 6275
6277 6276
6278 6277
6279 6278
6280 6279
6281 6280
6282 6281
6283 6282
6284 6283
6285 6284
6286 6285
6287 6286
6288 6287
6289 6288
6290 6289
6291 6290
6292 6291
6293 6292
6294 6293
6295 6294
6296 6295
6297 6296
6298 6297
6299 6298
6300 6299
6301 6300
6302 6301
6303 6302
6304 6303
6305 6304
6306 6305
6307 6306
6308 6307
6309 6308
6310 6309
6311 6310
6312 6311
6313 6312
6314 6313
6315 6314
6316 6315
6317 6316
6318 6317
6319 6318
6320 6319
6321 6320
6322 6321
6323 6322
6324 6323
6325 6324
6326 6325
6327 6326
6328 6327
6329 6328
6330 6329
6331 6330
6332 6331
6333 6332
6334 6333
6335 6334
6336 6335
6337 6336
6338 6337
6339 6338
6340 6339
6341 6340
6342 6341
6343 6342
6344 6343
6345 6344
6346 6345
6347 6346
6348 6347
6349 6348
6350 6349
6351 6350
6352 6351
6353 6352
6354 6353
6355 6354
6356 6355
6357 6356
6358 6357
6359 6358
6360 6359
6361 6360
6362 6361
6363 6362
6364 6363
6365 6364
6366 6365
6367 6366
6368 6367
6369 6368
6370 6369
6371 6370
6372 6371
6373 6372
6374 6373
6375 6374
6376 6375
6377 6376
6378 6377
6379 6378
6380 6379
6381 6380
6382 6381
6383 6382
6384 6383
6385 6384
6386 6385
6387 6386
6388 6387
6389 6388
6390 6389
6391 6390
6392 6391
6393 6392
6394 6393
6395 6394
6396 6395
6397 6396
6398 6397
6399 6398
6400 6399
6401 6400
6402 6401
6403 6402
6404 6403
6405 6404
6406 6405
6407 6406
6408 6407
6409 6408
6410 6409
6411 6410
6412 6411
6413 6412
6414 6413
6415 6414
6416 6415
6417 6416
6418 6417
6419 6418
6420 6419
6421 6420
6422 6421
6423 6422
6424 6423
6425 6424
6426 6425
6427 6426
6428 6427
6429 6428
6430 6429
6431 6430
6432 6431
6433 6432
6434 6433
6435 6434
6436 6435
6437 6436
6438 6437
6439 6438
6440 6439
6441 6440
6442 6441
6443 6442
6444 6443
6445 6444
6446 6445
6447 6446
6448 6447
6449 6448
6450 6449
6451 6450
6452 6451
6453 6452
6454 6453
6455 6454
6456 6455
6457 6456
6458 6457
6459 6458
6460 6459
6461 6460
6462 6461
6463 6462
6464 6463
6465 6464
6466 6465
6467 6466
6468 6467
6469 6468
6470 6469
6471 6470
6472 6471
6473 6472
6474 6473
6475 6474
6476 6475
6477 6476
6478 6477
6479 6478
6480 6479
6481 6480
6482 6481
6483 6482
6484 6483
6485 6484
6486 6485
6487 6486
6488 6487
6489 6488
6490 6489
6491 6490
6492 6491
6493 6492
6494 6493
6495 6494
6496 6495
6497 6496
6498 6497
6499 6498
6500 6499
6501 6500
6502 6501
6503 6502
6504 6503
6505 6504
6506 6505
6507 6506
6508 6507
6509 6508
6510 6509
6511 6510
6512 6511
6513 6512
6514 6513
6515 6514
6516 6515
6517 6516
6518 6517
6519 6518
6520 6519
6521 6520
6522 6521
6523 6522
6524 6523
6525 6524
6526 6525
6527 6526
6528 6527
6529 6528
6530 6529
6531 6530
6532 6531
6533 6532
6534 6533
6535 6534
6536 6535
6537 6536
6538 6537
6539 6538
6540 6539
6541 6540
6542 6541
6543 6542
6544 6543
6545 6544
6546 6545
6547 6546
6548 6547
6549 6548
6550 6549
6551 6550
6552 6551
6553 6552
6554 6553
6555 6554
6556 6555
6557 6556
6558 6557
6559 6558
6560 6559
6561 6560
6562 6561
6563 6562
6564 6563
6565 6564
6566 6565
6567 6566
6568 6567
6569 6568
6570 6569
6571 6570
6572 6571
6573 6572
6574 6573
6575 6574
6576 6575
6577 6576
6578 6577
6579 6578
6580 6579
6581 6580
6582 6581
6583 6582
6584 6583
6585 6584
6586 6585
6587 6586
6588 6587
6589 6588
6590 6589
6591 6590
6592 6591
6593 6592
6594 6593
6595 6594
6596 6595
6597 6596
6598 6597
6599 6598
6600 6599
6601 6600
6602 6601
6603 6602
6604 6603
6605 6604
6606 6605
6607 6606
6608 6607
6609 6608
6610 6609
6611 6610
6612 6611
6613 6612
6614 6613
6615 6614
6616 6615
6617 6616
6618 6617
6619 6618
6620 6619
6621 6620
6622 6621
6623 6622
6624 6623
6625 6624
6626 6625
6627 6626
6628 6627
6628 1408
6629 3757
6630 3757
6631 6630
6632 6631
6633 3757
6634 6629
6635 6634
6636 6635
6637 6634
6638 6636
6639 6635
6640 3757
6641 6629
6642 6637
6643 6636
6644 6640
6645 3757
6646 6645
6647 6642
6648 6637
6649 6643
6650 6633
6651 6642
6652 6649
6653 6643
6654 6651
6655 6641
6656 6651
6657 3757
6658 6649
6659 6633
6660 6641
6661 3757
6662 6632
6663 3757
6664 6637
6665 6663
6666 6656
6667 3757
6668 6654
6669 6668
6670 6661
6671 6653
6672 6669
6673 6657
6674 6667
6675 6659
6676 6662
6677 6641
6678 6665
6679 6656
6680 6647
6681 6665
6682 6650
6683 6659
6684 6652
6685 6644
6686 6632
6687 6685
6688 6634
6689 6673
6690 6674
6691 6680
6692 6647
6693 6684
6694 6666
6695 6639
6696 6663
6697 6679
6698 6659
6699 6636
6700 6658
6701 3757
6702 6697
6703 3757
6704 3757
6705 6665
6706 6694
6707 6636
6708 6668
6709 6638
6710 6659
6711 6630
6712 6682
6713 6630
6714 6652
6715 6712
6716 6681
6717 6662
6718 6709
6719 6655
6720 6653
6721 6637
6722 6641
6723 6634
6724 6638
6725 6659
6726 6678
6727 6707
6728 6663
6729 6670
6730 6684
6731 6696
6732 6640
6733 6653
6734 6686
6735 6686
6736 6692
6737 6728
6738 6718
6739 6645
6740 6708
6741 6657
6742 6719
6743 6727
6744 6718
6745 6635
6746 6718
6747 6692
6748 6695
6749 6714
6750 6736
6751 6687
6752 6726
6753 6667
6754 6746
6755 6721
6756 6710
6757 6739
6758 6685
6759 6634
6760 6672
6761 6684
6762 6751
6763 6654
6764 6663
6765 6712
6766 6662
6767 6710
6768 6658
6769 6755
6770 6652
6771 6684
6772 6685
6773 6706
6774 6645
6775 6685
6776 6744
6777 6694
6778 6775
6779 6725
6780 6774
6781 6686
6782 6749
6783 6728
6784 6668
6785 6745
6786 6714
6787 6785
6788 6768
6789 6658
6790 6757
6791 6673
6792 6678
6793 6758
6794 6696
6795 6656
6796 6766
6797 6703
6798 6652
6799 6737
6800 6760
6801 6675
6802 6673
6803 6648
6804 6631
6805 6653
6806 6696
6807 6764
6808 6735
6809 6695
6810 6739
6811 6778
6812 6743
6813 6641
6814 6690
6815 6760
6816 6647
6817 6718
6818 6748
6819 6756
6820 6779
6821 6705
6822 6759
6823 6727
6824 6722
6825 6708
6826 6823
6827 6715
6828 6664
6829 6714
6830 6759
6831 6647
6832 6672
6833 6649
6834 6775
6835 6691
6836 6643
6837 3757
6838 6652
6839 6799
6840 6795
6841 6684
6842 6794
6843 6757
6844 6841
6845 6815
6846 6699
6847 6713
6848 6799
6849 6796
6850 6707
6851 6664
6852 6775
6853 6782
6854 6646
6855 6637
6856 6634
6857 6749
6858 6681
6859 6818
6860 6714
6861 6656
6862 6721
6863 6731
6864 6753
6865 6653
6866 6772
6867 6800
6868 6655
6869 6716
6870 6821
6871 6864
6872 6696
6873 6814
6874 6631
6875 6724
6876 6860
6877 6876
6878 6866
6879 6647
6880 6677
6881 6821
6882 6752
6883 6813
6884 6788
6885 6739
6886 6638
6887 6754
6888 6877
6889 6844
6890 6700
6891 6834
6892 6846
6893 6669
6894 6848
6895 6891
6896 6735
6897 6807
6898 6716
6899 6693
6900 6813
6901 6641
6902 6844
6903 3757
6904 6795
6905 6692
6906 6841
6907 6737
6908 6888
6909 6745
6910 6698
6911 6689
6912 6756
6913 6882
6914 6836
6915 6753
6916 6723
6917 6856
6918 6737
6919 6683
6920 6700
6921 6800
6922 6894
6923 6837
6924 6875
6925 6713
6926 6719
6927 6712
6928 6883
6929 6632
6930 6922
6931 6778
6932 6877
6933 6770
6934 6660
6935 6920
6936 6631
6937 6873
6938 6714
6939 6675
6940 6750
6941 6880
6942 6733
6943 6800
6944 6892
6945 6629
6946 6756
6947 6651
6948 6803
6949 6914
6950 6930
6951 6641
6952 6632
6953 6885
6954 6848
6955 6727
6956 6953
6957 6844
6958 6925
6959 6807
6960 6656
6961 6708
6962 6919
6963 6689
6964 6813
6965 6892
6966 6755
6967 6677
6968 6676
6969 6951
6970 6632
6971 6930
6972 6716
6973 6791
6974 6706
6975 6932
6976 6894
6977 6752
6978 6744
6979 6654
6980 6740
6981 6671
6982 6926
6983 6637
6984 6790
6985 6963
6986 6761
6987 6758
6988 6888
6989 6695
6990 6674
6991 6880
6992 6762
6993 6748
6994 6658
6995 6972
6996 6815
6997 6888
6998 6692
6999 6773
7000 6630
7001 6967
7002 6746
7003 6892
7004 6708
7005 6927
7006 6683
7007 6887
7008 6809
7009 6830
7010 6933
7011 6659
7012 6630
7013 6938
7014 6665
7015 6772
7016 6837
7017 6653
7018 6779
7019 6673
7020 6785
7021 6681
7022 6922
7023 6675
7024 6717
7025 6664
7026 6941
7027 6875
7028 6914
7029 6741
7030 6951
7031 6921
7032 6970
7033 6883
7034 6683
7035 6974
7036 6678
7037 7022
7038 6732
7039 6672
7040 6732
7041 6755
7042 6757
7043 6684
7044 6826
7045 7015
7046 6959
7047 6722
7048 6973
7049 6792
7050 6939
7051 6886
7052 6811
7053 6962
7054 6924
7055 6711
7056 6770
7057 6731
7058 6954
7059 6888
7060 6790
7061 6925
7062 6916
7063 6699
7064 6819
7065 6714
7066 6807
7067 7006
7068 6920
7069 6754
7070 6655
7071 6899
7072 6670
7073 6745
7074 6916
7075 6795
7076 6655
7077 6742
7078 6885
7079 6843
7080 7047
7081 7069
7082 6974
7083 6911
7084 6982
7085 6698
7086 7051
7087 6954
7088 6932
7089 6814
7090 6630
7091 6809
7092 6700
7093 6931
7094 6938
7095 6715
7096 6641
7097 6915
7098 6816
7099 6663
7100 6708
7101 6724
7102 6906
7103 6976
7104 7024
7105 6757
7106 6883
7107 6736
7108 6629
7109 6777
7110 6701
7111 7024
7112 6978
7113 6969
7114 6802
7115 7087
7116 4094
7117 7116
7118 7117
7119 7118
7120 7119
7121 7120
7122 7121
7123 7122
7124 7123
7125 7124
7126 7125
7127 7126
7128 7127
7129 7128
7130 7129
7131 7130
7132 7131
7133 7132
7134 7133
7135 7134
7136 7135
7137 7136
7138 7137
7139 7138
7140 7139
7141 7140
7142 7141
7143 7142
7144 7143
7145 7144
7146 7145
7147 7146
7148 7147
7149 7148
7150 7149
7151 7150
7152 7151
7153 7152
7154 7153
7155 7154
7156 7155
7157 7156
7158 7157
7159 7158
7160 7159
7161 7160
7162 7161
7163 7162
7164 7163
7165 7164
7166 7165
7167 7166
7168 7167
7169 7168
7170 7169
7171 7170
7172 7171
7173 7172
7174 7173
7175 7174
7176 7175
7177 7176
7178 7177
7179 7178
7180 7179
7181 7180
7182 7181
7183 7182
7184 7183
7185 7184
7186 7185
7187 7186
7188 7187
7189 7188
7190 7189
7191 7190
7192 7191
7193 7192
7194 7193
7195 7194
7196 7195
7197 7196
7198 7197
7199 7198
7200 7199
7201 7200
7202 7201
7203 7202
7204 7203
7205 7204
7206 7205
7207 7206
7208 7207
7209 7208
7210 7209
7211 7210
7212 7211
7213 7212
7214 7213
7215 7214
7216 7215
7217 7216
7218 7217
7219 7218
7220 7219
7221 7220
7222 7221
7223 7222
7224 7223
7225 7224
7226 7225
7227 7226
7228 7227
7229 7228
7230 7229
7231 7230
7232 7231
7233 7232
7234 7233
7235 7234
7236 7235
7237 7236
7238 7237
7239 7238
7240 7239
7241 7240
7242 7241
7243 7242
7244 7243
7245 7244
7246 7245
7247 7246
7248 7247
7249 7248
7250 7249
7251 7250
7252 7251
7253 7252
7254 7253
7255 7254
7256 7255
7257 7256
7258 7257
7259 7258
7260 7259
7261 7260
7262 7261
7263 7262
7264 7263
7265 7264
7266 7265
7267 7266
7268 7267
7269 7268
7270 7269
7271 7270
7272 7271
7273 7272
7274 7273
7275 7274
7276 7275
7277 7276
7278 7277
7279 7278
7280 7279
7281 7280
7282 7281
7283 7282
7284 7283
7285 7284
7286 7285
7287 7286
7288 7287
7289 7288
7290 7289
7291 7290
7292 7291
7293 7292
7294 7293
7295 7294
7296 7295
7297 7296
7298 7297
7299 7298
7300 7299
7301 7300
7302 7301
7303 7302
7304 7303
7305 7304
7306 7305
7307 7306
7308 7307
7309 7308
7310 7309
7311 7310
7312 7311
7313 7312
7314 7313
7315 7314
7316 7315
7317 7316
7318 7317
7319 7318
7320 7319
7321 7320
7322 7321
7323 7322
7324 7323
7325 7324
7326 7325
7327 7326
7328 7327
7329 7328
7330 7329
7331 7330
7332 7331
7333 7332
7334 7333
7335 7334
7336 7335
7337 7336
7338 7337
7339 7338
7340 7339
7341 7340
7342 7341
7343 7342
7344 7343
7345 7344
7346 7345
7347 7346
7348 7347
7349 7348
7350 7349
7351 7350
7352 7351
7353 7352
7354 7353
7355 7354
7356 7355
7357 7356
7358 7357
7359 7358
7360 7359
7361 7360
7362 7361
7363 7362
7364 7363
7365 7364
7366 7365
7367 7366
7368 7367
7369 7368
7370 7369
7371 7370
7372 7371
7373 7372
7374 7373
7375 7374
7376 7375
7377 7376
7378 7377
7379 7378
7380 7379
7381 7380
7382 7381
7383 7382
7384 7383
7385 7384
7386 7385
7387 7386
7388 7387
7389 7388
7390 7389
7391 7390
7392 7391
7393 7392
7394 7393
7395 7394
7396 7395
7397 7396
7398 7397
7399 7398
7400 7399
7401 7400
7402 7401
7403 7402
7404 7403
7405 7404
7406 7405
7407 7406
7408 7407
7409 7408
7410 7409
7411 7410
7412 7411
7413 7412
7414 7413
7415 7414
7416 7415
7417 7416
7418 7417
7419 7418
7420 7419
7421 7420
7422 7421
7423 7422
7424 7423
7425 7424
7426 7425
7427 7426
7428 7427
7429 7428
7430 7429
7431 7430
7432 7431
7433 7432
7434 7433
7435 7434
7436 7435
7437 7436
7438 7437
7439 7438
7440 7439
7441 7440
7442 7441
7443 7442
7444 7443
7445 7444
7446 7445
7447 7446
7448 7447
7449 7448
7450 7449
7451 7450
7452 7451
7453 7452
7454 7453
7455 7454
7456 7455
7457 7456
7458 7457
7459 7458
7460 7459
7461 7460
7462 7461
7463 7462
7464 7463
7465 7464
7466 7465
7467 7466
7468 7467
7469 7468
7470 7469
7471 7470
7472 7471
7473 7472
7474 7473
7475 7474
7476 7475
7477 7476
7478 7477
7479 7478
7480 7479
7481 7480
7482 7481
7483 7482
7484 7483
7485 7484
7486 7485
7487 7486
7488 7487
7489 7488
7490 7489
7491 7490
7492 7491
7493 7492
7494 7493
7495 7494
7496 7495
7497 7496
7498 7497
7499 7498
7500 7499
7501 7500
7502 7501
7503 7502
7504 7503
7505 7504
7506 7505
7507 7506
7508 7507
7509 7508
7510 7509
7511 7510
7512 7511
7513 7512
7514 7513
7515 7514
7516 7515
7517 7516
7518 7517
7519 7518
7520 7519
7521 7520
7522 7521
7523 7522
7524 7523
7525 7524
7526 7525
7527 7526
7528 7527
7529 7528
7530 7529
7531 7530
7532 7531
7533 7532
7534 7533
7535 7534
7536 7535
7537 7536
7538 7537
7539 7538
7540 7539
7541 7540
7542 7541
7543 7542
7544 7543
7545 7544
7546 7545
7547 7546
7548 7547
7549 7548
7550 7549
7551 7550
7552 7551
7553 7552
7554 7553
7555 7554
7556 7555
7557 7556
7558 7557
7559 7558
7560 7559
7561 7560
7562 7561
7563 7562
7564 7563
7565 7564
7566 7565
7567 7566
7568 7567
7569 7568
7570 7569
7571 7570
7572 7571
7573 7572
7574 7573
7575 7574
7576 7575
7577 7576
7578 7577
7579 7578
7580 7579
7581 7580
7582 7581
7583 7582
7584 7583
7585 7584
7586 7585
7587 7586
7588 7587
7589 7588
7590 7589
7591 7590
7592 7591
7593 7592
7594 7593
7595 7594
7596 7595
7597 7596
7598 7597
7599 7598
7600 7599
7601 7600
7602 7601
7603 7602
7604 7603
7605 7604
7606 7605
7607 7606
7608 7607
7609 7608
7610 7609
7611 7610
7612 7611
7613 7612
7614 7613
7615 7614
7616 7615
7617 7616
7618 7617
7619 7618
7620 7619
7621 7620
7622 7621
7623 7622
7624 7623
7625 7624
7626 7625
7627 7626
7628 7627
7629 7628
7630 7629
7631 7630
7632 7631
7633 7632
7634 7633
7635 7634
7636 7635
7637 7636
7638 7637
7639 7638
7640 7639
7641 7640
7642 7641
7643 7642
7644 7643
7645 7644
7646 7645
7647 7646
7648 7647
7649 7648
7650 7649
7651 7650
7652 7651
7653 7652
7654 7653
7655 7654
7656 7655
7657 7656
7658 7657
7659 7658
7660 7659
7661 7660
7662 7661
7663 7662
7664 7663
7665 7664
7666 7665
7667 7666
7668 7667
7669 7668
7670 7669
7671 7670
7672 7671
7673 7672
7674 7673
7675 7674
7676 7675
7677 7676
7678 7677
7679 7678
7680 7679
7681 7680
7682 7681
7683 7682
7684 7683
7685 7684
7686 7685
7687 7686
7688 7687
7689 7688
7690 7689
7691 7690
7692 7691
7693 7692
7694 7693
7695 7694
7696 7695
7697 7696
7698 7697
7699 7698
7700 7699
7701 7700
7702 7701
7703 7702
7704 7703
7705 7704
7706 7705
7707 7706
7708 7707
7709 7708
7710 7709
7711 7710
7712 7711
7713 7712
7714 7713
7715 7714
7716 7715
7717 7716
7718 7717
7719 7718
7720 7719
7721 7720
7722 7721
7723 7722
7724 7723
7725 7724
7726 7725
7727 7726
7728 7727
7729 7728
7730 7729
7731 7730
7732 7731
7733 7732
7734 7733
7735 7734
7736 7735
7737 7736
7738 7737
7739 7738
7740 7739
7741 7740
7742 7741
7743 7742
7744 7743
7745 7744
7746 7745
7747 7746
7748 7747
7749 7748
7750 7749
7751 7750
7752 7751
7753 7752
7754 7753
7755 7754
7756 7755
7756 4094
7757 3031
7758 7757
7759 7758
7760 7759
7761 7760
7762 7761
7763 7762
7764 7763
7765 7764
7766 7765
7767 7766
7768 7767
7769 7768
7770 7769
7771 7770
7772 7771
7773 7772
7774 7773
7775 7774
7776 7775
7777 7776
7778 7777
7779 7778
7780 7779
7781 7780
7782 7781
7783 7782
7784 7783
7785 7784
7786 7785
7787 7786
7788 7787
7789 7788
7790 7789
7791 7790
7792 7791
7793 7792
7794 7793
7795 7794
7796 7795
7797 7796
7798 7797
7799 7798
7800 7799
7801 7800
7802 7801
7803 7802
7804 7803
7805 7804
7806 7805
7807 7806
7808 7807
7809 7808
7810 7809
7811 7810
7812 7811
7813 7812
7814 7813
7815 7814
7816 7815
7817 7816
7818 7817
7819 7818
7820 7819
7821 7820
7822 7821
7823 7822
7824 7823
7825 7824
7826 7825
7827 7826
7828 7827
7829 7828
7830 7829
7831 7830
7832 7831
7833 7832
7834 7833
7835 7834
7836 7835
7837 7836
7838 7837
7839 7838
7840 7839
7841 7840
7842 7841
7843 7842
7844 7843
7845 7844
7846 7845
7847 7846
7848 7847
7849 7848
7850 7849
7851 7850
7852 7851
7853 7852
7854 7853
7855 7854
7856 7855
7857 7856
7858 7857
7859 7858
7860 7859
7861 7860
7862 7861
7863 7862
7864 7863
7865 7864
7866 7865
7867 7866
7868 7867
7869 7868
7870 7869
7871 7870
7872 7871
7873 7872
7874 7873
7875 7874
7876 7875
7877 7876
7878 7877
7879 7878
7880 7879
7881 7880
7882 7881
7883 7882
7884 7883
7885 7884
7886 7885
7887 7886
7888 7887
7889 7888
7890 7889
7891 7890
7892 7891
7893 7892
7894 7893
7895 7894
7896 7895
7897 7896
7898 7897
7899 7898
7900 7899
7901 7900
7902 7901
7903 7902
7904 7903
7905 7904
7906 7905
7907 7906
7908 7907
7909 7908
7910 7909
7911 7910
7912 7911
7913 7912
7914 7913
7915 7914
7916 7915
7917 7916
7918 7917
7919 7918
7920 7919
7921 7920
7922 7921
7923 7922
7924 7923
7925 7924
7926 7925
7927 7926
7928 7927
7929 7928
7930 7929
7931 7930
7932 7931
7933 7932
7934 7933
7935 7934
7936 7935
7937 7936
7938 7937
7939 7938
7940 7939
7941 7940
7942 7941
7943 7942
7944 7943
7945 7944
7946 7945
7947 7946
7948 7947
7949 7948
7950 7949
7951 7950
7952 7951
7953 7952
7954 7953
7955 7954
7956 7955
7957 7956
7958 7957
7959 7958
7960 7959
7961 7960
7962 7961
7963 7962
7964 7963
7965 7964
7966 7965
7967 7966
7968 7967
7969 7968
7970 7969
7971 7970
7972 7971
7973 7972
7974 7973
7975 7974
7976 7975
7977 7976
7978 7977
7979 7978
7980 7979
7981 7980
7982 7981
7983 7982
7984 7983
7985 7984
7986 7985
7987 7986
7988 7987
7989 7988
7990 7989
7991 7990
7992 7991
7993 7992
7994 7993
7995 7994
7996 7995
7997 7996
7998 7997
7999 7998
8000 7999
8001 8000
8002 8001
8003 8002
8004 8003
8005 8004
8006 8005
8007 8006
8008 8007
8009 8008
8010 8009
8011 8010
8012 8011
8013 8012
8014 8013
8015 8014
8016 8015
8017 8016
8018 8017
8019 8018
8020 8019
8021 8020
8022 8021
8023 8022
8024 8023
8025 8024
8026 8025
8027 8026
8028 8027
8029 8028
8030 8029
8031 8030
8032 8031
8033 8032
8034 8033
8035 8034
8036 8035
8037 8036
8038 8037
8039 8038
8040 8039
8041 8040
8042 8041
8043 8042
8044 8043
8045 8044
8046 8045
8047 8046
8048 8047
8049 8048
8050 8049
8051 8050
8052 8051
8053 8052
8054 8053
8055 8054
8056 8055
8057 8056
8058 8057
8059 8058
8060 8059
8061 8060
8062 8061
8063 8062
8064 8063
8065 8064
8066 8065
8067 8066
8068 8067
8069 8068
8070 8069
8071 8070
8072 8071
8073 8072
8074 8073
8075 8074
8076 8075
8077 8076
8078 8077
8079 8078
8080 8079
8081 8080
8082 8081
8083 8082
8084 8083
8085 8084
8086 8085
8087 8086
8088 8087
8089 8088
8090 8089
8091 8090
8092 8091
8093 8092
8094 8093
8095 8094
8096 8095
8097 8096
8098 8097
8099 8098
8100 8099
8101 8100
8102 8101
8103 8102
8104 8103
8105 8104
8106 8105
8107 8106
8108 8107
8109 8108
8110 8109
8111 8110
8112 8111
8113 8112
8114 8113
8115 8114
8116 8115
8117 8116
8118 8117
8119 8118
8120 8119
8121 8120
8122 8121
8123 8122
8124 8123
8125 8124
8126 8125
8127 8126
8128 8127
8129 8128
8130 8129
8131 8130
8132 8131
8133 8132
8134 8133
8135 8134
8136 8135
8137 8136
8138 8137
8139 8138
8140 8139
8141 8140
8142 8141
8143 8142
8144 8143
8145 8144
8146 8145
8147 8146
8148 8147
8149 8148
8150 8149
8151 8150
8152 8151
8153 8152
8154 8153
8155 8154
8156 8155
8157 8156
8158 8157
8159 8158
8160 8159
8161 8160
8162 8161
8163 8162
8164 8163
8165 8164
8166 8165
8167 8166
8168 8167
8169 8168
8170 8169
8171 8170
8172 8171
8173 8172
8174 8173
8175 8174
8176 8175
8177 8176
8178 8177
8179 8178
8180 8179
8181 8180
8182 8181
8183 8182
8184 8183
8185 8184
8186 8185
8187 8186
8188 8187
8189 8188
8190 8189
8191 8190
8192 8191
8193 8192
8194 8193
8195 8194
8196 8195
8197 8196
8198 8197
8199 8198
8200 8199
8201 8200
8202 8201
8203 8202
8204 8203
8205 8204
8206 8205
8207 8206
8208 8207
8209 8208
8210 8209
8211 8210
8212 8211
8213 8212
8214 8213
8215 8214
8216 8215
8217 8216
8218 8217
8219 8218
8220 8219
8221 8220
8222 8221
8223 8222
8224 8223
8225 8224
8226 8225
8227 8226
8228 8227
8229 8228
8230 8229
8231 8230
8232 8231
8233 8232
8234 8233
8235 8234
8236 8235
8237 8236
8238 8237
8239 8238
8240 8239
8241 8240
8242 8241
8243 8242
8244 8243
8245 8244
8246 8245
8247 8246
8248 8247
8249 8248
8250 8249
8251 8250
8252 8251
8253 8252
8254 8253
8255 8254
8256 8255
8257 8256
8258 8257
8259 8258
8260 8259
8261 8260
8262 8261
8263 8262
8264 8263
8265 8264
8266 8265
8267 8266
8268 8267
8269 8268
8270 8269
8271 8270
8272 8271
8273 8272
8274 8273
8275 8274
8276 8275
8277 8276
8278 8277
8279 8278
8280 8279
8281 8280
8282 8281
8283 8282
8284 8283
8285 8284
8286 8285
8287 8286
8288 8287
8289 8288
8290 8289
8291 8290
8292 8291
8293 8292
8294 8293
8295 8294
8296 8295
8297 8296
8298 8297
8299 8298
8300 8299
8301 8300
8302 8301
8303 8302
8304 8303
8305 8304
8306 8305
8307 8306
8308 8307
8309 8308
8310 8309
8311 8310
8312 8311
8313 8312
8314 8313
8315 8314
8316 8315
8317 8316
8318 8317
8319 8318
8320 8319
8321 8320
8322 8321
8323 8322
8324 8323
8325 8324
8326 8325
8327 8326
8328 8327
8329 8328
8330 8329
8331 8330
8332 8331
8333 8332
8334 8333
8335 8334
8336 8335
8337 8336
8338 8337
8339 8338
8340 8339
8341 8340
8342 8341
8343 8342
8344 8343
8345 8344
8346 8345
8347 8346
8348 8347
8349 8348
8350 8349
8351 8350
8352 8351
8353 8352
8354 8353
8355 8354
8356 8355
8357 8356
8358 8357
8359 8358
8360 8359
8361 8360
8362 8361
8363 8362
8364 8363
8365 8364
8366 8365
8367 8366
8368 8367
8369 8368
8370 8369
8371 8370
8372 8371
8373 8372
8374 8373
8375 8374
8376 8375
8377 8376
8378 8377
8379 8378
8380 8379
8381 8380
8382 8381
8383 8382
8384 8383
8384 3031
8385 3766
8386 8385
8387 8386
8388 8387
8389 8388
8390 8389
8391 8390
8392 8391
8393 8392
8394 8393
8395 8394
8396 8395
8397 8396
8398 8397
8399 8398
8400 8399
8401 8400
8402 8401
8403 8402
8404 8403
8405 8404
8406 8405
8407 8406
8408 8407
8409 8408
8410 8409
8411 8410
8412 8411
8413 8412
8414 8413
8415 8414
8416 8415
8417 8416
8418 8417
8419 8418
8420 8419
8421 8420
8422 8421
8423 8422
8424 8423
8425 8424
8426 8425
8427 8426
8428 8427
8429 8428
8430 8429
8431 8430
8432 8431
8433 8432
8434 8433
8435 8434
8436 8435
8437 8436
8438 8437
8439 8438
8440 8439
8441 8440
8442 8441
8443 8442
8444 8443
8445 8444
8446 8445
8447 8446
8448 8447
8449 8448
8450 8449
8451 8450
8452 8451
8453 8452
8454 8453
8455 8454
8456 8455
8457 8456
8458 8457
8459 8458
8460 8459
8461 8460
8462 8461
8463 8462
8464 8463
8465 8464
8466 8465
8467 8466
8468 8467
8469 8468
8470 8469
8471 8470
8472 8471
8473 8472
8474 8473
8475 8474
8476 8475
8477 8476
8478 8477
8479 8478
8480 8479
8481 8480
8482 8481
8483 8482
8484 8483
8485 8484
8486 8485
8487 8486
8488 8487
8489 8488
8490 8489
8491 8490
8492 8491
8493 8492
8494 8493
8495 8494
8496 8495
8497 8496
8498 8497
8499 8498
8500 8499
8501 8500
8502 8501
8503 8502
8504 8503
8505 8504
8506 8505
8507 8506
8508 8507
8509 8508
8510 8509
8511 8510
8512 8511
8513 8512
8514 8513
8515 8514
8516 8515
8517 8516
8518 8517
8519 8518
8520 8519
8521 8520
8522 8521
8523 8522
8524 8523
8525 8524
8526 8525
8527 8526
8528 8527
8529 8528
8530 8529
8531 8530
8532 8531
8533 8532
8534 8533
8535 8534
8536 8535
8537 8536
8538 8537
8539 8538
8540 8539
8541 8540
8542 8541
8543 8542
8544 8543
8545 8544
8546 8545
8547 8546
8548 8547
8549 8548
8550 8549
8551 8550
8552 8551
8553 8552
8554 8553
8555 8554
8556 8555
8557 8556
8558 8557
8559 8558
8560 8559
8561 8560
8562 8561
8563 8562
8564 8563
8565 8564
8566 8565
8567 8566
8568 8567
8569 8568
8570 8569
8571 8570
8572 8571
8573 8572
8574 8573
8575 8574
8576 8575
8577 8576
8578 8577
8579 8578
8580 8579
8581 8580
8582 8581
8583 8582
8584 8583
8585 8584
8586 8585
8587 8586
8588 8587
8589 8588
8590 8589
8591 8590
8592 8591
8593 8592
8594 8593
8595 8594
8596 8595
8597 8596
8598 8597
8599 8598
8600 8599
8601 8600
8602 8601
8603 8602
8604 8603
8605 8604
8606 8605
8607 8606
8608 8607
8609 8608
8610 8609
8611 8610
8612 8611
8613 8612
8614 8613
8615 8614
8616 8615
8617 8616
8618 8617
8619 8618
8620 8619
8621 8620
8622 8621
8623 8622
8624 8623
8625 8624
8626 8625
8627 8626
8628 8627
8629 8628
8630 8629
8631 8630
8632 8631
8633 8632
8634 8633
8635 8634
8636 8635
8637 8636
8638 8637
8639 8638
8640 8639
8641 8640
8642 8641
8643 8642
8644 8643
8645 8644
8646 8645
8647 8646
8648 8647
8649 8648
8650 8649
8651 8650
8652 8651
8653 8652
8654 8653
8655 8654
8656 8655
8657 8656
8658 8657
8659 8658
8660 8659
8661 8660
8662 8661
8663 8662
8664 8663
8665 8664
8666 8665
8667 8666
8668 8667
8669 8668
8670 8669
8671 8670
8672 8671
8673 8672
8674 8673
8675 8674
8676 8675
8677 8676
8678 8677
8679 8678
8680 8679
8681 8680
8682 8681
8683 8682
8684 8683
8685 8684
8686 8685
8687 8686
8688 8687
8689 8688
8690 8689
8691 8690
8692 8691
8693 8692
8694 8693
8695 8694
8696 8695
8697 8696
8698 8697
8699 8698
8700 8699
8701 8700
8702 8701
8703 8702
8704 8703
8705 8704
8706 8705
8707 8706
8708 8707
8709 8708
8710 8709
8711 8710
8712 8711
8713 8712
8714 8713
8715 8714
8716 8715
8717 8716
8718 8717
8719 8718
8720 8719
8721 8720
8722 8721
8723 8722
8724 8723
8725 8724
8726 8725
8727 8726
8728 8727
8729 8728
8730 8729
8731 8730
8732 8731
8733 8732
8734 8733
8735 8734
8736 8735
8737 8736
8738 8737
8739 8738
8740 8739
8741 8740
8742 8741
8743 8742
8744 8743
8745 8744
8746 8745
8747 8746
8748 8747
8749 8748
8750 8749
8751 8750
8752 8751
8753 8752
8754 8753
8755 8754
8756 8755
8757 8756
8758 8757
8759 8758
8760 8759
8761 8760
8762 8761
8763 8762
8764 8763
8765 8764
8766 8765
8767 8766
8768 8767
8769 8768
8770 8769
8771 8770
8772 8771
8773 8772
8774 8773
8775 8774
8776 8775
8777 8776
8778 8777
8779 8778
8780 8779
8781 8780
8782 8781
8783 8782
8784 8783
8785 8784
8786 8785
8787 8786
8788 8787
8789 8788
8790 8789
8791 8790
8792 8791
8793 8792
8794 8793
8795 8794
8796 8795
8797 8796
8798 8797
8799 8798
8800 8799
8801 8800
8802 8801
8803 8802
8804 8803
8805 8804
8806 8805
8807 8806
8808 8807
8809 8808
8810 8809
8811 8810
8812 8811
8813 8812
8814 8813
8815 8814
8816 8815
8817 8816
8818 8817
8819 8818
8820 8819
8821 8820
8822 8821
8823 8822
8824 8823
8825 8824
8826 8825
8827 8826
8828 8827
8829 8828
8830 8829
8831 8830
8832 8831
8833 8832
8834 8833
8835 8834
8836 8835
8837 8836
8838 8837
8839 8838
8840 8839
8841 8840
8842 8841
8843 8842
8844 8843
8845 8844
8846 8845
8847 8846
8848 8847
8849 8848
8850 8849
8851 8850
8852 8851
8853 8852
8854 8853
8855 8854
8856 8855
8857 8856
8858 8857
8859 8858
8860 8859
8861 8860
8862 8861
8863 8862
8864 8863
8865 8864
8866 8865
8867 8866
8868 8867
8869 8868
8870 8869
8871 8870
8872 8871
8873 8872
8874 8873
8875 8874
8876 8875
8877 8876
8878 8877
8879 8878
8880 8879
8881 8880
8882 8881
8883 8882
8884 8883
8885 8884
8886 8885
8887 8886
8888 8887
8889 8888
8890 8889
8891 8890
8892 8891
8893 8892
8894 8893
8895 8894
8896 8895
8897 8896
8898 8897
8899 8898
8900 8899
8901 8900
8902 8901
8903 8902
8904 8903
8905 8904
8906 8905
8907 8906
8908 8907
8909 8908
8910 8909
8911 8910
8912 8911
8913 8912
8914 8913
8915 8914
8916 8915
8917 8916
8918 8917
8919 8918
8920 8919
8921 8920
8922 8921
8923 8922
8924 8923
8925 8924
8926 8925
8927 8926
8928 8927
8929 8928
8930 8929
8931 8930
8932 8931
8933 8932
8934 8933
8935 8934
8936 8935
8937 8936
8938 8937
8939 8938
8940 8939
8941 8940
8942 8941
8943 8942
8944 8943
8945 8944
8946 8945
8947 8946
8948 8947
8949 8948
8950 8949
8951 8950
8952 8951
8953 8952
8954 8953
8955 8954
8956 8955
8957 8956
8958 8957
8959 8958
8960 8959
8961 8960
8962 8961
8963 8962
8964 8963
8965 8964
8966 8965
8967 8966
8968 8967
8969 8968
8970 8969
8971 8970
8972 8971
8973 8972
8974 8973
8975 8974
8976 8975
8977 8976
8978 8977
8979 8978
8980 8979
8981 8980
8982 8981
8983 8982
8984 8983
8985 8984
8986 8985
8987 8986
8988 8987
8989 8988
8990 8989
8991 8990
8992 8991
8993 8992
8994 8993
8995 8994
8996 8995
8997 8996
8998 8997
8999 8998
9000 8999
9001 9000
9002 9001
9003 9002
9004 9003
9005 9004
9006 9005
9007 9006
9008 9007
9009 9008
9010 9009
9011 9010
9012 9011
9013 9012
9014 9013
9015 9014
9016 9015
9017 9016
9018 9017
9019 9018
9020 9019
9021 9020
9022 9021
9023 9022
9024 9023
9025 9024
9026 9025
9027 9026
9028 9027
9029 9028
9030 9029
9031 9030
9032 9031
9033 9032
9034 9033
9035 9034
9036 9035
9037 9036
9038 9037
9039 9038
9040 9039
9041 9040
9042 9041
9043 9042
9044 9043
9045 9044
9046 9045
9047 9046
9048 9047
9049 9048
9050 9049
9051 9050
9052 9051
9053 9052
9054 9053
9055 9054
9056 9055
9057 9056
9058 9057
9059 9058
9060 9059
9061 9060
9062 9061
9063 9062
9064 9063
9065 9064
9066 9065
9067 9066
9068 9067
9069 9068
9070 9069
9071 9070
9072 9071
9073 9072
9074 9073
9075 9074
9076 9075
9077 9076
9078 9077
9079 9078
9080 9079
9081 9080
9082 9081
9083 9082
9084 9083
9085 9084
9086 9085
9087 9086
9088 9087
9089 9088
9090 9089
9091 9090
9092 9091
9093 9092
9094 9093
9095 9094
9096 9095
9097 9096
9098 9097
9099 9098
9100 9099
9101 9100
9102 9101
9103 9102
9104 9103
9105 9104
9106 9105
9107 9106
9108 9107
9109 9108
9110 9109
9111 9110
9112 9111
9113 9112
9114 9113
9115 9114
9116 9115
9117 9116
9118 9117
9119 9118
9120 9119
9121 9120
9122 9121
9123 9122
9124 9123
9125 9124
9126 9125
9127 9126
9128 9127
9129 9128
9130 9129
9131 9130
9132 9131
9133 9132
9134 9133
9135 9134
9136 9135
9137 9136
9138 9137
9139 9138
9140 9139
9141 9140
9142 9141
9143 9142
9144 9143
9145 9144
9146 9145
9147 9146
9148 9147
9149 9148
9150 9149
9151 9150
9152 9151
9153 9152
9154 9153
9155 9154
9156 9155
9157 9156
9158 9157
9159 9158
9160 9159
9161 9160
9162 9161
9163 9162
9164 9163
9165 9164
9166 9165
9167 9166
9168 9167
9169 9168
9170 9169
9171 9170
9172 9171
9173 9172
9174 9173
9175 9174
9176 9175
9177 9176
9178 9177
9179 9178
9180 9179
9181 9180
9182 9181
9183 9182
9184 9183
9185 9184
9186 9185
9187 9186
9188 9187
9189 9188
9190 9189
9191 9190
9192 9191
9193 9192
9194 9193
9195 9194
9196 9195
9197 9196
9198 9197
9199 9198
9200 9199
9201 9200
9202 9201
9203 9202
9204 9203
9205 9204
9206 9205
9207 9206
9208 9207
9209 9208
9210 9209
9211 9210
9212 9211
9213 9212
9214 9213
9215 9214
9216 9215
9217 9216
9218 9217
9219 9218
9220 9219
9221 9220
9222 9221
9223 9222
9224 9223
9225 9224
9226 9225
9227 9226
9228 9227
9228 3766
9229 2578
9230 9229
9231 9229
9232 9231
9233 2578
9234 9232
9235 9232
9236 9235
9237 9236
9238 9229
9239 9229
9240 9231
9241 9232
9242 9234
9243 9230
9244 9235
9245 9239
9246 9239
9247 2578
9248 9245
9249 9234
9250 9235
9251 9243
9252 9231
9253 9241
9254 9240
9255 2578
9256 9252
9257 9235
9258 9253
9259 9230
9260 9259
9261 9251
9262 9235
9263 9246
9264 9230
9265 9241
9266 9248
9267 9255
9268 9253
9269 9239
9270 9238
9271 9253
9272 9265
9273 9256
9274 9247
9275 9237
9276 9273
9277 9269
9278 9275
9279 9272
9280 9252
9281 9263
9282 9237
9283 9248
9284 9268
9285 9252
9286 9247
9287 9284
9288 9229
9289 9241
9290 9268
9291 9251
9292 9252
9293 9275
9294 9263
9295 9275
9296 9261
9297 9278
9298 9247
9299 9245
9300 9270
9301 9275
9302 9289
9303 9234
9304 9257
9305 9255
9306 9260
9307 9237
9308 9302
9309 9267
9310 9244
9311 9271
9312 9234
9313 9291
9314 9248
9315 9257
9316 9273
9317 9292
9318 9313
9319 9308
9320 9309
9321 9270
9322 2578
9323 9230
9324 9301
9325 9296
9326 9277
9327 9290
9328 9239
9329 9304
9330 9312
9331 9238
9332 9231
9333 9301
9334 9302
9335 9265
9336 9265
9337 9240
9338 9239
9339 9303
9340 9274
9341 9326
9342 9293
9343 9307
9344 9308
9345 9343
9346 9286
9347 9259
9348 9245
9349 9294
9350 9258
9351 9300
9352 9301
9353 9301
9354 9327
9355 9314
9356 9245
9357 9323
9358 9257
9359 9233
9360 9293
9361 9297
9362 9338
9363 9244
9364 9230
9365 9307
9366 9365
9367 9331
9368 9344
9369 9339
9370 9266
9371 9256
9372 9254
9373 9294
9374 9253
9375 9347
9376 9361
9377 9239
9378 9242
9379 9281
9380 9361
9381 9235
9382 9313
9383 9270
9384 9232
9385 9338
9386 9321
9387 9368
9388 9340
9389 9256
9390 9371
9391 9247
9392 9233
9393 9285
9394 9359
9395 9304
9396 9237
9397 9322
9398 9383
9399 9289
9400 9315
9401 9296
9402 9388
9403 9306
9404 9385
9405 9242
9406 9379
9407 9260
9408 9261
9409 9320
9410 9279
9411 9346
9412 9244
9413 9253
9414 9258
9415 9382
9416 9230
9417 9294
9418 9387
9419 9248
9420 9267
9421 9318
9422 9253
9423 9231
9424 9377
9425 9298
9426 9243
9427 9248
9428 9292
9429 9383
9430 9343
9431 9273
9432 9313
9433 9268
9434 9425
9435 9340
9436 9235
9437 9290
9438 9436
9439 9399
9440 9229
9441 9258
9442 9321
9443 9339
9444 9269
9445 9258
9446 9395
9447 9422
9448 9263
9449 9267
9450 9416
9451 9355
9452 9377
9453 9348
9454 9275
9455 9298
9456 9320
9457 9332
9458 9385
9459 9388
9460 9305
9461 9384
9462 9313
9463 9456
9464 9241
9465 9444
9466 9348
9467 9396
9468 9428
9469 9459
9470 9413
9471 9438
9472 9424
9473 9357
9474 9336
9475 9305
9476 9359
9477 9334
9478 9360
9479 9394
9480 9388
9481 9276
9482 9244
9483 9293
9484 9381
9485 9441
9486 9368
9487 9322
9488 9239
9489 9248
9490 9442
9491 9232
9492 9454
9493 9404
9494 9355
9495 9344
9496 9278
9497 9277
9498 9431
9499 9286
9500 9373
9501 9231
9502 9316
9503 9447
9504 9382
9505 9470
9506 9413
9507 9243
9508 9471
9509 9309
9510 9339
9511 9313
9512 9395
9513 9314
9514 9451
9515 9404
9516 9410
9517 9323
9518 9308
9519 9242
9520 9416
9521 9467
9522 9278
9523 9415
9524 9386
9525 9408
9526 9336
9527 9402
9528 9413
9529 9517
9530 9500
9531 9462
9532 9357
9533 9517
9534 9388
9535 9374
9536 9267
9537 9350
9538 9235
9539 9329
9540 9239
9541 9373
9542 9386
9543 9446
9544 9235
9545 9457
9546 9524
9547 9411
9548 9333
9549 9466
9550 9464
9551 9499
9552 9549
9553 9329
9554 9254
9555 9267
9556 9341
9557 9487
9558 9542
9559 9545
9560 9440
9561 9481
9562 9313
9563 9291
9564 9556
9565 9501
9566 9337
9567 9312
9568 9523
9569 9357
9570 9466
9571 9403
9572 9390
9573 9311
9574 9308
9575 9327
9576 9297
9577 9409
9578 9412
9579 9357
9580 9280
9581 9293
9582 9437
9583 9507
9584 9577
9585 9290
9586 9260
9587 9469
9588 9568
9589 9471
9590 9528
9591 9496
9592 9590
9593 9313
9594 9326
9595 9308
9596 9474
9597 9372
9598 9415
9599 9369
9600 9595
9601 9494
9602 9568
9603 9256
9604 9444
9605 9231
9606 9253
9607 9242
9608 9246
9609 8422
9610 8422
9611 9609
9612 9609
9613 9611
9614 9612
9615 9612
9616 9609
9617 9609
9618 9609
9619 9618
9620 9615
9621 9612
9622 9619
9623 9619
9624 9611
9625 9624
9626 9618
9627 9622
9628 9626
9629 9615
9630 9615
9631 9610
9632 9610
9633 9612
9634 9626
9635 9632
9636 8422
9637 9628
9638 9637
9639 9621
9640 9634
9641 9617
9642 9637
9643 9635
9644 9609
9645 9627
9646 9638
9647 9641
9648 8422
9649 9615
9650 9622
9651 9627
9652 9611
9653 9644
9654 9624
9655 9636
9656 9633
9657 9613
9658 9625
9659 9650
9660 9614
9661 9644
9662 9614
9663 9614
9664 9626
9665 9615
9666 9618
9667 9657
9668 9636
9669 9623
9670 9661
9671 9659
9672 9664
9673 9621
9674 9632
9675 9610
9676 9629
9677 9616
9678 9659
9679 9636
9680 9616
9681 9635
9682 9627
9683 9613
9684 9619
9685 9642
9686 9620
9687 9638
9688 9639
9689 9672
9690 9669
9691 9673
9692 9643
9693 9623
9694 9677
9695 9662
9696 9675
9697 9675
9698 9670
9699 9693
9700 9681
9701 9611
9702 9611
9703 9654
9704 9695
9705 9694
9706 9679
9707 9683
9708 9659
9709 9625
9710 9701
9711 9630
9712 9642
9713 9695
9714 9698
9715 9644
9716 9686
9717 9667
9718 9714
9719 9714
9720 9695
9721 9649
9722 9720
9723 9678
9724 9710
9725 9679
9726 9656
9727 9720
9728 9621
9729 9685
9730 9697
9731 9632
9732 9616
9733 9709
9734 9609
9735 9702
9736 9631
9737 8422
9738 9719
9739 9618
9740 9698
9741 9655
9742 9728
9743 9648
9744 9660
9745 9744
9746 9649
9747 9743
9748 9625
9749 9724
9750 9690
9751 9652
9752 9704
9753 9688
9754 9717
9755 9685
9756 9685
9757 9752
9758 9680
9759 9672
9760 9632
9761 9689
9762 9669
9763 9632
9764 9616
9765 9679
9766 9721
9767 9737
9768 9665
9769 9618
9770 9621
9771 9734
9772 9711
9773 9652
9774 9710
9775 9643
9776 9632
9777 9774
9778 9666
9779 9708
9780 9778
9781 9776
9782 9668
9783 9636
9784 9746
9785 9648
9786 9635
9787 9763
9788 9670
9789 9712
9790 9635
9791 9649
9792 9709
9793 9733
9794 9614
9795 9700
9796 9793
9797 9738
9798 9777
9799 9697
9800 9668
9801 9699
9802 9775
9803 9674
9804 9664
9805 9797
9806 9726
9807 9682
9808 9798
9809 9787
9810 9756
9811 9800
9812 9668
9813 9765
9814 9747
9815 9620
9816 9630
9817 9650
9818 9703
9819 9809
9820 9609
9821 9732
9822 9733
9823 9804
9824 9723
9825 9766
9826 9693
9827 9664
9828 9768
9829 9803
9830 9741
9831 9626
9832 9704
9833 9716
9834 9763
9835 9634
9836 9795
9837 9820
9838 9707
9839 9794
9840 9676
9841 9775
9842 9817
9843 9734
9844 9759
9845 9836
9846 9614
9847 9815
9848 9803
9849 9717
9850 9719
9851 9723
9852 9748
9853 9706
9854 9613
9855 9661
9856 9802
9857 9753
9858 9710
9859 9758
9860 9632
9861 9808
9862 9744
9863 9853
9864 9838
9865 9837
9866 9818
9867 9799
9868 9811
9869 9796
9870 9706
9871 9809
9872 9772
9873 9825
9874 9865
9875 9814
9876 9703
9877 9855
9878 9875
9879 9672
9880 9801
9881 9703
9882 9683
9883 9810
9884 9665
9885 9816
9886 9742
9887 9660
9888 9610
9889 9853
9890 9690
9891 9635
9892 9853
9893 9682
9894 9728
9895 9614
9896 9684
9897 9883
9898 9701
9899 9861
9900 9765
9901 9743
9902 9653
9903 9790
9904 9701
9905 9679
9906 9777
9907 9631
9908 9869
9909 9641
9910 9808
9911 8422
9912 9896
9913 9645
9914 9756
9915 9774
9916 9655
9917 9737
9918 9618
9919 9868
9920 9900
9921 9882
9922 9620
9923 9761
9924 9719
9925 9848
9926 9609
9927 9712
9928 9884
9929 9647
9930 9622
9931 9735
9932 9671
9933 9826
9934 9784
9935 9924
9936 9871
9937 9850
9938 9810
9939 9771
9940 9836
9941 9899
9942 9760
9943 9805
9944 9881
9945 9738
9946 9612
9947 9705
9948 9682
9949 9919
9950 9729
9951 9909
9952 9831
9953 9770
9954 9865
9955 9675
9956 9675
9957 9918
9958 9820
9959 9930
9960 9638
9961 9693
9962 9763
9963 9950
9964 9679
9965 9640
9966 9688
9967 9814
9968 9883
9969 9945
9970 9716
9971 9941
9972 9864
9973 9711
9974 9916
9975 9694
9976 9931
9977 9974
9978 9812
9979 9867
9980 9610
9981 9835
9982 9792
9983 9640
9984 9619
9985 9666
9986 9906
9987 9791
9988 9847
9989 9881
9990 9714
9991 9975
9992 9680
9993 9839
9994 9947
9995 9666
9996 9864
9997 9688
9998 9719
9999 9727
10000 9615
