1000 1498
2 1
3 2
3 1
4 1
5 4
5 1
6 2
7 6
7 2
8 3
9 8
9 3
10 3
11 10
11 3
12 7
13 12
13 7
14 8
15 14
15 8
16 13
17 16
17 13
18 12
19 18
19 12
20 16
21 20
21 16
22 13
23 22
23 13
24 13
25 24
25 13
26 22
27 26
27 22
28 25
29 28
29 25
30 4
31 30
31 4
32 18
33 32
33 18
34 1
35 34
35 1
36 22
37 36
37 22
38 21
39 38
39 21
40 5
41 40
41 5
42 14
43 42
43 14
44 36
45 44
45 36
46 45
47 46
47 45
48 25
49 48
49 25
50 42
51 50
51 42
52 41
53 52
53 41
54 17
55 54
55 17
56 52
57 56
57 52
58 51
59 58
59 51
60 29
61 60
61 29
62 45
63 62
63 45
64 17
65 64
65 17
66 19
67 66
67 19
68 8
69 68
69 8
70 44
71 70
71 44
72 39
73 72
73 39
74 50
75 74
75 50
76 1
77 76
77 1
78 56
79 78
79 56
80 69
81 80
81 69
82 11
83 82
83 11
84 76
85 84
85 76
86 72
87 86
87 72
88 32
89 88
89 32
90 68
91 90
91 68
92 46
93 92
93 46
94 68
95 94
95 68
96 27
97 96
97 27
98 45
99 98
99 45
100 50
101 100
101 50
102 12
103 102
103 12
104 55
105 104
105 55
106 88
107 106
107 88
108 100
109 108
109 100
110 37
111 110
111 37
112 50
113 112
113 50
114 19
115 114
115 19
116 41
117 116
117 41
118 42
119 118
119 42
120 108
121 120
121 108
122 104
123 122
123 104
124 83
125 124
125 83
126 122
127 126
127 122
128 116
129 128
129 116
130 6
131 130
131 6
132 57
133 132
133 57
134 110
135 134
135 110
136 5
137 136
137 5
138 22
139 138
139 22
140 63
141 140
141 63
142 65
143 142
143 65
144 4
145 144
145 4
146 140
147 146
147 140
148 80
149 148
149 80
150 143
151 150
151 143
152 145
153 152
153 145
154 145
155 154
155 145
156 6
157 156
157 6
158 77
159 158
159 77
160 41
161 160
161 41
162 138
163 162
163 138
164 148
165 164
165 148
166 43
167 166
167 43
168 95
169 168
169 95
170 155
171 170
171 155
172 31
173 172
173 31
174 137
175 174
175 137
176 99
177 176
177 99
178 161
179 178
179 161
180 89
181 180
181 89
182 25
183 182
183 25
184 51
185 184
185 51
186 3
187 186
187 3
188 179
189 188
189 179
190 93
191 190
191 93
192 60
193 192
193 60
194 158
195 194
195 158
196 29
197 196
197 29
198 153
199 198
199 153
200 34
201 200
201 34
202 193
203 202
203 193
204 32
205 204
205 32
206 23
207 206
207 23
208 39
209 208
209 39
210 73
211 210
211 73
212 80
213 212
213 80
214 171
215 214
215 171
216 7
217 216
217 7
218 1
219 218
219 1
220 5
221 220
221 5
222 17
223 222
223 17
224 155
225 224
225 155
226 54
227 226
227 54
228 59
229 228
229 59
230 130
231 230
231 130
232 3
233 232
233 3
234 222
235 234
235 222
236 189
237 236
237 189
238 137
239 238
239 137
240 143
241 240
241 143
242 119
243 242
243 119
244 179
245 244
245 179
246 195
247 246
247 195
248 115
249 248
249 115
250 158
251 250
251 158
252 153
253 252
253 153
254 106
255 254
255 106
256 236
257 256
257 236
258 87
259 258
259 87
260 34
261 260
261 34
262 170
263 262
263 170
264 104
265 264
265 104
266 231
267 266
267 231
268 195
269 268
269 195
270 261
271 270
271 261
272 134
273 272
273 134
274 181
275 274
275 181
276 225
277 276
277 225
278 256
279 278
279 256
280 125
281 280
281 125
282 140
283 282
283 140
284 260
285 284
285 260
286 170
287 286
287 170
288 223
289 288
289 223
290 191
291 290
291 191
292 249
293 292
293 249
294 226
295 294
295 226
296 224
297 296
297 224
298 271
299 298
299 271
300 287
301 300
301 287
302 129
303 302
303 129
304 124
305 304
305 124
306 129
307 306
307 129
308 85
309 308
309 85
310 182
311 310
311 182
312 69
313 312
313 69
314 26
315 314
315 26
316 178
317 316
317 178
318 149
319 318
319 149
320 195
321 320
321 195
322 223
323 322
323 223
324 44
325 324
325 44
326 191
327 326
327 191
328 239
329 328
329 239
330 13
331 330
331 13
332 235
333 332
333 235
334 238
335 334
335 238
336 170
337 336
337 170
338 29
339 338
339 29
340 219
341 340
341 219
342 65
343 342
343 65
344 46
345 344
345 46
346 163
347 346
347 163
348 141
349 348
349 141
350 322
351 350
351 322
352 274
353 352
353 274
354 308
355 354
355 308
356 258
357 356
357 258
358 49
359 358
359 49
360 315
361 360
361 315
362 278
363 362
363 278
364 131
365 364
365 131
366 73
367 366
367 73
368 24
369 368
369 24
370 299
371 370
371 299
372 207
373 372
373 207
374 171
375 374
375 171
376 24
377 376
377 24
378 1
379 378
379 1
380 199
381 380
381 199
382 206
383 382
383 206
384 276
385 384
385 276
386 309
387 386
387 309
388 168
389 388
389 168
390 138
391 390
391 138
392 116
393 392
393 116
394 141
395 394
395 141
396 262
397 396
397 262
398 106
399 398
399 106
400 375
401 400
401 375
402 291
403 402
403 291
404 24
405 404
405 24
406 267
407 406
407 267
408 327
409 408
409 327
410 301
411 410
411 301
412 85
413 412
413 85
414 13
415 414
415 13
416 101
417 416
417 101
418 368
419 418
419 368
420 120
421 420
421 120
422 338
423 422
423 338
424 352
425 424
425 352
426 397
427 426
427 397
428 357
429 428
429 357
430 9
431 430
431 9
432 180
433 432
433 180
434 40
435 434
435 40
436 361
437 436
437 361
438 251
439 438
439 251
440 140
441 440
441 140
442 394
443 442
443 394
444 390
445 444
445 390
446 104
447 446
447 104
448 407
449 448
449 407
450 40
451 450
451 40
452 313
453 452
453 313
454 375
455 454
455 375
456 434
457 456
457 434
458 33
459 458
459 33
460 286
461 460
461 286
462 436
463 462
463 436
464 383
465 464
465 383
466 38
467 466
467 38
468 280
469 468
469 280
470 320
471 470
471 320
472 171
473 472
473 171
474 415
475 474
475 415
476 310
477 476
477 310
478 467
479 478
479 467
480 9
481 480
481 9
482 125
483 482
483 125
484 467
485 484
485 467
486 343
487 486
487 343
488 308
489 488
489 308
490 52
491 490
491 52
492 103
493 492
493 103
494 218
495 494
495 218
496 13
497 496
497 13
498 415
499 498
499 415
500 358
501 500
501 358
502 299
503 502
503 299
504 442
505 504
505 442
506 249
507 506
507 249
508 259
509 508
509 259
510 136
511 510
511 136
512 486
513 512
513 486
514 69
515 514
515 69
516 12
517 516
517 12
518 161
519 518
519 161
520 145
521 520
521 145
522 33
523 522
523 33
524 68
525 524
525 68
526 267
527 526
527 267
528 95
529 528
529 95
530 52
531 530
531 52
532 115
533 532
533 115
534 472
535 534
535 472
536 428
537 536
537 428
538 470
539 538
539 470
540 78
541 540
541 78
542 390
543 542
543 390
544 90
545 544
545 90
546 150
547 546
547 150
548 466
549 548
549 466
550 108
551 550
551 108
552 97
553 552
553 97
554 454
555 554
555 454
556 399
557 556
557 399
558 445
559 558
559 445
560 7
561 560
561 7
562 93
563 562
563 93
564 351
565 564
565 351
566 97
567 566
567 97
568 216
569 568
569 216
570 150
571 570
571 150
572 282
573 572
573 282
574 176
575 574
575 176
576 470
577 576
577 470
578 346
579 578
579 346
580 404
581 580
581 404
582 136
583 582
583 136
584 487
585 584
585 487
586 567
587 586
587 567
588 271
589 588
589 271
590 579
591 590
591 579
592 224
593 592
593 224
594 199
595 594
595 199
596 82
597 596
597 82
598 501
599 598
599 501
600 214
601 600
601 214
602 359
603 602
603 359
604 418
605 604
605 418
606 265
607 606
607 265
608 192
609 608
609 192
610 56
611 610
611 56
612 94
613 612
613 94
614 520
615 614
615 520
616 502
617 616
617 502
618 35
619 618
619 35
620 224
621 620
621 224
622 238
623 622
623 238
624 419
625 624
625 419
626 106
627 626
627 106
628 504
629 628
629 504
630 142
631 630
631 142
632 455
633 632
633 455
634 7
635 634
635 7
636 239
637 636
637 239
638 204
639 638
639 204
640 571
641 640
641 571
642 415
643 642
643 415
644 327
645 644
645 327
646 335
647 646
647 335
648 563
649 648
649 563
650 282
651 650
651 282
652 608
653 652
653 608
654 382
655 654
655 382
656 594
657 656
657 594
658 350
659 658
659 350
660 550
661 660
661 550
662 122
663 662
663 122
664 530
665 664
665 530
666 212
667 666
667 212
668 561
669 668
669 561
670 446
671 670
671 446
672 45
673 672
673 45
674 416
675 674
675 416
676 44
677 676
677 44
678 173
679 678
679 173
680 592
681 680
681 592
682 627
683 682
683 627
684 228
685 684
685 228
686 663
687 686
687 663
688 597
689 688
689 597
690 135
691 690
691 135
692 173
693 692
693 173
694 78
695 694
695 78
696 262
697 696
697 262
698 348
699 698
699 348
700 22
701 700
701 22
702 262
703 702
703 262
704 531
705 704
705 531
706 186
707 706
707 186
708 203
709 708
709 203
710 327
711 710
711 327
712 83
713 712
713 83
714 633
715 714
715 633
716 285
717 716
717 285
718 567
719 718
719 567
720 638
721 720
721 638
722 408
723 722
723 408
724 437
725 724
725 437
726 245
727 726
727 245
728 78
729 728
729 78
730 702
731 730
731 702
732 22
733 732
733 22
734 454
735 734
735 454
736 361
737 736
737 361
738 457
739 738
739 457
740 635
741 740
741 635
742 131
743 742
743 131
744 613
745 744
745 613
746 442
747 746
747 442
748 352
749 748
749 352
750 584
751 750
751 584
752 532
753 752
753 532
754 523
755 754
755 523
756 116
757 756
757 116
758 5
759 758
759 5
760 81
761 760
761 81
762 585
763 762
763 585
764 711
765 764
765 711
766 417
767 766
767 417
768 233
769 768
769 233
770 204
771 770
771 204
772 508
773 772
773 508
774 307
775 774
775 307
776 760
777 776
777 760
778 476
779 778
779 476
780 443
781 780
781 443
782 559
783 782
783 559
784 733
785 784
785 733
786 195
787 786
787 195
788 97
789 788
789 97
790 355
791 790
791 355
792 436
793 792
793 436
794 494
795 794
795 494
796 396
797 796
797 396
798 601
799 798
799 601
800 766
801 800
801 766
802 396
803 802
803 396
804 598
805 804
805 598
806 402
807 806
807 402
808 157
809 808
809 157
810 200
811 810
811 200
812 372
813 812
813 372
814 69
815 814
815 69
816 383
817 816
817 383
818 199
819 818
819 199
820 445
821 820
821 445
822 654
823 822
823 654
824 71
825 824
825 71
826 410
827 826
827 410
828 686
829 828
829 686
830 368
831 830
831 368
832 768
833 832
833 768
834 170
835 834
835 170
836 754
837 836
837 754
838 252
839 838
839 252
840 630
841 840
841 630
842 297
843 842
843 297
844 653
845 844
845 653
846 803
847 846
847 803
848 744
849 848
849 744
850 682
851 850
851 682
852 729
853 852
853 729
854 821
855 854
855 821
856 292
857 856
857 292
858 639
859 858
859 639
860 456
861 860
861 456
862 679
863 862
863 679
864 818
865 864
865 818
866 757
867 866
867 757
868 450
869 868
869 450
870 222
871 870
871 222
872 280
873 872
873 280
874 18
875 874
875 18
876 32
877 876
877 32
878 795
879 878
879 795
880 213
881 880
881 213
882 16
883 882
883 16
884 750
885 884
885 750
886 568
887 886
887 568
888 131
889 888
889 131
890 361
891 890
891 361
892 210
893 892
893 210
894 794
895 894
895 794
896 649
897 896
897 649
898 85
899 898
899 85
900 439
901 900
901 439
902 742
903 902
903 742
904 52
905 904
905 52
906 335
907 906
907 335
908 445
909 908
909 445
910 666
911 910
911 666
912 765
913 912
913 765
914 688
915 914
915 688
916 33
917 916
917 33
918 841
919 918
919 841
920 556
921 920
921 556
922 425
923 922
923 425
924 602
925 924
925 602
926 153
927 926
927 153
928 81
929 928
929 81
930 419
931 930
931 419
932 812
933 932
933 812
934 406
935 934
935 406
936 928
937 936
937 928
938 168
939 938
939 168
940 712
941 940
941 712
942 92
943 942
943 92
944 448
945 944
945 448
946 788
947 946
947 788
948 19
949 948
949 19
950 558
951 950
951 558
952 581
953 952
953 581
954 50
955 954
955 50
956 330
957 956
957 330
958 764
959 958
959 764
960 823
961 960
961 823
962 797
963 962
963 797
964 79
965 964
965 79
966 512
967 966
967 512
968 593
969 968
969 593
970 735
971 970
971 735
972 477
973 972
973 477
974 378
975 974
975 378
976 237
977 976
977 237
978 526
979 978
979 526
980 194
981 980
981 194
982 66
983 982
983 66
984 957
985 984
985 957
986 764
987 986
987 764
988 463
989 988
989 463
990 931
991 990
991 931
992 543
993 992
993 543
994 931
995 994
995 931
996 579
997 996
997 579
998 747
999 998
1000 999
1000 747
