10000 10001
2 1
3 1
4 1
5 3
6 3
7 2
8 6
9 6
10 1
11 4
12 6
13 9
14 9
15 11
16 9
17 8
18 10
19 8
20 3
21 11
22 14
23 2
24 1
25 21
26 18
27 14
28 5
29 22
30 27
31 9
32 26
33 2
34 6
35 28
36 4
37 4
38 28
39 3
40 35
41 5
42 22
43 24
44 26
45 42
46 24
47 29
48 3
49 1
50 49
51 18
52 19
53 33
54 34
55 19
56 19
57 44
58 11
59 14
60 50
61 60
62 5
63 8
64 52
65 28
66 13
67 7
68 17
69 7
70 68
71 46
72 71
73 29
74 46
75 36
76 66
77 61
78 66
79 44
80 58
81 27
82 70
83 31
84 34
85 40
86 17
87 37
88 81
89 53
90 2
91 36
92 1
93 8
94 54
95 61
96 78
97 7
98 62
99 87
100 74
101 75
102 73
103 83
104 19
105 14
106 83
107 59
108 10
109 25
110 69
111 52
112 29
113 71
114 59
115 82
116 63
117 92
118 82
119 9
120 64
121 63
122 45
123 78
124 108
125 73
126 115
127 104
128 45
129 4
130 93
131 118
132 113
133 88
134 24
135 82
136 125
137 33
138 13
139 74
140 29
141 66
142 73
143 86
144 39
145 132
146 131
147 31
148 100
149 74
150 61
151 30
152 115
153 83
154 71
155 93
156 27
157 147
158 93
159 27
160 112
161 49
162 155
163 50
164 136
165 18
166 47
167 23
168 133
169 77
170 89
171 47
172 55
173 109
174 24
175 91
176 56
177 66
178 68
179 134
180 80
181 157
182 95
183 16
184 31
185 15
186 67
187 173
188 16
189 98
190 45
191 20
192 27
193 176
194 30
195 166
196 42
197 2
198 71
199 196
200 53
201 130
202 108
203 138
204 70
205 149
206 166
207 99
208 92
209 114
210 48
211 68
212 97
213 201
214 208
215 97
216 25
217 21
218 26
219 83
220 218
221 38
222 48
223 183
224 92
225 192
226 204
227 60
228 126
229 194
230 100
231 10
232 27
233 128
234 46
235 60
236 71
237 42
238 190
239 4
240 7
241 51
242 150
243 58
244 83
245 142
246 143
247 116
248 54
249 76
250 150
251 10
252 88
253 152
254 134
255 141
256 5
257 162
258 234
259 93
260 64
261 196
262 35
263 215
264 211
265 120
266 211
267 88
268 127
269 4
270 237
271 240
272 246
273 53
274 38
275 79
276 22
277 29
278 8
279 244
280 205
281 76
282 45
283 114
284 135
285 251
286 280
287 192
288 215
289 212
290 279
291 36
292 254
293 256
294 87
295 246
296 169
297 257
298 42
299 157
300 85
301 116
302 240
303 186
304 220
305 152
306 45
307 48
308 171
309 285
310 174
311 155
312 204
313 78
314 211
315 287
316 104
317 207
318 131
319 188
320 18
321 88
322 237
323 296
324 90
325 164
326 292
327 251
328 16
329 291
330 88
331 140
332 50
333 201
334 159
335 157
336 159
337 92
338 210
339 300
340 52
341 34
342 263
343 21
344 88
345 217
346 39
347 69
348 243
349 209
350 243
351 318
352 286
353 45
354 43
355 78
356 37
357 126
358 184
359 246
360 338
361 271
362 254
363 270
364 198
365 147
366 45
367 84
368 58
369 274
370 76
371 134
372 208
373 352
374 113
375 209
376 201
377 117
378 279
379 179
380 288
381 23
382 374
383 157
384 272
385 340
386 110
387 113
388 250
389 173
390 59
391 299
392 46
393 307
394 302
395 148
396 74
397 294
398 47
399 171
400 86
401 393
402 304
403 116
404 239
405 324
406 320
407 40
408 189
409 314
410 69
411 318
412 32
413 127
414 157
415 373
416 305
417 363
418 400
419 160
420 220
421 405
422 294
423 222
424 268
425 265
426 182
427 178
428 350
429 275
430 213
431 86
432 320
433 369
434 271
435 343
436 94
437 137
438 98
439 370
440 437
441 185
442 431
443 234
444 107
445 201
446 273
447 56
448 108
449 84
450 442
451 179
452 224
453 91
454 10
455 133
456 190
457 280
458 62
459 408
460 403
461 401
462 99
463 300
464 437
465 283
466 389
467 273
468 23
469 203
470 80
471 347
472 386
473 368
474 174
475 344
476 407
477 339
478 84
479 371
480 319
481 142
482 75
483 454
484 167
485 350
486 227
487 217
488 205
489 257
490 431
491 73
492 35
493 196
494 420
495 173
496 452
497 422
498 183
499 232
500 489
501 226
502 52
503 200
504 430
505 26
506 239
507 237
508 487
509 83
510 38
511 435
512 265
513 26
514 264
515 210
516 137
517 154
518 65
519 130
520 282
521 51
522 120
523 238
524 340
525 192
526 155
527 136
528 368
529 306
530 382
531 269
532 525
533 35
534 357
535 396
536 53
537 300
538 235
539 187
540 253
541 424
542 102
543 274
544 48
545 182
546 119
547 5
548 20
549 99
550 432
551 350
552 392
553 245
554 487
555 381
556 152
557 478
558 181
559 254
560 188
561 431
562 37
563 165
564 322
565 525
566 253
567 163
568 504
569 135
570 248
571 54
572 405
573 54
574 569
575 246
576 120
577 548
578 171
579 394
580 24
581 81
582 377
583 118
584 399
585 514
586 56
587 22
588 494
589 456
590 584
591 339
592 85
593 381
594 573
595 446
596 211
597 280
598 527
599 67
600 204
601 252
602 332
603 396
604 228
605 137
606 449
607 578
608 561
609 387
610 191
611 216
612 151
613 177
614 357
615 605
616 558
617 359
618 145
619 290
620 323
621 253
622 167
623 25
624 524
625 45
626 29
627 389
628 478
629 317
630 616
631 413
632 551
633 450
634 135
635 322
636 413
637 626
638 488
639 187
640 49
641 243
642 503
643 97
644 309
645 30
646 343
647 623
648 539
649 150
650 171
651 616
652 610
653 6
654 69
655 120
656 113
657 238
658 170
659 104
660 515
661 58
662 511
663 405
664 413
665 186
666 266
667 305
668 411
669 244
670 650
671 185
672 621
673 437
674 399
675 539
676 423
677 32
678 396
679 311
680 232
681 638
682 292
683 180
684 369
685 508
686 289
687 205
688 25
689 112
690 631
691 185
692 391
693 593
694 49
695 200
696 266
697 426
698 97
699 291
700 159
701 27
702 254
703 145
704 646
705 72
706 313
707 335
708 391
709 112
710 14
711 322
712 618
713 367
714 545
715 87
716 429
717 548
718 74
719 237
720 567
721 36
722 708
723 114
724 118
725 621
726 549
727 535
728 344
729 468
730 713
731 181
732 636
733 620
734 193
735 157
736 593
737 44
738 113
739 644
740 177
741 329
742 518
743 686
744 484
745 281
746 666
747 487
748 129
749 321
750 445
751 499
752 652
753 297
754 315
755 353
756 527
757 487
758 268
759 698
760 652
761 327
762 511
763 684
764 633
765 569
766 45
767 565
768 611
769 481
770 244
771 606
772 696
773 207
774 309
775 563
776 208
777 37
778 153
779 278
780 256
781 204
782 21
783 205
784 1
785 591
786 459
787 654
788 333
789 533
790 381
791 469
792 422
793 187
794 236
795 404
796 70
797 16
798 688
799 638
800 752
801 40
802 417
803 621
804 351
805 666
806 419
807 525
808 495
809 18
810 427
811 213
812 11
813 107
814 673
815 101
816 553
817 438
818 342
819 116
820 78
821 689
822 613
823 426
824 433
825 361
826 346
827 445
828 313
829 725
830 344
831 415
832 703
833 512
834 188
835 698
836 577
837 519
838 662
839 687
840 456
841 528
842 584
843 307
844 780
845 812
846 103
847 598
848 524
849 814
850 356
851 525
852 86
853 398
854 445
855 157
856 470
857 480
858 231
859 190
860 399
861 514
862 46
863 547
864 371
865 777
866 104
867 539
868 350
869 388
870 81
871 306
872 260
873 328
874 33
875 536
876 36
877 766
878 132
879 620
880 63
881 280
882 446
883 863
884 709
885 89
886 637
887 672
888 661
889 544
890 298
891 475
892 530
893 385
894 142
895 505
896 867
897 355
898 362
899 487
900 447
901 3
902 295
903 348
904 376
905 96
906 221
907 12
908 535
909 350
910 56
911 710
912 690
913 163
914 108
915 437
916 60
917 372
918 141
919 783
920 402
921 81
922 522
923 64
924 698
925 501
926 776
927 64
928 182
929 239
930 228
931 371
932 679
933 56
934 140
935 910
936 500
937 98
938 637
939 426
940 842
941 858
942 460
943 811
944 834
945 351
946 934
947 124
948 624
949 133
950 650
951 831
952 241
953 516
954 809
955 669
956 744
957 34
958 783
959 817
960 66
961 76
962 238
963 556
964 930
965 29
966 310
967 850
968 150
969 53
970 735
971 153
972 760
973 912
974 170
975 411
976 147
977 685
978 807
979 748
980 429
981 739
982 150
983 643
984 234
985 975
986 791
987 96
988 349
989 336
990 168
991 852
992 869
993 922
994 192
995 849
996 254
997 524
998 390
999 28
1000 303
1001 362
1002 528
1003 551
1004 498
1005 431
1006 394
1007 148
1008 193
1009 924
1010 779
1011 852
1012 699
1013 91
1014 548
1015 661
1016 843
1017 236
1018 279
1019 227
1020 172
1021 856
1022 348
1023 584
1024 384
1025 1017
1026 687
1027 923
1028 139
1029 76
1030 924
1031 106
1032 835
1033 767
1034 264
1035 434
1036 210
1037 747
1038 72
1039 127
1040 934
1041 956
1042 1006
1043 262
1044 976
1045 980
1046 852
1047 17
1048 32
1049 739
1050 613
1051 487
1052 850
1053 453
1054 627
1055 1039
1056 907
1057 394
1058 993
1059 795
1060 88
1061 761
1062 667
1063 356
1064 732
1065 62
1066 892
1067 915
1068 161
1069 601
1070 130
1071 86
1072 117
1073 493
1074 744
1075 244
1076 697
1077 429
1078 630
1079 326
1080 1033
1081 474
1082 771
1083 404
1084 463
1085 343
1086 120
1087 529
1088 544
1089 300
1090 834
1091 1057
1092 595
1093 956
1094 256
1095 6
1096 368
1097 1015
1098 387
1099 321
1100 357
1101 580
1102 299
1103 747
1104 748
1105 1103
1106 938
1107 887
1108 298
1109 341
1110 223
1111 829
1112 1004
1113 499
1114 75
1115 325
1116 1017
1117 979
1118 336
1119 967
1120 98
1121 927
1122 389
1123 211
1124 360
1125 32
1126 297
1127 917
1128 327
1129 288
1130 92
1131 930
1132 937
1133 772
1134 990
1135 910
1136 1043
1137 387
1138 1083
1139 1114
1140 699
1141 785
1142 540
1143 974
1144 765
1145 5
1146 158
1147 256
1148 168
1149 620
1150 275
1151 198
1152 343
1153 163
1154 352
1155 722
1156 997
1157 57
1158 1119
1159 399
1160 635
1161 371
1162 1048
1163 1112
1164 280
1165 401
1166 33
1167 205
1168 459
1169 776
1170 7
1171 208
1172 860
1173 71
1174 305
1175 109
1176 653
1177 369
1178 577
1179 517
1180 213
1181 589
1182 445
1183 1120
1184 802
1185 825
1186 230
1187 512
1188 710
1189 647
1190 288
1191 637
1192 840
1193 247
1194 503
1195 318
1196 860
1197 380
1198 940
1199 798
1200 761
1201 750
1202 881
1203 1109
1204 1161
1205 722
1206 715
1207 163
1208 65
1209 757
1210 984
1211 1014
1212 271
1213 969
1214 998
1215 845
1216 752
1217 736
1218 183
1219 276
1220 912
1221 998
1222 228
1223 221
1224 1168
1225 220
1226 948
1227 663
1228 27
1229 328
1230 18
1231 682
1232 568
1233 822
1234 1043
1235 151
1236 366
1237 518
1238 1027
1239 195
1240 570
1241 67
1242 816
1243 1211
1244 1137
1245 721
1246 295
1247 766
1248 1096
1249 824
1250 1245
1251 837
1252 379
1253 623
1254 1180
1255 531
1256 779
1257 610
1258 73
1259 781
1260 803
1261 153
1262 574
1263 993
1264 292
1265 1087
1266 66
1267 470
1268 473
1269 287
1270 552
1271 469
1272 19
1273 1146
1274 101
1275 312
1276 638
1277 139
1278 855
1279 234
1280 1275
1281 865
1282 754
1283 223
1284 995
1285 1277
1286 312
1287 472
1288 93
1289 1106
1290 707
1291 1088
1292 593
1293 267
1294 1212
1295 1062
1296 956
1297 1241
1298 404
1299 73
1300 999
1301 170
1302 549
1303 1077
1304 927
1305 850
1306 482
1307 1200
1308 331
1309 874
1310 794
1311 1069
1312 65
1313 60
1314 966
1315 836
1316 144
1317 1173
1318 530
1319 1071
1320 373
1321 131
1322 1261
1323 1249
1324 839
1325 1151
1326 687
1327 656
1328 817
1329 84
1330 28
1331 455
1332 1154
1333 874
1334 1245
1335 192
1336 484
1337 1092
1338 369
1339 87
1340 482
1341 758
1342 818
1343 752
1344 990
1345 808
1346 638
1347 965
1348 41
1349 753
1350 1190
1351 129
1352 671
1353 1109
1354 727
1355 1165
1356 58
1357 268
1358 1082
1359 721
1360 1110
1361 960
1362 100
1363 622
1364 685
1365 883
1366 1124
1367 1209
1368 921
1369 255
1370 328
1371 1084
1372 765
1373 104
1374 991
1375 695
1376 193
1377 325
1378 74
1379 327
1380 303
1381 263
1382 211
1383 596
1384 577
1385 897
1386 740
1387 270
1388 769
1389 1198
1390 357
1391 353
1392 1136
1393 126
1394 1006
1395 809
1396 431
1397 489
1398 364
1399 1110
1400 663
1401 1131
1402 815
1403 143
1404 65
1405 1162
1406 1319
1407 958
1408 440
1409 563
1410 1164
1411 642
1412 675
1413 266
1414 1251
1415 324
1416 732
1417 693
1418 883
1419 1008
1420 889
1421 577
1422 1050
1423 793
1424 985
1425 1229
1426 475
1427 480
1428 722
1429 809
1430 1107
1431 85
1432 297
1433 968
1434 423
1435 920
1436 755
1437 1346
1438 915
1439 958
1440 129
1441 531
1442 922
1443 1204
1444 547
1445 262
1446 169
1447 1351
1448 1091
1449 547
1450 591
1451 1380
1452 291
1453 146
1454 732
1455 755
1456 857
1457 1373
1458 1106
1459 165
1460 823
1461 746
1462 625
1463 325
1464 93
1465 775
1466 1141
1467 815
1468 1260
1469 1399
1470 1447
1471 560
1472 705
1473 68
1474 1282
1475 36
1476 111
1477 288
1478 1237
1479 1284
1480 1242
1481 1050
1482 382
1483 1169
1484 1277
1485 88
1486 1469
1487 1019
1488 1119
1489 735
1490 539
1491 833
1492 196
1493 1344
1494 332
1495 1162
1496 1420
1497 646
1498 1370
1499 1250
1500 316
1501 158
1502 1193
1503 830
1504 83
1505 934
1506 839
1507 1314
1508 1321
1509 186
1510 992
1511 1086
1512 660
1513 475
1514 331
1515 363
1516 570
1517 363
1518 1316
1519 1439
1520 1404
1521 770
1522 716
1523 197
1524 1441
1525 1175
1526 1104
1527 773
1528 412
1529 1351
1530 1155
1531 1245
1532 52
1533 1474
1534 582
1535 34
1536 1051
1537 281
1538 862
1539 107
1540 771
1541 358
1542 400
1543 129
1544 1337
1545 1452
1546 1529
1547 356
1548 578
1549 799
1550 333
1551 803
1552 419
1553 1238
1554 841
1555 682
1556 1181
1557 812
1558 392
1559 933
1560 379
1561 1114
1562 322
1563 299
1564 1180
1565 583
1566 569
1567 237
1568 221
1569 254
1570 857
1571 760
1572 848
1573 1136
1574 923
1575 1140
1576 41
1577 127
1578 1203
1579 809
1580 555
1581 493
1582 921
1583 143
1584 1438
1585 843
1586 115
1587 903
1588 19
1589 274
1590 1042
1591 310
1592 236
1593 757
1594 1399
1595 1558
1596 922
1597 1293
1598 815
1599 578
1600 1276
1601 1140
1602 1436
1603 1040
1604 816
1605 302
1606 475
1607 256
1608 1479
1609 1284
1610 987
1611 1439
1612 1371
1613 1263
1614 767
1615 1318
1616 1502
1617 1105
1618 768
1619 995
1620 1606
1621 1057
1622 985
1623 230
1624 733
1625 546
1626 724
1627 1539
1628 1448
1629 1236
1630 1451
1631 1098
1632 508
1633 1211
1634 104
1635 480
1636 589
1637 98
1638 616
1639 1097
1640 978
1641 1465
1642 622
1643 786
1644 1367
1645 315
1646 917
1647 1406
1648 1645
1649 153
1650 1338
1651 771
1652 1641
1653 925
1654 595
1655 1248
1656 650
1657 1448
1658 1208
1659 1443
1660 700
1661 485
1662 525
1663 1252
1664 253
1665 1299
1666 1536
1667 643
1668 429
1669 1155
1670 663
1671 1
1672 972
1673 456
1674 1316
1675 1618
1676 986
1677 477
1678 1070
1679 1252
1680 788
1681 1314
1682 287
1683 997
1684 516
1685 1023
1686 238
1687 347
1688 524
1689 872
1690 1242
1691 1048
1692 498
1693 15
1694 129
1695 25
1696 217
1697 1021
1698 591
1699 1166
1700 529
1701 357
1702 1621
1703 1194
1704 143
1705 152
1706 651
1707 1442
1708 1260
1709 335
1710 1118
1711 1033
1712 375
1713 972
1714 320
1715 798
1716 1470
1717 498
1718 724
1719 1311
1720 552
1721 1616
1722 1584
1723 476
1724 954
1725 706
1726 590
1727 1370
1728 368
1729 696
1730 1520
1731 801
1732 113
1733 301
1734 1579
1735 1401
1736 59
1737 1521
1738 558
1739 1401
1740 168
1741 699
1742 1508
1743 1571
1744 60
1745 808
1746 1461
1747 1118
1748 1311
1749 778
1750 149
1751 640
1752 1128
1753 922
1754 948
1755 1747
1756 770
1757 1647
1758 215
1759 1141
1760 191
1761 644
1762 1025
1763 1308
1764 554
1765 1502
1766 1516
1767 453
1768 695
1769 851
1770 750
1771 1529
1772 579
1773 480
1774 184
1775 1256
1776 1589
1777 165
1778 1630
1779 65
1780 1435
1781 1308
1782 821
1783 1557
1784 716
1785 765
1786 930
1787 814
1788 293
1789 1124
1790 465
1791 111
1792 1424
1793 1057
1794 1138
1795 668
1796 817
1797 148
1798 1737
1799 1252
1800 68
1801 1543
1802 1173
1803 1476
1804 1201
1805 963
1806 1667
1807 1415
1808 1662
1809 1651
1810 1723
1811 1784
1812 559
1813 718
1814 1219
1815 1253
1816 143
1817 25
1818 1276
1819 296
1820 890
1821 1747
1822 1014
1823 342
1824 347
1825 1712
1826 1153
1827 349
1828 558
1829 175
1830 1583
1831 1117
1832 773
1833 548
1834 952
1835 1683
1836 82
1837 1294
1838 216
1839 732
1840 986
1841 514
1842 868
1843 1102
1844 600
1845 282
1846 426
1847 174
1848 1363
1849 1799
1850 1651
1851 1661
1852 1557
1853 184
1854 1841
1855 1166
1856 1337
1857 1360
1858 891
1859 1170
1860 907
1861 1244
1862 248
1863 836
1864 1686
1865 690
1866 496
1867 1477
1868 718
1869 1511
1870 1667
1871 385
1872 1482
1873 354
1874 1025
1875 1149
1876 1077
1877 735
1878 1276
1879 1348
1880 908
1881 198
1882 498
1883 1538
1884 195
1885 213
1886 238
1887 482
1888 1728
1889 1121
1890 344
1891 1552
1892 1248
1893 1817
1894 1311
1895 483
1896 722
1897 569
1898 55
1899 962
1900 1625
1901 1409
1902 1818
1903 110
1904 750
1905 436
1906 1486
1907 86
1908 329
1909 1710
1910 122
1911 1164
1912 961
1913 406
1914 782
1915 1178
1916 227
1917 876
1918 18
1919 743
1920 1226
1921 1475
1922 1023
1923 585
1924 740
1925 36
1926 210
1927 1086
1928 1878
1929 1210
1930 1538
1931 1313
1932 1807
1933 533
1934 48
1935 797
1936 984
1937 87
1938 1523
1939 1455
1940 12
1941 1601
1942 1158
1943 771
1944 1905
1945 383
1946 1377
1947 1749
1948 1627
1949 1312
1950 729
1951 1847
1952 1058
1953 1559
1954 717
1955 531
1956 1330
1957 369
1958 1906
1959 545
1960 1579
1961 476
1962 1679
1963 1652
1964 226
1965 1849
1966 1553
1967 1732
1968 297
1969 987
1970 924
1971 316
1972 1244
1973 1942
1974 1226
1975 1007
1976 1732
1977 1386
1978 350
1979 253
1980 91
1981 1729
1982 1129
1983 1242
1984 1564
1985 60
1986 1428
1987 1767
1988 117
1989 62
1990 97
1991 440
1992 338
1993 151
1994 694
1995 823
1996 1511
1997 263
1998 1885
1999 534
2000 1821
2001 865
2002 1218
2003 323
2004 632
2005 1676
2006 892
2007 1900
2008 478
2009 437
2010 576
2011 1226
2012 1833
2013 1971
2014 1537
2015 1669
2016 837
2017 466
2018 594
2019 1658
2020 1304
2021 397
2022 271
2023 1818
2024 997
2025 1468
2026 572
2027 569
2028 1306
2029 346
2030 1834
2031 393
2032 56
2033 1016
2034 427
2035 2034
2036 1482
2037 304
2038 874
2039 265
2040 288
2041 1474
2042 680
2043 889
2044 735
2045 255
2046 1170
2047 1751
2048 1052
2049 1913
2050 1102
2051 942
2052 1756
2053 1829
2054 207
2055 733
2056 1599
2057 1665
2058 1156
2059 1917
2060 1150
2061 1814
2062 1182
2063 1552
2064 338
2065 1040
2066 427
2067 1279
2068 1133
2069 1532
2070 1979
2071 1761
2072 1538
2073 1561
2074 188
2075 1267
2076 2072
2077 1044
2078 489
2079 774
2080 2
2081 1010
2082 9
2083 1311
2084 393
2085 1554
2086 503
2087 1980
2088 880
2089 1848
2090 1847
2091 1199
2092 575
2093 1576
2094 416
2095 1434
2096 1039
2097 1017
2098 85
2099 1011
2100 681
2101 1562
2102 1680
2103 1186
2104 1851
2105 640
2106 695
2107 1512
2108 615
2109 182
2110 792
2111 1323
2112 1174
2113 1788
2114 661
2115 1516
2116 520
2117 517
2118 1486
2119 1225
2120 396
2121 1105
2122 850
2123 359
2124 1350
2125 979
2126 188
2127 1885
2128 388
2129 2115
2130 935
2131 204
2132 737
2133 725
2134 1668
2135 1048
2136 1662
2137 1929
2138 1172
2139 1749
2140 1956
2141 78
2142 1216
2143 642
2144 1204
2145 1143
2146 1464
2147 627
2148 1419
2149 1773
2150 1428
2151 192
2152 1497
2153 1634
2154 1570
2155 356
2156 185
2157 339
2158 2156
2159 167
2160 1146
2161 1855
2162 1749
2163 604
2164 813
2165 1134
2166 868
2167 1398
2168 1651
2169 1171
2170 615
2171 1993
2172 1816
2173 1090
2174 521
2175 2171
2176 1600
2177 1475
2178 1523
2179 1817
2180 1705
2181 1846
2182 476
2183 1412
2184 1169
2185 717
2186 999
2187 235
2188 347
2189 832
2190 2154
2191 103
2192 1786
2193 348
2194 1964
2195 1138
2196 2018
2197 292
2198 1470
2199 907
2200 174
2201 1574
2202 1222
2203 354
2204 2179
2205 540
2206 98
2207 2051
2208 329
2209 2113
2210 1398
2211 415
2212 1773
2213 1272
2214 457
2215 916
2216 261
2217 129
2218 886
2219 990
2220 471
2221 663
2222 679
2223 1697
2224 158
2225 2106
2226 1949
2227 193
2228 479
2229 1254
2230 423
2231 561
2232 839
2233 419
2234 871
2235 1404
2236 666
2237 124
2238 751
2239 769
2240 1536
2241 976
2242 2151
2243 1146
2244 1669
2245 159
2246 1125
2247 1077
2248 622
2249 1534
2250 2042
2251 1249
2252 1667
2253 1267
2254 1641
2255 959
2256 2054
2257 1738
2258 1999
2259 207
2260 1459
2261 1875
2262 598
2263 622
2264 1646
2265 1721
2266 292
2267 1676
2268 548
2269 984
2270 1216
2271 831
2272 1832
2273 816
2274 320
2275 171
2276 110
2277 624
2278 284
2279 409
2280 1612
2281 1236
2282 1617
2283 13
2284 1463
2285 2088
2286 220
2287 423
2288 420
2289 875
2290 1599
2291 1669
2292 412
2293 732
2294 720
2295 711
2296 159
2297 680
2298 675
2299 988
2300 1944
2301 318
2302 215
2303 977
2304 1099
2305 1057
2306 864
2307 1889
2308 1951
2309 2222
2310 1638
2311 2098
2312 430
2313 1132
2314 1446
2315 1557
2316 580
2317 982
2318 326
2319 741
2320 302
2321 12
2322 1202
2323 1389
2324 1353
2325 159
2326 1532
2327 2318
2328 1173
2329 1296
2330 1790
2331 346
2332 975
2333 449
2334 831
2335 1811
2336 1053
2337 996
2338 662
2339 1197
2340 1983
2341 1833
2342 2032
2343 1028
2344 2225
2345 189
2346 127
2347 245
2348 823
2349 1866
2350 942
2351 1281
2352 1251
2353 752
2354 1264
2355 2197
2356 1053
2357 1079
2358 1286
2359 1988
2360 1240
2361 2306
2362 31
2363 188
2364 1268
2365 1777
2366 1435
2367 489
2368 2009
2369 696
2370 2006
2371 2213
2372 850
2373 1382
2374 518
2375 864
2376 1037
2377 527
2378 1791
2379 843
2380 1974
2381 1195
2382 1450
2383 1266
2384 370
2385 308
2386 536
2387 2364
2388 1845
2389 576
2390 382
2391 1744
2392 782
2393 37
2394 359
2395 1458
2396 1360
2397 2274
2398 452
2399 2147
2400 2187
2401 445
2402 603
2403 711
2404 597
2405 780
2406 2297
2407 1343
2408 2365
2409 2082
2410 2062
2411 1946
2412 1931
2413 505
2414 872
2415 762
2416 1610
2417 1530
2418 1828
2419 67
2420 1530
2421 1422
2422 1093
2423 1376
2424 1995
2425 1457
2426 1377
2427 1816
2428 159
2429 1945
2430 814
2431 46
2432 2084
2433 659
2434 2429
2435 84
2436 717
2437 1835
2438 976
2439 2201
2440 415
2441 407
2442 2120
2443 2365
2444 1629
2445 1120
2446 376
2447 654
2448 29
2449 513
2450 926
2451 1971
2452 224
2453 2450
2454 1476
2455 2246
2456 11
2457 1374
2458 45
2459 1193
2460 1935
2461 1529
2462 582
2463 2016
2464 1151
2465 475
2466 2006
2467 484
2468 2263
2469 1963
2470 228
2471 1815
2472 1639
2473 573
2474 1122
2475 464
2476 256
2477 2353
2478 1754
2479 523
2480 2098
2481 809
2482 2120
2483 1622
2484 2463
2485 419
2486 914
2487 1427
2488 3
2489 388
2490 1985
2491 1257
2492 565
2493 646
2494 696
2495 385
2496 575
2497 2420
2498 66
2499 2164
2500 369
2501 989
2502 1675
2503 1282
2504 447
2505 652
2506 967
2507 919
2508 355
2509 2014
2510 1626
2511 473
2512 1340
2513 2243
2514 2237
2515 2282
2516 1485
2517 837
2518 930
2519 364
2520 776
2521 892
2522 1914
2523 309
2524 2046
2525 2509
2526 2223
2527 2492
2528 1787
2529 670
2530 196
2531 727
2532 2408
2533 595
2534 1625
2535 1944
2536 949
2537 661
2538 1155
2539 2263
2540 1235
2541 754
2542 1485
2543 896
2544 2426
2545 1933
2546 815
2547 1823
2548 1122
2549 1324
2550 2405
2551 2098
2552 1398
2553 1173
2554 1622
2555 1535
2556 2151
2557 1257
2558 2093
2559 1738
2560 975
2561 793
2562 2523
2563 1561
2564 77
2565 2139
2566 2367
2567 1165
2568 1540
2569 830
2570 1269
2571 249
2572 1371
2573 2026
2574 1640
2575 271
2576 1190
2577 281
2578 1071
2579 1404
2580 1593
2581 1765
2582 1571
2583 86
2584 749
2585 208
2586 1535
2587 753
2588 656
2589 241
2590 1060
2591 1925
2592 1786
2593 806
2594 1529
2595 1594
2596 2196
2597 1325
2598 1983
2599 2029
2600 2010
2601 2169
2602 1642
2603 1723
2604 596
2605 383
2606 2507
2607 1198
2608 356
2609 1399
2610 2495
2611 1152
2612 2295
2613 983
2614 849
2615 1819
2616 503
2617 1219
2618 387
2619 669
2620 273
2621 852
2622 2231
2623 1935
2624 1015
2625 964
2626 2045
2627 171
2628 851
2629 2511
2630 1201
2631 2529
2632 1030
2633 1237
2634 2031
2635 379
2636 2483
2637 2506
2638 1507
2639 1031
2640 1596
2641 133
2642 289
2643 1117
2644 1493
2645 1814
2646 100
2647 1230
2648 292
2649 1152
2650 307
2651 1325
2652 1331
2653 315
2654 2091
2655 509
2656 1798
2657 531
2658 2404
2659 1085
2660 189
2661 2415
2662 2286
2663 1942
2664 1670
2665 1123
2666 2623
2667 352
2668 1477
2669 1846
2670 433
2671 2364
2672 2381
2673 2165
2674 1269
2675 692
2676 2086
2677 2250
2678 2366
2679 1273
2680 2641
2681 1438
2682 2389
2683 1571
2684 1056
2685 1364
2686 1380
2687 1604
2688 1381
2689 563
2690 2610
2691 608
2692 633
2693 1712
2694 2000
2695 1276
2696 1403
2697 1786
2698 2585
2699 1349
2700 673
2701 916
2702 2641
2703 1269
2704 337
2705 790
2706 606
2707 973
2708 1151
2709 1620
2710 1288
2711 2676
2712 1253
2713 61
2714 2108
2715 976
2716 1062
2717 18
2718 1140
2719 592
2720 1245
2721 805
2722 2348
2723 1744
2724 1405
2725 98
2726 499
2727 1134
2728 361
2729 2250
2730 1286
2731 1230
2732 990
2733 1718
2734 329
2735 1964
2736 2584
2737 280
2738 1983
2739 466
2740 2281
2741 1955
2742 1172
2743 466
2744 649
2745 1542
2746 1201
2747 1864
2748 2308
2749 2145
2750 90
2751 311
2752 2659
2753 2088
2754 187
2755 1148
2756 1347
2757 2682
2758 362
2759 1842
2760 1151
2761 2619
2762 404
2763 2431
2764 759
2765 38
2766 2521
2767 496
2768 1094
2769 1868
2770 1013
2771 1448
2772 2622
2773 2755
2774 2705
2775 754
2776 866
2777 1656
2778 1165
2779 980
2780 2527
2781 426
2782 2717
2783 1442
2784 1267
2785 1340
2786 1708
2787 362
2788 2249
2789 1287
2790 1177
2791 1188
2792 476
2793 1917
2794 1177
2795 2435
2796 522
2797 2491
2798 2364
2799 861
2800 1399
2801 2368
2802 682
2803 28
2804 484
2805 1016
2806 2795
2807 2552
2808 1633
2809 811
2810 2286
2811 465
2812 2113
2813 1255
2814 1488
2815 886
2816 113
2817 865
2818 862
2819 1883
2820 820
2821 1689
2822 134
2823 2230
2824 2750
2825 2233
2826 1810
2827 1777
2828 2121
2829 2418
2830 666
2831 882
2832 713
2833 646
2834 1564
2835 525
2836 2040
2837 195
2838 17
2839 1266
2840 394
2841 1895
2842 2535
2843 1229
2844 936
2845 914
2846 1790
2847 2411
2848 832
2849 280
2850 1001
2851 1864
2852 1852
2853 88
2854 134
2855 1086
2856 1045
2857 446
2858 450
2859 1040
2860 1982
2861 2773
2862 2333
2863 1354
2864 655
2865 1678
2866 390
2867 1076
2868 2050
2869 2711
2870 1385
2871 419
2872 2695
2873 1653
2874 1800
2875 1318
2876 1494
2877 2258
2878 2443
2879 1138
2880 1608
2881 1248
2882 1684
2883 896
2884 87
2885 2804
2886 886
2887 1688
2888 1620
2889 2100
2890 2068
2891 1115
2892 1539
2893 1034
2894 2212
2895 2223
2896 82
2897 2102
2898 2670
2899 2508
2900 1460
2901 2568
2902 1457
2903 1670
2904 1594
2905 732
2906 2593
2907 1334
2908 162
2909 1724
2910 1902
2911 1061
2912 470
2913 1785
2914 53
2915 2382
2916 2640
2917 874
2918 754
2919 2575
2920 1471
2921 923
2922 50
2923 227
2924 1353
2925 148
2926 1942
2927 1615
2928 1908
2929 1440
2930 552
2931 758
2932 991
2933 2403
2934 1460
2935 297
2936 2024
2937 940
2938 69
2939 2530
2940 2490
2941 1507
2942 1343
2943 318
2944 419
2945 1443
2946 2412
2947 203
2948 180
2949 1405
2950 1209
2951 2037
2952 1501
2953 732
2954 319
2955 457
2956 2787
2957 2039
2958 2227
2959 565
2960 1231
2961 475
2962 83
2963 1956
2964 2914
2965 1962
2966 1826
2967 1164
2968 1302
2969 2437
2970 7
2971 1883
2972 2847
2973 2775
2974 1406
2975 972
2976 1935
2977 159
2978 1381
2979 1636
2980 1569
2981 2190
2982 2629
2983 2029
2984 1338
2985 1774
2986 1111
2987 2253
2988 2818
2989 1000
2990 2383
2991 883
2992 134
2993 2903
2994 648
2995 581
2996 2594
2997 2843
2998 2594
2999 456
3000 383
3001 599
3002 2100
3003 1555
3004 2348
3005 1052
3006 2695
3007 2058
3008 1567
3009 2092
3010 2447
3011 361
3012 1788
3013 587
3014 2409
3015 2885
3016 121
3017 817
3018 237
3019 2757
3020 2965
3021 170
3022 1654
3023 881
3024 2705
3025 309
3026 371
3027 153
3028 418
3029 1945
3030 2684
3031 662
3032 1234
3033 979
3034 207
3035 1089
3036 2818
3037 966
3038 1465
3039 926
3040 3029
3041 1994
3042 3032
3043 2968
3044 1591
3045 1562
3046 831
3047 43
3048 2326
3049 1358
3050 2044
3051 286
3052 796
3053 337
3054 815
3055 897
3056 1215
3057 403
3058 1864
3059 20
3060 1037
3061 2341
3062 708
3063 2318
3064 2755
3065 2056
3066 2773
3067 2180
3068 1435
3069 390
3070 652
3071 988
3072 1125
3073 2041
3074 806
3075 750
3076 59
3077 982
3078 2372
3079 10
3080 3075
3081 2275
3082 238
3083 2297
3084 105
3085 2581
3086 2564
3087 1271
3088 1684
3089 2995
3090 1725
3091 197
3092 2679
3093 829
3094 346
3095 2350
3096 418
3097 1879
3098 1155
3099 2042
3100 2997
3101 2003
3102 435
3103 210
3104 700
3105 666
3106 2023
3107 2615
3108 1709
3109 231
3110 2962
3111 1257
3112 2463
3113 1682
3114 2511
3115 2982
3116 1069
3117 2739
3118 570
3119 1417
3120 1048
3121 2677
3122 2848
3123 1163
3124 1114
3125 1263
3126 121
3127 1055
3128 1584
3129 630
3130 2007
3131 1263
3132 863
3133 2305
3134 504
3135 1994
3136 2159
3137 844
3138 1910
3139 1686
3140 2505
3141 2526
3142 2374
3143 863
3144 109
3145 794
3146 918
3147 2784
3148 2134
3149 2674
3150 3110
3151 1766
3152 75
3153 2215
3154 583
3155 450
3156 1342
3157 1278
3158 2454
3159 510
3160 1191
3161 2703
3162 635
3163 457
3164 3095
3165 189
3166 865
3167 160
3168 1546
3169 1583
3170 2321
3171 1450
3172 81
3173 2933
3174 2931
3175 1212
3176 1619
3177 508
3178 1949
3179 2289
3180 2394
3181 1150
3182 1480
3183 2832
3184 2601
3185 1355
3186 1282
3187 1583
3188 3111
3189 2019
3190 2157
3191 1281
3192 1289
3193 3081
3194 2788
3195 2103
3196 616
3197 973
3198 1948
3199 1371
3200 1407
3201 611
3202 2458
3203 2949
3204 663
3205 1926
3206 2564
3207 1474
3208 55
3209 1895
3210 2179
3211 1669
3212 1670
3213 1487
3214 2522
3215 2664
3216 1279
3217 1616
3218 1237
3219 336
3220 704
3221 1496
3222 1309
3223 544
3224 2992
3225 196
3226 756
3227 152
3228 2826
3229 459
3230 1596
3231 41
3232 1464
3233 2249
3234 1122
3235 2117
3236 2572
3237 1617
3238 2762
3239 2341
3240 2494
3241 3026
3242 2545
3243 1309
3244 272
3245 1606
3246 32
3247 3223
3248 2374
3249 2582
3250 1202
3251 2109
3252 2360
3253 3071
3254 1894
3255 2686
3256 2925
3257 2737
3258 27
3259 560
3260 466
3261 2047
3262 413
3263 868
3264 2388
3265 1792
3266 3111
3267 1335
3268 967
3269 2068
3270 1146
3271 1656
3272 1023
3273 840
3274 1064
3275 3124
3276 2701
3277 2630
3278 3011
3279 53
3280 319
3281 1662
3282 906
3283 140
3284 47
3285 2323
3286 1879
3287 919
3288 2021
3289 1103
3290 2892
3291 1614
3292 2616
3293 635
3294 279
3295 1085
3296 664
3297 584
3298 1560
3299 2778
3300 1837
3301 3153
3302 2491
3303 302
3304 2487
3305 1326
3306 2754
3307 330
3308 2815
3309 363
3310 478
3311 2050
3312 786
3313 1606
3314 1422
3315 361
3316 206
3317 1337
3318 3036
3319 190
3320 3140
3321 2502
3322 242
3323 2649
3324 388
3325 2269
3326 1907
3327 2299
3328 2567
3329 737
3330 978
3331 2630
3332 778
3333 735
3334 2892
3335 1977
3336 2577
3337 1478
3338 816
3339 261
3340 1424
3341 1601
3342 1068
3343 2559
3344 1674
3345 752
3346 1425
3347 1746
3348 628
3349 728
3350 2922
3351 378
3352 2709
3353 2350
3354 746
3355 549
3356 1508
3357 2460
3358 1728
3359 1322
3360 1844
3361 2284
3362 1150
3363 3271
3364 823
3365 546
3366 3303
3367 2218
3368 52
3369 519
3370 2067
3371 292
3372 2855
3373 1889
3374 575
3375 340
3376 2745
3377 1772
3378 430
3379 262
3380 131
3381 1143
3382 3208
3383 2487
3384 2085
3385 1184
3386 2120
3387 2274
3388 2891
3389 868
3390 2013
3391 718
3392 3373
3393 1480
3394 2866
3395 1422
3396 3310
3397 491
3398 2788
3399 1988
3400 2838
3401 1769
3402 30
3403 174
3404 2896
3405 1417
3406 2713
3407 2374
3408 2082
3409 3080
3410 282
3411 1885
3412 1228
3413 2681
3414 543
3415 369
3416 1243
3417 2762
3418 659
3419 2801
3420 2223
3421 2729
3422 2014
3423 944
3424 1249
3425 2293
3426 842
3427 1325
3428 2082
3429 1613
3430 335
3431 1643
3432 822
3433 2556
3434 1435
3435 1985
3436 1896
3437 1752
3438 2193
3439 482
3440 1568
3441 2518
3442 1241
3443 2943
3444 3230
3445 647
3446 680
3447 2427
3448 3309
3449 3183
3450 254
3451 512
3452 258
3453 524
3454 1927
3455 2223
3456 3095
3457 3443
3458 1578
3459 589
3460 1353
3461 2456
3462 469
3463 3321
3464 2503
3465 2545
3466 141
3467 943
3468 741
3469 2955
3470 587
3471 3103
3472 1164
3473 997
3474 1945
3475 1121
3476 1988
3477 1759
3478 2268
3479 2644
3480 3231
3481 1180
3482 1044
3483 2301
3484 1258
3485 176
3486 163
3487 679
3488 1862
3489 1411
3490 1236
3491 3327
3492 599
3493 2904
3494 1213
3495 908
3496 3126
3497 231
3498 2214
3499 2739
3500 1302
3501 1907
3502 1933
3503 2668
3504 1137
3505 133
3506 2259
3507 1158
3508 2494
3509 2156
3510 2683
3511 214
3512 1568
3513 3418
3514 678
3515 280
3516 3483
3517 2621
3518 1519
3519 881
3520 1996
3521 1956
3522 2207
3523 2980
3524 402
3525 1433
3526 3235
3527 25
3528 294
3529 2006
3530 1798
3531 3524
3532 1945
3533 2937
3534 913
3535 1192
3536 342
3537 3159
3538 1569
3539 1856
3540 2909
3541 938
3542 1100
3543 1869
3544 688
3545 3402
3546 3384
3547 901
3548 1148
3549 220
3550 306
3551 209
3552 677
3553 2998
3554 303
3555 203
3556 55
3557 564
3558 2835
3559 3543
3560 86
3561 2959
3562 19
3563 670
3564 1875
3565 964
3566 503
3567 525
3568 2469
3569 729
3570 3220
3571 928
3572 833
3573 113
3574 1366
3575 236
3576 3488
3577 867
3578 852
3579 980
3580 3447
3581 2159
3582 1613
3583 795
3584 66
3585 2073
3586 3335
3587 77
3588 632
3589 428
3590 2613
3591 2338
3592 945
3593 1688
3594 894
3595 2293
3596 1996
3597 1673
3598 262
3599 2418
3600 3491
3601 1805
3602 2574
3603 2870
3604 557
3605 742
3606 3096
3607 3200
3608 663
3609 614
3610 1594
3611 3106
3612 3310
3613 668
3614 1508
3615 946
3616 1985
3617 3598
3618 1093
3619 955
3620 2668
3621 234
3622 1983
3623 3271
3624 1227
3625 1515
3626 1732
3627 2414
3628 3096
3629 1038
3630 2504
3631 3630
3632 2728
3633 2627
3634 1771
3635 508
3636 1819
3637 48
3638 1193
3639 1593
3640 1923
3641 249
3642 1020
3643 2553
3644 89
3645 2311
3646 396
3647 897
3648 2881
3649 1044
3650 637
3651 2891
3652 549
3653 3408
3654 759
3655 2454
3656 2447
3657 3287
3658 1200
3659 2316
3660 1309
3661 3369
3662 2075
3663 1557
3664 160
3665 2665
3666 3007
3667 430
3668 1844
3669 1231
3670 3157
3671 3541
3672 1937
3673 3174
3674 1289
3675 1806
3676 2079
3677 2930
3678 1705
3679 1910
3680 1735
3681 2379
3682 310
3683 2277
3684 1223
3685 3264
3686 3047
3687 927
3688 1296
3689 2109
3690 1209
3691 523
3692 1956
3693 1673
3694 78
3695 2967
3696 394
3697 3553
3698 2046
3699 3646
3700 1585
3701 1367
3702 3510
3703 2343
3704 3166
3705 748
3706 1218
3707 993
3708 3442
3709 2887
3710 1230
3711 2891
3712 2785
3713 467
3714 2642
3715 1254
3716 723
3717 981
3718 617
3719 382
3720 959
3721 2804
3722 2177
3723 2669
3724 37
3725 3167
3726 1256
3727 971
3728 420
3729 1546
3730 1046
3731 1972
3732 2039
3733 149
3734 3585
3735 2938
3736 1943
3737 219
3738 855
3739 3398
3740 2016
3741 1261
3742 940
3743 2237
3744 2732
3745 3213
3746 395
3747 2898
3748 1510
3749 2263
3750 2114
3751 931
3752 1517
3753 27
3754 3061
3755 779
3756 1255
3757 1453
3758 589
3759 1126
3760 2338
3761 2660
3762 2851
3763 1117
3764 1208
3765 448
3766 1105
3767 3108
3768 2735
3769 892
3770 274
3771 3739
3772 366
3773 1420
3774 3598
3775 1009
3776 3391
3777 3736
3778 527
3779 2728
3780 1529
3781 571
3782 3033
3783 3360
3784 996
3785 2333
3786 2556
3787 3548
3788 1280
3789 1937
3790 2965
3791 3318
3792 1923
3793 1264
3794 953
3795 669
3796 1828
3797 1608
3798 581
3799 1383
3800 2289
3801 198
3802 3695
3803 3168
3804 382
3805 2216
3806 2863
3807 2610
3808 2414
3809 1492
3810 2585
3811 557
3812 3586
3813 2167
3814 3276
3815 2068
3816 555
3817 2975
3818 3479
3819 3194
3820 2009
3821 3478
3822 2265
3823 901
3824 3262
3825 604
3826 2382
3827 634
3828 1102
3829 3621
3830 2805
3831 2380
3832 2984
3833 153
3834 854
3835 2645
3836 1155
3837 2290
3838 135
3839 671
3840 423
3841 673
3842 3061
3843 1855
3844 2766
3845 3094
3846 1716
3847 1289
3848 250
3849 1603
3850 832
3851 487
3852 2973
3853 3340
3854 360
3855 841
3856 2812
3857 2586
3858 63
3859 421
3860 1713
3861 3320
3862 1075
3863 348
3864 2831
3865 2781
3866 2432
3867 1427
3868 1955
3869 657
3870 813
3871 1415
3872 3430
3873 416
3874 478
3875 1174
3876 2521
3877 1037
3878 3494
3879 2479
3880 3305
3881 696
3882 2143
3883 3052
3884 3579
3885 732
3886 1398
3887 2065
3888 33
3889 2202
3890 1408
3891 237
3892 3115
3893 1880
3894 3774
3895 3597
3896 2569
3897 2587
3898 3118
3899 3416
3900 2959
3901 705
3902 3596
3903 441
3904 1220
3905 48
3906 1943
3907 317
3908 3167
3909 1845
3910 1936
3911 107
3912 2353
3913 3542
3914 1953
3915 1234
3916 2374
3917 2881
3918 2609
3919 1182
3920 2787
3921 2202
3922 679
3923 1198
3924 1989
3925 3733
3926 2772
3927 481
3928 891
3929 1953
3930 1019
3931 133
3932 833
3933 2799
3934 2298
3935 2889
3936 584
3937 3761
3938 3229
3939 1285
3940 3577
3941 1379
3942 2744
3943 3140
3944 3414
3945 2973
3946 3038
3947 591
3948 2301
3949 1507
3950 317
3951 355
3952 3491
3953 1548
3954 1025
3955 2595
3956 1042
3957 3423
3958 2021
3959 1085
3960 576
3961 657
3962 2405
3963 3416
3964 3167
3965 1342
3966 3767
3967 510
3968 2281
3969 3331
3970 3860
3971 2850
3972 1057
3973 2790
3974 3487
3975 258
3976 919
3977 1110
3978 3885
3979 1123
3980 2164
3981 3750
3982 1464
3983 2014
3984 1669
3985 3951
3986 3548
3987 152
3988 2461
3989 1231
3990 3583
3991 546
3992 367
3993 2211
3994 3525
3995 315
3996 1500
3997 3349
3998 2627
3999 2440
4000 235
4001 3463
4002 3714
4003 3406
4004 1521
4005 1718
4006 108
4007 2886
4008 2037
4009 1320
4010 3542
4011 2421
4012 378
4013 3315
4014 407
4015 3031
4016 1078
4017 1587
4018 847
4019 1171
4020 3563
4021 52
4022 3679
4023 212
4024 2536
4025 1301
4026 953
4027 962
4028 2470
4029 3283
4030 1825
4031 2101
4032 3655
4033 3612
4034 405
4035 3214
4036 122
4037 3364
4038 451
4039 219
4040 3273
4041 2395
4042 3722
4043 3684
4044 639
4045 3757
4046 3915
4047 1263
4048 2532
4049 1065
4050 522
4051 1869
4052 2277
4053 3614
4054 3788
4055 3265
4056 2253
4057 897
4058 3503
4059 145
4060 2026
4061 3617
4062 3432
4063 2678
4064 3836
4065 1634
4066 2432
4067 2716
4068 390
4069 3639
4070 3067
4071 1125
4072 362
4073 3896
4074 3573
4075 2246
4076 2395
4077 1840
4078 3394
4079 182
4080 2451
4081 1151
4082 92
4083 1755
4084 3865
4085 1918
4086 287
4087 806
4088 1154
4089 3870
4090 4046
4091 4048
4092 1762
4093 2013
4094 3514
4095 3120
4096 543
4097 3449
4098 3560
4099 3333
4100 2516
4101 839
4102 34
4103 1858
4104 3744
4105 1941
4106 3531
4107 1659
4108 2141
4109 3824
4110 4109
4111 2089
4112 828
4113 1767
4114 1639
4115 1064
4116 3986
4117 3930
4118 3538
4119 3619
4120 556
4121 2029
4122 1859
4123 2208
4124 2076
4125 3530
4126 948
4127 3687
4128 3117
4129 2914
4130 882
4131 166
4132 1344
4133 2816
4134 3209
4135 3122
4136 1147
4137 1500
4138 997
4139 1992
4140 1986
4141 2058
4142 721
4143 3849
4144 3620
4145 3473
4146 135
4147 2456
4148 1984
4149 1808
4150 1583
4151 1657
4152 3493
4153 3572
4154 675
4155 2293
4156 2450
4157 1296
4158 4090
4159 3509
4160 577
4161 2844
4162 4078
4163 2816
4164 1116
4165 1555
4166 1776
4167 1876
4168 1271
4169 3244
4170 2801
4171 1148
4172 1565
4173 1033
4174 428
4175 3712
4176 3287
4177 2811
4178 2382
4179 709
4180 2745
4181 19
4182 1344
4183 325
4184 813
4185 3605
4186 3982
4187 998
4188 1262
4189 796
4190 2797
4191 2325
4192 2035
4193 2887
4194 153
4195 2656
4196 2218
4197 174
4198 2173
4199 3551
4200 3277
4201 3974
4202 309
4203 2793
4204 1939
4205 141
4206 1065
4207 3878
4208 2322
4209 1479
4210 1750
4211 3427
4212 2088
4213 3768
4214 1391
4215 3311
4216 117
4217 1207
4218 1797
4219 4028
4220 2689
4221 2512
4222 667
4223 1402
4224 363
4225 4099
4226 2365
4227 2979
4228 3993
4229 875
4230 4171
4231 3793
4232 1497
4233 3792
4234 445
4235 811
4236 698
4237 2338
4238 3934
4239 1813
4240 2333
4241 548
4242 133
4243 4215
4244 3534
4245 2989
4246 3091
4247 3225
4248 4063
4249 2914
4250 1948
4251 2779
4252 55
4253 1990
4254 2968
4255 1026
4256 249
4257 1009
4258 1372
4259 4070
4260 1910
4261 1926
4262 3896
4263 1963
4264 3011
4265 1132
4266 2340
4267 4185
4268 593
4269 1761
4270 2737
4271 324
4272 4178
4273 1762
4274 3764
4275 3332
4276 490
4277 2484
4278 3502
4279 2187
4280 3519
4281 71
4282 1607
4283 2623
4284 2040
4285 4109
4286 154
4287 1802
4288 647
4289 2608
4290 376
4291 3127
4292 1891
4293 1153
4294 1219
4295 3700
4296 2811
4297 2762
4298 3637
4299 872
4300 2932
4301 3896
4302 2503
4303 2544
4304 1538
4305 1378
4306 2798
4307 2520
4308 1477
4309 256
4310 3945
4311 119
4312 1918
4313 877
4314 4175
4315 1150
4316 1356
4317 3002
4318 1486
4319 2708
4320 672
4321 4320
4322 1848
4323 4062
4324 3465
4325 622
4326 1333
4327 171
4328 1679
4329 960
4330 3089
4331 2646
4332 582
4333 4298
4334 2491
4335 216
4336 2272
4337 1954
4338 2126
4339 3041
4340 2124
4341 322
4342 865
4343 4067
4344 1735
4345 4004
4346 3829
4347 2745
4348 1488
4349 4292
4350 124
4351 2020
4352 1057
4353 417
4354 3107
4355 1438
4356 3494
4357 3780
4358 1862
4359 2227
4360 3925
4361 1792
4362 966
4363 591
4364 4154
4365 1328
4366 691
4367 4274
4368 1392
4369 2324
4370 627
4371 1958
4372 446
4373 2596
4374 1955
4375 1671
4376 2336
4377 1852
4378 3162
4379 99
4380 3179
4381 2095
4382 2530
4383 4053
4384 2556
4385 2324
4386 1178
4387 273
4388 2063
4389 3607
4390 2746
4391 2839
4392 2199
4393 121
4394 1352
4395 2744
4396 1741
4397 3168
4398 2789
4399 1822
4400 1453
4401 4152
4402 1168
4403 3606
4404 2733
4405 2680
4406 655
4407 2032
4408 4374
4409 142
4410 3326
4411 4364
4412 713
4413 755
4414 1307
4415 1298
4416 1201
4417 3480
4418 2748
4419 174
4420 737
4421 1624
4422 413
4423 4169
4424 2989
4425 1371
4426 1210
4427 804
4428 982
4429 2912
4430 1249
4431 3255
4432 4428
4433 2204
4434 537
4435 3477
4436 2051
4437 4436
4438 4437
4439 4438
4440 4439
4441 4440
4442 4441
4443 4442
4444 4443
4445 4444
4446 4445
4447 4446
4448 4447
4449 4448
4450 4449
4451 4450
4452 4451
4453 4452
4454 4453
4455 4454
4456 4455
4457 4456
4458 4457
4459 4458
4460 4459
4461 4460
4462 4461
4463 4462
4464 4463
4465 4464
4466 4465
4467 4466
4468 4467
4469 4468
4470 4469
4471 4470
4472 4471
4473 4472
4474 4473
4475 4474
4476 4475
4477 4476
4478 4477
4479 4478
4480 4479
4481 4480
4482 4481
4483 4482
4484 4483
4485 4484
4486 4485
4487 4486
4488 4487
4489 4488
4490 4489
4491 4490
4492 4491
4493 4492
4494 4493
4495 4494
4496 4495
4497 4496
4498 4497
4499 4498
4500 4499
4501 4500
4502 4501
4503 4502
4504 4503
4505 4504
4506 4505
4507 4506
4508 4507
4509 4508
4510 4509
4511 4510
4512 4511
4513 4512
4514 4513
4515 4514
4516 4515
4517 4516
4518 4517
4519 4518
4520 4519
4521 4520
4522 4521
4523 4522
4524 4523
4525 4524
4526 4525
4527 4526
4528 4527
4529 4528
4530 4529
4531 4530
4532 4531
4533 4532
4534 4533
4535 4534
4536 4535
4537 4536
4538 4537
4539 4538
4540 4539
4541 4540
4542 4541
4543 4542
4544 4543
4545 4544
4546 4545
4547 4546
4548 4547
4549 4548
4550 4549
4551 4550
4552 4551
4553 4552
4554 4553
4555 4554
4556 4555
4557 4556
4558 4557
4559 4558
4560 4559
4561 4560
4562 4561
4563 4562
4564 4563
4565 4564
4566 4565
4567 4566
4568 4567
4569 4568
4570 4569
4571 4570
4572 4571
4573 4572
4574 4573
4575 4574
4576 4575
4577 4576
4578 4577
4579 4578
4580 4579
4581 4580
4582 4581
4583 4582
4584 4583
4585 4584
4586 4585
4587 4586
4588 4587
4589 4588
4590 4589
4591 4590
4592 4591
4593 4592
4594 4593
4595 4594
4596 4595
4597 4596
4598 4597
4599 4598
4600 4599
4601 4600
4602 4601
4603 4602
4604 4603
4605 4604
4606 4605
4607 4606
4608 4607
4609 4608
4610 4609
4611 4610
4612 4611
4613 4612
4614 4613
4615 4614
4616 4615
4617 4616
4618 4617
4619 4618
4620 4619
4621 4620
4622 4621
4623 4622
4624 4623
4625 4624
4626 4625
4627 4626
4628 4627
4629 4628
4630 4629
4631 4630
4632 4631
4633 4632
4634 4633
4635 4634
4636 4635
4637 4636
4638 4637
4639 4638
4640 4639
4641 4640
4642 4641
4643 4642
4644 4643
4645 4644
4646 4645
4647 4646
4648 4647
4649 4648
4650 4649
4651 4650
4652 4651
4653 4652
4654 4653
4655 4654
4656 4655
4657 4656
4658 4657
4659 4658
4660 4659
4661 4660
4662 4661
4663 4662
4664 4663
4665 4664
4666 4665
4667 4666
4668 4667
4669 4668
4670 4669
4671 4670
4672 4671
4673 4672
4674 4673
4675 4674
4676 4675
4677 4676
4678 4677
4679 4678
4680 4679
4681 4680
4682 4681
4683 4682
4684 4683
4685 4684
4686 4685
4687 4686
4688 4687
4689 4688
4690 4689
4691 4690
4692 4691
4693 4692
4694 4693
4695 4694
4696 4695
4697 4696
4698 4697
4699 4698
4700 4699
4701 4700
4702 4701
4703 4702
4704 4703
4705 4704
4706 4705
4707 4706
4708 4707
4709 4708
4710 4709
4711 4710
4712 4711
4713 4712
4714 4713
4715 4714
4716 4715
4717 4716
4718 4717
4719 4718
4720 4719
4721 4720
4722 4721
4723 4722
4724 4723
4725 4724
4726 4725
4727 4726
4728 4727
4729 4728
4730 4729
4731 4730
4732 4731
4733 4732
4734 4733
4735 4734
4736 4735
4737 4736
4738 4737
4739 4738
4740 4739
4741 4740
4742 4741
4743 4742
4744 4743
4745 4744
4746 4745
4747 4746
4748 4747
4749 4748
4750 4749
4751 4750
4752 4751
4753 4752
4754 4753
4755 4754
4756 4755
4757 4756
4758 4757
4759 4758
4760 4759
4761 4760
4762 4761
4763 4762
4764 4763
4765 4764
4766 4765
4767 4766
4768 4767
4769 4768
4770 4769
4771 4770
4772 4771
4773 4772
4774 4773
4775 4774
4776 4775
4777 4776
4778 4777
4779 4778
4780 4779
4781 4780
4782 4781
4783 4782
4784 4783
4785 4784
4786 4785
4787 4786
4788 4787
4789 4788
4790 4789
4791 4790
4792 4791
4793 4792
4794 4793
4795 4794
4796 4795
4797 4796
4798 4797
4799 4798
4800 4799
4801 4800
4802 4801
4803 4802
4804 4803
4805 4804
4806 4805
4807 4806
4808 4807
4809 4808
4810 4809
4811 4810
4812 4811
4813 4812
4814 4813
4815 4814
4816 4815
4817 4816
4818 4817
4819 4818
4820 4819
4821 4820
4822 4821
4823 4822
4824 4823
4825 4824
4826 4825
4827 4826
4828 4827
4829 4828
4830 4829
4831 4830
4832 4831
4833 4832
4834 4833
4835 4834
4836 4835
4837 4836
4838 4837
4839 4838
4840 4839
4841 4840
4842 4841
4843 4842
4844 4843
4845 4844
4846 4845
4847 4846
4848 4847
4849 4848
4850 4849
4851 4850
4852 4851
4853 4852
4854 4853
4855 4854
4856 4855
4857 4856
4858 4857
4859 4858
4860 4859
4861 4860
4862 4861
4863 4862
4864 4863
4865 4864
4866 4865
4867 4866
4868 4867
4869 4868
4870 4869
4871 4870
4872 4871
4873 4872
4874 4873
4875 4874
4876 4875
4877 4876
4878 4877
4879 4878
4880 4879
4881 4880
4882 4881
4883 4882
4884 4883
4885 4884
4886 4885
4887 4886
4888 4887
4889 4888
4890 4889
4891 4890
4892 4891
4893 4892
4894 4893
4895 4894
4896 4895
4897 4896
4898 4897
4899 4898
4900 4899
4901 4900
4902 4901
4903 4902
4904 4903
4905 4904
4906 4905
4907 4906
4908 4907
4909 4908
4910 4909
4911 4910
4912 4911
4913 4912
4914 4913
4915 4914
4916 4915
4917 4916
4918 4917
4919 4918
4920 4919
4921 4920
4922 4921
4923 4922
4924 4923
4925 4924
4926 4925
4927 4926
4928 4927
4929 4928
4930 4929
4931 4930
4932 4931
4933 4932
4934 4933
4935 4934
4936 4935
4937 4936
4938 4937
4939 4938
4940 4939
4941 4940
4942 4941
4943 4942
4944 4943
4945 4944
4946 4945
4947 4946
4948 4947
4949 4948
4950 4949
4951 4950
4952 4951
4953 4952
4954 4953
4955 4954
4956 4955
4957 4956
4958 4957
4959 4958
4960 4959
4961 4960
4962 4961
4963 4962
4964 4963
4965 4964
4966 4965
4967 4966
4968 4967
4969 4968
4970 4969
4971 4970
4972 4971
4973 4972
4974 4973
4975 4974
4976 4975
4977 4976
4978 4977
4979 4978
4980 4979
4981 4980
4982 4981
4983 4982
4984 4983
4985 4984
4986 4985
4987 4986
4988 4987
4989 4988
4990 4989
4991 4990
4992 4991
4993 4992
4994 4993
4995 4994
4996 4995
4997 4996
4998 4997
4999 4998
5000 4999
5001 5000
5002 5001
5003 5002
5004 5003
5005 5004
5006 5005
5007 5006
5008 5007
5009 5008
5010 5009
5011 5010
5012 5011
5013 5012
5014 5013
5015 5014
5016 5015
5017 5016
5018 5017
5019 5018
5020 5019
5021 5020
5022 5021
5023 5022
5024 5023
5025 5024
5026 5025
5027 5026
5028 5027
5029 5028
5030 5029
5031 5030
5032 5031
5033 5032
5034 5033
5035 5034
5036 5035
5037 5036
5038 5037
5039 5038
5040 5039
5041 5040
5042 5041
5043 5042
5044 5043
5045 5044
5046 5045
5047 5046
5048 5047
5049 5048
5050 5049
5051 5050
5052 5051
5053 5052
5054 5053
5055 5054
5056 5055
5057 5056
5058 5057
5059 5058
5060 5059
5061 5060
5062 5061
5063 5062
5064 5063
5065 5064
5066 5065
5067 5066
5068 5067
5069 5068
5070 5069
5071 5070
5072 5071
5073 5072
5074 5073
5075 5074
5076 5075
5077 5076
5078 5077
5079 5078
5080 5079
5081 5080
5082 5081
5083 5082
5084 5083
5085 5084
5086 5085
5087 5086
5088 5087
5089 5088
5090 5089
5091 5090
5092 5091
5093 5092
5094 5093
5095 5094
5096 5095
5097 5096
5098 5097
5099 5098
5100 5099
5101 5100
5102 5101
5103 5102
5104 5103
5105 5104
5106 5105
5107 5106
5108 5107
5109 5108
5110 5109
5111 5110
5112 5111
5113 5112
5114 5113
5115 5114
5116 5115
5117 5116
5118 5117
5119 5118
5120 5119
5121 5120
5122 5121
5123 5122
5124 5123
5125 5124
5126 5125
5127 5126
5128 5127
5129 5128
5130 5129
5131 5130
5132 5131
5133 5132
5134 5133
5135 5134
5136 5135
5137 5136
5138 5137
5139 5138
5140 5139
5141 5140
5142 5141
5143 5142
5144 5143
5145 5144
5146 5145
5147 5146
5148 5147
5149 5148
5150 5149
5151 5150
5152 5151
5153 5152
5154 5153
5155 5154
5156 5155
5157 5156
5158 5157
5159 5158
5160 5159
5161 5160
5162 5161
5163 5162
5164 5163
5165 5164
5166 5165
5167 5166
5168 5167
5169 5168
5170 5169
5171 5170
5172 5171
5173 5172
5174 5173
5175 5174
5176 5175
5177 5176
5178 5177
5179 5178
5180 5179
5181 5180
5182 5181
5183 5182
5184 5183
5185 5184
5186 5185
5187 5186
5188 5187
5189 5188
5190 5189
5191 5190
5192 5191
5193 5192
5194 5193
5195 5194
5196 5195
5197 5196
5198 5197
5199 5198
5200 5199
5201 5200
5202 5201
5203 5202
5204 5203
5205 5204
5206 5205
5207 5206
5208 5207
5209 5208
5210 5209
5211 5210
5212 5211
5213 5212
5214 5213
5215 5214
5216 5215
5217 5216
5218 5217
5219 5218
5220 5219
5221 5220
5222 5221
5223 5222
5224 5223
5225 5224
5226 5225
5227 5226
5228 5227
5229 5228
5230 5229
5231 5230
5232 5231
5233 5232
5234 5233
5235 5234
5236 5235
5237 5236
5238 5237
5239 5238
5240 5239
5241 5240
5242 5241
5243 5242
5244 5243
5245 5244
5246 5245
5247 5246
5248 5247
5249 5248
5250 5249
5251 5250
5252 5251
5253 5252
5254 5253
5255 5254
5256 5255
5257 5256
5258 5257
5259 5258
5260 5259
5261 5260
5262 5261
5263 5262
5264 5263
5265 5264
5266 5265
5267 5266
5268 5267
5269 5268
5270 5269
5271 5270
5272 5271
5273 5272
5274 5273
5275 5274
5276 5275
5277 5276
5278 5277
5279 5278
5280 5279
5281 5280
5282 5281
5283 5282
5284 5283
5285 5284
5286 5285
5287 5286
5288 5287
5289 5288
5290 5289
5291 5290
5292 5291
5293 5292
5294 5293
5295 5294
5296 5295
5297 5296
5298 5297
5299 5298
5300 5299
5301 5300
5302 5301
5303 5302
5304 5303
5305 5304
5306 5305
5307 5306
5308 5307
5309 5308
5310 5309
5311 5310
5312 5311
5313 5312
5314 5313
5315 5314
5316 5315
5317 5316
5318 5317
5319 5318
5320 5319
5321 5320
5322 5321
5323 5322
5324 5323
5325 5324
5326 5325
5327 5326
5328 5327
5329 5328
5330 5329
5331 5330
5332 5331
5333 5332
5334 5333
5335 5334
5336 5335
5337 5336
5338 5337
5339 5338
5340 5339
5341 5340
5342 5341
5343 5342
5344 5343
5345 5344
5346 5345
5347 5346
5348 5347
5349 5348
5350 5349
5351 5350
5352 5351
5353 5352
5354 5353
5355 5354
5356 5355
5357 5356
5358 5357
5359 5358
5360 5359
5361 5360
5362 5361
5363 5362
5364 5363
5365 5364
5366 5365
5367 5366
5368 5367
5369 5368
5370 5369
5371 5370
5372 5371
5373 5372
5374 5373
5375 5374
5376 5375
5377 5376
5378 5377
5379 5378
5380 5379
5381 5380
5382 5381
5383 5382
5384 5383
5385 5384
5386 5385
5387 5386
5388 5387
5389 5388
5390 5389
5391 5390
5392 5391
5393 5392
5394 5393
5395 5394
5396 5395
5397 5396
5398 5397
5399 5398
5400 5399
5401 5400
5402 5401
5403 5402
5404 5403
5405 5404
5406 5405
5407 5406
5408 5407
5409 5408
5410 5409
5411 5410
5412 5411
5413 5412
5414 5413
5415 5414
5416 5415
5417 5416
5418 5417
5419 5418
5420 5419
5421 5420
5422 5421
5423 5422
5424 5423
5425 5424
5426 5425
5427 5426
5428 5427
5429 5428
5430 5429
5431 5430
5432 5431
5433 5432
5434 5433
5435 5434
5436 5435
5437 5436
5438 5437
5439 5438
5440 5439
5441 5440
5442 5441
5443 5442
5444 5443
5445 5444
5446 5445
5447 5446
5448 5447
5449 5448
5450 5449
5451 5450
5452 5451
5453 5452
5454 5453
5455 5454
5456 5455
5457 5456
5458 5457
5459 5458
5460 5459
5461 5460
5462 5461
5463 5462
5464 5463
5465 5464
5466 5465
5467 5466
5468 5467
5469 5468
5470 5469
5471 5470
5472 5471
5473 5472
5474 5473
5475 5474
5476 5475
5477 5476
5478 5477
5479 5478
5480 5479
5481 5480
5482 5481
5483 5482
5484 5483
5485 5484
5486 5485
5487 5486
5488 5487
5489 5488
5490 5489
5491 5490
5492 5491
5493 5492
5494 5493
5495 5494
5496 5495
5497 5496
5498 5497
5499 5498
5500 5499
5501 5500
5502 5501
5503 5502
5504 5503
5505 5504
5506 5505
5507 5506
5508 5507
5509 5508
5510 5509
5511 5510
5512 5511
5513 5512
5514 5513
5515 5514
5516 5515
5517 5516
5518 5517
5519 5518
5520 5519
5521 5520
5522 5521
5523 5522
5524 5523
5525 5524
5526 5525
5527 5526
5528 5527
5529 5528
5530 5529
5531 5530
5532 5531
5533 5532
5534 5533
5535 5534
5536 5535
5537 5536
5538 5537
5539 5538
5540 5539
5541 5540
5542 5541
5543 5542
5544 5543
5545 5544
5546 5545
5547 5546
5548 5547
5549 5548
5550 5549
5551 5550
5552 5551
5553 5552
5554 5553
5555 5554
5556 5555
5557 5556
5558 5557
5559 5558
5560 5559
5561 5560
5562 5561
5563 5562
5564 5563
5565 5564
5566 5565
5567 5566
5568 5567
5569 5568
5570 5569
5571 5570
5572 5571
5573 5572
5574 5573
5575 5574
5576 5575
5577 5576
5578 5577
5579 5578
5580 5579
5581 5580
5582 5581
5583 5582
5584 5583
5585 5584
5586 5585
5587 5586
5588 5587
5589 5588
5590 5589
5591 5590
5592 5591
5593 5592
5594 5593
5595 5594
5596 5595
5597 5596
5598 5597
5599 5598
5600 5599
5601 5600
5602 5601
5603 5602
5604 5603
5605 5604
5606 5605
5607 5606
5608 5607
5609 5608
5610 5609
5611 5610
5612 5611
5613 5612
5614 5613
5615 5614
5616 5615
5617 5616
5618 5617
5619 5618
5620 5619
5621 5620
5622 5621
5623 5622
5624 5623
5625 5624
5626 5625
5627 5626
5628 5627
5629 5628
5630 5629
5631 5630
5632 5631
5633 5632
5634 5633
5635 5634
5636 5635
5637 5636
5638 5637
5639 5638
5640 5639
5641 5640
5642 5641
5643 5642
5644 5643
5645 5644
5646 5645
5647 5646
5648 5647
5649 5648
5650 5649
5651 5650
5652 5651
5653 5652
5654 5653
5655 5654
5656 5655
5657 5656
5658 5657
5659 5658
5660 5659
5661 5660
5662 5661
5663 5662
5664 5663
5665 5664
5666 5665
5667 5666
5668 5667
5669 5668
5670 5669
5671 5670
5672 5671
5673 5672
5674 5673
5675 5674
5676 5675
5677 5676
5678 5677
5679 5678
5680 5679
5681 5680
5682 5681
5683 5682
5684 5683
5685 5684
5686 5685
5687 5686
5688 5687
5689 5688
5690 5689
5691 5690
5692 5691
5693 5692
5694 5693
5695 5694
5696 5695
5697 5696
5698 5697
5699 5698
5700 5699
5701 5700
5702 5701
5703 5702
5704 5703
5705 5704
5706 5705
5707 5706
5708 5707
5709 5708
5710 5709
5711 5710
5712 5711
5713 5712
5714 5713
5715 5714
5716 5715
5717 5716
5718 5717
5719 5718
5720 5719
5721 5720
5722 5721
5723 5722
5724 5723
5725 5724
5726 5725
5727 5726
5728 5727
5729 5728
5730 5729
5731 5730
5732 5731
5733 5732
5734 5733
5735 5734
5736 5735
5737 5736
5738 5737
5739 5738
5740 5739
5741 5740
5742 5741
5743 5742
5744 5743
5745 5744
5746 5745
5747 5746
5748 5747
5749 5748
5750 5749
5751 5750
5752 5751
5753 5752
5754 5753
5755 5754
5756 5755
5757 5756
5758 5757
5759 5758
5760 5759
5761 5760
5762 5761
5763 5762
5764 5763
5765 5764
5766 5765
5767 5766
5768 5767
5769 5768
5770 5769
5771 5770
5772 5771
5773 5772
5774 5773
5775 5774
5776 5775
5777 5776
5778 5777
5779 5778
5780 5779
5781 5780
5782 5781
5783 5782
5784 5783
5785 5784
5786 5785
5787 5786
5788 5787
5789 5788
5790 5789
5791 5790
5792 5791
5793 5792
5794 5793
5795 5794
5796 5795
5797 5796
5798 5797
5799 5798
5800 5799
5801 5800
5802 5801
5803 5802
5804 5803
5805 5804
5806 5805
5807 5806
5808 5807
5809 5808
5810 5809
5811 5810
5812 5811
5813 5812
5814 5813
5815 5814
5816 5815
5817 5816
5818 5817
5819 5818
5820 5819
5821 5820
5822 5821
5823 5822
5824 5823
5825 5824
5826 5825
5827 5826
5828 5827
5829 5828
5830 5829
5831 5830
5832 5831
5833 5832
5834 5833
5835 5834
5836 5835
5837 5836
5838 5837
5839 5838
5840 5839
5841 5840
5842 5841
5843 5842
5844 5843
5845 5844
5846 5845
5847 5846
5848 5847
5849 5848
5850 5849
5851 5850
5852 5851
5853 5852
5854 5853
5855 5854
5856 5855
5857 5856
5858 5857
5859 5858
5860 5859
5861 5860
5862 5861
5863 5862
5864 5863
5865 5864
5866 5865
5867 5866
5868 5867
5869 5868
5870 5869
5871 5870
5872 5871
5873 5872
5874 5873
5875 5874
5876 5875
5877 5876
5878 5877
5879 5878
5880 5879
5881 5880
5882 5881
5883 5882
5884 5883
5885 5884
5886 5885
5887 5886
5888 5887
5889 5888
5890 5889
5891 5890
5892 5891
5893 5892
5894 5893
5895 5894
5896 5895
5897 5896
5898 5897
5899 5898
5900 5899
5901 5900
5902 5901
5903 5902
5904 5903
5905 5904
5906 5905
5907 5906
5908 5907
5909 5908
5910 5909
5911 5910
5912 5911
5913 5912
5914 5913
5915 5914
5916 5915
5917 5916
5918 5917
5919 5918
5920 5919
5921 5920
5922 5921
5923 5922
5924 5923
5925 5924
5926 5925
5927 5926
5928 5927
5929 5928
5930 5929
5931 5930
5932 5931
5933 5932
5934 5933
5935 5934
5936 5935
5937 5936
5938 5937
5939 5938
5940 5939
5941 5940
5942 5941
5943 5942
5944 5943
5945 5944
5946 5945
5947 5946
5948 5947
5949 5948
5950 5949
5951 5950
5952 5951
5953 5952
5954 5953
5955 5954
5956 5955
5957 5956
5958 5957
5959 5958
5960 5959
5961 5960
5962 5961
5963 5962
5964 5963
5965 5964
5966 5965
5967 5966
5968 5967
5969 5968
5970 5969
5971 5970
5972 5971
5973 5972
5974 5973
5975 5974
5976 5975
5977 5976
5978 5977
5979 5978
5980 5979
5981 5980
5982 5981
5983 5982
5984 5983
5985 5984
5986 5985
5987 5986
5988 5987
5989 5988
5990 5989
5991 5990
5992 5991
5993 5992
5994 5993
5995 5994
5996 5995
5997 5996
5998 5997
5999 5998
6000 5999
6001 6000
6002 6001
6003 6002
6004 6003
6005 6004
6006 6005
6007 6006
6008 6007
6009 6008
6010 6009
6011 6010
6012 6011
6013 6012
6014 6013
6015 6014
6016 6015
6017 6016
6018 6017
6019 6018
6020 6019
6021 6020
6022 6021
6023 6022
6024 6023
6025 6024
6026 6025
6027 6026
6028 6027
6029 6028
6030 6029
6031 6030
6032 6031
6033 6032
6034 6033
6035 6034
6036 6035
6037 6036
6038 6037
6039 6038
6040 6039
6041 6040
6042 6041
6043 6042
6044 6043
6045 6044
6046 6045
6047 6046
6048 6047
6049 6048
6050 6049
6051 6050
6052 6051
6053 6052
6054 6053
6055 6054
6056 6055
6057 6056
6058 6057
6059 6058
6060 6059
6061 6060
6062 6061
6063 6062
6064 6063
6065 6064
6066 6065
6067 6066
6068 6067
6069 6068
6070 6069
6071 6070
6072 6071
6073 6072
6074 6073
6075 6074
6076 6075
6077 6076
6078 6077
6079 6078
6080 6079
6081 6080
6082 6081
6083 6082
6084 6083
6085 6084
6086 6085
6087 6086
6088 6087
6089 6088
6090 6089
6091 6090
6092 6091
6093 6092
6094 6093
6095 6094
6096 6095
6097 6096
6098 6097
6099 6098
6100 6099
6101 6100
6102 6101
6103 6102
6104 6103
6105 6104
6106 6105
6107 6106
6108 6107
6109 6108
6110 6109
6111 6110
6112 6111
6113 6112
6114 6113
6115 6114
6116 6115
6117 6116
6118 6117
6119 6118
6120 6119
6121 6120
6122 6121
6123 6122
6124 6123
6125 6124
6126 6125
6127 6126
6128 6127
6129 6128
6130 6129
6131 6130
6132 6131
6133 6132
6134 6133
6135 6134
6136 6135
6137 6136
6138 6137
6139 6138
6140 6139
6141 6140
6142 6141
6143 6142
6144 6143
6145 6144
6146 6145
6147 6146
6148 6147
6149 6148
6150 6149
6151 6150
6152 6151
6153 6152
6154 6153
6155 6154
6156 6155
6157 6156
6158 6157
6159 6158
6160 6159
6161 6160
6162 6161
6163 6162
6164 6163
6165 6164
6166 6165
6167 6166
6168 6167
6169 6168
6170 6169
6171 6170
6172 6171
6173 6172
6174 6173
6175 6174
6176 6175
6177 6176
6178 6177
6179 6178
6180 6179
6181 6180
6182 6181
6183 6182
6184 6183
6185 6184
6186 6185
6187 6186
6188 6187
6189 6188
6190 6189
6191 6190
6192 6191
6193 6192
6194 6193
6195 6194
6196 6195
6197 6196
6198 6197
6199 6198
6200 6199
6201 6200
6202 6201
6203 6202
6204 6203
6205 6204
6206 6205
6207 6206
6208 6207
6209 6208
6210 6209
6211 6210
6212 6211
6213 6212
6214 6213
6215 6214
6216 6215
6217 6216
6218 6217
6219 6218
6220 6219
6221 6220
6222 6221
6223 6222
6224 6223
6225 6224
6226 6225
6227 6226
6228 6227
6229 6228
6230 6229
6231 6230
6232 6231
6233 6232
6234 6233
6235 6234
6236 6235
6237 6236
6238 6237
6239 6238
6240 6239
6241 6240
6242 6241
6243 6242
6244 6243
6245 6244
6246 6245
6247 6246
6248 6247
6249 6248
6250 6249
6251 6250
6252 6251
6253 6252
6254 6253
6255 6254
6256 6255
6257 6256
6258 6257
6259 6258
6260 6259
6261 6260
6262 6261
6263 6262
6264 6263
6265 6264
6266 6265
6267 6266
6268 6267
6269 6268
6270 6269
6271 6270
6272 6271
6273 6272
6274 6273
6275 6274
6276 6275
6277 6276
6278 6277
6279 6278
6280 6279
6281 6280
6282 6281
6283 6282
6284 6283
6285 6284
6286 6285
6287 6286
6288 6287
6289 6288
6290 6289
6291 6290
6292 6291
6293 6292
6294 6293
6295 6294
6296 6295
6297 6296
6298 6297
6299 6298
6300 6299
6301 6300
6302 6301
6303 6302
6304 6303
6305 6304
6306 6305
6307 6306
6308 6307
6309 6308
6310 6309
6311 6310
6312 6311
6313 6312
6314 6313
6315 6314
6316 6315
6317 6316
6318 6317
6319 6318
6320 6319
6321 6320
6322 6321
6323 6322
6324 6323
6325 6324
6326 6325
6327 6326
6328 6327
6329 6328
6330 6329
6331 6330
6332 6331
6333 6332
6334 6333
6335 6334
6336 6335
6337 6336
6338 6337
6339 6338
6340 6339
6341 6340
6342 6341
6343 6342
6344 6343
6345 6344
6346 6345
6347 6346
6348 6347
6349 6348
6350 6349
6351 6350
6352 6351
6353 6352
6354 6353
6355 6354
6356 6355
6357 6356
6358 6357
6359 6358
6360 6359
6361 6360
6362 6361
6363 6362
6364 6363
6365 6364
6366 6365
6367 6366
6368 6367
6369 6368
6370 6369
6371 6370
6372 6371
6373 6372
6374 6373
6375 6374
6376 6375
6377 6376
6378 6377
6379 6378
6380 6379
6381 6380
6382 6381
6383 6382
6384 6383
6385 6384
6386 6385
6387 6386
6388 6387
6389 6388
6390 6389
6391 6390
6392 6391
6393 6392
6394 6393
6395 6394
6396 6395
6397 6396
6398 6397
6399 6398
6400 6399
6401 6400
6402 6401
6403 6402
6404 6403
6405 6404
6406 6405
6407 6406
6408 6407
6409 6408
6410 6409
6411 6410
6412 6411
6413 6412
6414 6413
6415 6414
6416 6415
6417 6416
6418 6417
6419 6418
6420 6419
6421 6420
6422 6421
6423 6422
6424 6423
6425 6424
6426 6425
6427 6426
6428 6427
6429 6428
6430 6429
6431 6430
6432 6431
6433 6432
6434 6433
6435 6434
6436 6435
6437 6436
6438 6437
6439 6438
6440 6439
6441 6440
6442 6441
6443 6442
6444 6443
6445 6444
6446 6445
6447 6446
6448 6447
6449 6448
6450 6449
6451 6450
6452 6451
6453 6452
6454 6453
6455 6454
6456 6455
6457 6456
6458 6457
6459 6458
6460 6459
6461 6460
6462 6461
6463 6462
6464 6463
6465 6464
6466 6465
6467 6466
6468 6467
6469 6468
6470 6469
6471 6470
6472 6471
6473 6472
6474 6473
6475 6474
6476 6475
6477 6476
6478 6477
6479 6478
6480 6479
6481 6480
6482 6481
6483 6482
6484 6483
6485 6484
6486 6485
6487 6486
6488 6487
6489 6488
6490 6489
6491 6490
6492 6491
6493 6492
6494 6493
6495 6494
6496 6495
6497 6496
6498 6497
6499 6498
6500 6499
6501 6500
6502 6501
6503 6502
6504 6503
6505 6504
6506 6505
6507 6506
6508 6507
6509 6508
6510 6509
6511 6510
6512 6511
6513 6512
6514 6513
6515 6514
6516 6515
6517 6516
6518 6517
6519 6518
6520 6519
6521 6520
6522 6521
6523 6522
6524 6523
6525 6524
6526 6525
6527 6526
6528 6527
6529 6528
6530 6529
6531 6530
6532 6531
6533 6532
6534 6533
6535 6534
6536 6535
6537 6536
6538 6537
6539 6538
6540 6539
6541 6540
6542 6541
6543 6542
6544 6543
6545 6544
6546 6545
6547 6546
6548 6547
6549 6548
6550 6549
6551 6550
6552 6551
6553 6552
6554 6553
6555 6554
6556 6555
6557 6556
6558 6557
6559 6558
6560 6559
6561 6560
6562 6561
6563 6562
6564 6563
6565 6564
6566 6565
6567 6566
6568 6567
6569 6568
6570 6569
6571 6570
6572 6571
6573 6572
6574 6573
6575 6574
6576 6575
6577 6576
6578 6577
6579 6578
6580 6579
6581 6580
6582 6581
6583 6582
6584 6583
6585 6584
6586 6585
6587 6586
6588 6587
6589 6588
6590 6589
6591 6590
6592 6591
6593 6592
6594 6593
6595 6594
6596 6595
6597 6596
6598 6597
6599 6598
6600 6599
6601 6600
6602 6601
6603 6602
6604 6603
6605 6604
6606 6605
6607 6606
6608 6607
6609 6608
6610 6609
6611 6610
6612 6611
6613 6612
6614 6613
6615 6614
6616 6615
6617 6616
6618 6617
6619 6618
6620 6619
6621 6620
6622 6621
6623 6622
6624 6623
6625 6624
6626 6625
6627 6626
6628 6627
6629 6628
6630 6629
6631 6630
6632 6631
6633 6632
6634 6633
6635 6634
6636 6635
6637 6636
6638 6637
6639 6638
6640 6639
6641 6640
6642 6641
6643 6642
6644 6643
6645 6644
6646 6645
6647 6646
6648 6647
6649 6648
6650 6649
6651 6650
6652 6651
6653 6652
6654 6653
6655 6654
6656 6655
6657 6656
6658 6657
6659 6658
6660 6659
6661 6660
6662 6661
6663 6662
6664 6663
6665 6664
6666 6665
6667 6666
6668 6667
6669 6668
6670 6669
6671 6670
6672 6671
6673 6672
6674 6673
6675 6674
6676 6675
6677 6676
6678 6677
6679 6678
6680 6679
6681 6680
6682 6681
6683 6682
6684 6683
6685 6684
6686 6685
6687 6686
6688 6687
6689 6688
6690 6689
6691 6690
6692 6691
6693 6692
6694 6693
6695 6694
6696 6695
6697 6696
6698 6697
6699 6698
6700 6699
6701 6700
6702 6701
6703 6702
6704 6703
6705 6704
6706 6705
6707 6706
6708 6707
6709 6708
6710 6709
6711 6710
6712 6711
6713 6712
6714 6713
6715 6714
6716 6715
6717 6716
6718 6717
6719 6718
6720 6719
6721 6720
6722 6721
6723 6722
6724 6723
6725 6724
6726 6725
6727 6726
6728 6727
6729 6728
6730 6729
6731 6730
6732 6731
6733 6732
6734 6733
6735 6734
6736 6735
6737 6736
6738 6737
6739 6738
6740 6739
6741 6740
6742 6741
6743 6742
6744 6743
6745 6744
6746 6745
6747 6746
6748 6747
6749 6748
6750 6749
6751 6750
6752 6751
6753 6752
6754 6753
6755 6754
6756 6755
6757 6756
6758 6757
6759 6758
6760 6759
6761 6760
6762 6761
6763 6762
6764 6763
6765 6764
6766 6765
6767 6766
6768 6767
6769 6768
6770 6769
6771 6770
6772 6771
6773 6772
6774 6773
6775 6774
6776 6775
6777 6776
6778 6777
6779 6778
6780 6779
6781 6780
6782 6781
6783 6782
6784 6783
6785 6784
6786 6785
6787 6786
6788 6787
6789 6788
6790 6789
6791 6790
6792 6791
6793 6792
6794 6793
6795 6794
6796 6795
6797 6796
6798 6797
6799 6798
6800 6799
6801 6800
6802 6801
6803 6802
6804 6803
6805 6804
6806 6805
6807 6806
6808 6807
6809 6808
6810 6809
6811 6810
6812 6811
6813 6812
6814 6813
6815 6814
6816 6815
6817 6816
6818 6817
6819 6818
6820 6819
6821 6820
6822 6821
6823 6822
6824 6823
6825 6824
6826 6825
6827 6826
6828 6827
6829 6828
6830 6829
6831 6830
6832 6831
6833 6832
6834 6833
6835 6834
6836 6835
6837 6836
6838 6837
6839 6838
6840 6839
6841 6840
6842 6841
6843 6842
6844 6843
6845 6844
6846 6845
6847 6846
6848 6847
6849 6848
6850 6849
6851 6850
6852 6851
6853 6852
6854 6853
6855 6854
6856 6855
6857 6856
6858 6857
6859 6858
6860 6859
6861 6860
6862 6861
6863 6862
6864 6863
6865 6864
6866 6865
6867 6866
6868 6867
6869 6868
6870 6869
6871 6870
6872 6871
6873 6872
6874 6873
6875 6874
6876 6875
6877 6876
6878 6877
6879 6878
6880 6879
6881 6880
6882 6881
6883 6882
6884 6883
6885 6884
6886 6885
6887 6886
6888 6887
6889 6888
6890 6889
6891 6890
6892 6891
6893 6892
6894 6893
6895 6894
6896 6895
6897 6896
6898 6897
6899 6898
6900 6899
6901 6900
6902 6901
6903 6902
6904 6903
6905 6904
6906 6905
6907 6906
6908 6907
6909 6908
6910 6909
6911 6910
6912 6911
6913 6912
6914 6913
6915 6914
6916 6915
6917 6916
6918 6917
6919 6918
6920 6919
6921 6920
6922 6921
6923 6922
6924 6923
6925 6924
6926 6925
6927 6926
6928 6927
6929 6928
6930 6929
6931 6930
6932 6931
6933 6932
6934 6933
6935 6934
6936 6935
6937 6936
6938 6937
6939 6938
6940 6939
6941 6940
6942 6941
6943 6942
6944 6943
6945 6944
6946 6945
6947 6946
6948 6947
6949 6948
6950 6949
6951 6950
6952 6951
6953 6952
6954 6953
6955 6954
6956 6955
6957 6956
6958 6957
6959 6958
6960 6959
6961 6960
6962 6961
6963 6962
6964 6963
6965 6964
6966 6965
6967 6966
6968 6967
6969 6968
6970 6969
6971 6970
6972 6971
6973 6972
6974 6973
6975 6974
6976 6975
6977 6976
6978 6977
6979 6978
6980 6979
6981 6980
6982 6981
6983 6982
6984 6983
6985 6984
6986 6985
6987 6986
6988 6987
6989 6988
6990 6989
6991 6990
6992 6991
6993 6992
6994 6993
6995 6994
6996 6995
6997 6996
6998 6997
6999 6998
7000 6999
7001 7000
7002 7001
7003 7002
7004 7003
7005 7004
7006 7005
7007 7006
7008 7007
7009 7008
7010 7009
7011 7010
7012 7011
7013 7012
7014 7013
7015 7014
7016 7015
7017 7016
7018 7017
7019 7018
7020 7019
7021 7020
7022 7021
7023 7022
7024 7023
7025 7024
7026 7025
7027 7026
7028 7027
7029 7028
7030 7029
7031 7030
7032 7031
7033 7032
7034 7033
7035 7034
7036 7035
7037 7036
7038 7037
7039 7038
7040 7039
7041 7040
7042 7041
7043 7042
7044 7043
7045 7044
7046 7045
7047 7046
7048 7047
7049 7048
7050 7049
7051 7050
7052 7051
7053 7052
7054 7053
7055 7054
7056 7055
7057 7056
7058 7057
7059 7058
7060 7059
7061 7060
7062 7061
7063 7062
7064 7063
7065 7064
7066 7065
7067 7066
7068 7067
7069 7068
7070 7069
7071 7070
7072 7071
7073 7072
7074 7073
7075 7074
7076 7075
7077 7076
7078 7077
7079 7078
7080 7079
7081 7080
7082 7081
7083 7082
7084 7083
7085 7084
7086 7085
7087 7086
7088 7087
7089 7088
7090 7089
7091 7090
7092 7091
7093 7092
7094 7093
7095 7094
7096 7095
7097 7096
7098 7097
7099 7098
7100 7099
7101 7100
7102 7101
7103 7102
7104 7103
7105 7104
7106 7105
7107 7106
7108 7107
7109 7108
7110 7109
7111 7110
7112 7111
7113 7112
7114 7113
7115 7114
7116 7115
7117 7116
7118 7117
7119 7118
7120 7119
7121 7120
7122 7121
7123 7122
7124 7123
7125 7124
7126 7125
7127 7126
7128 7127
7129 7128
7130 7129
7131 7130
7132 7131
7133 7132
7134 7133
7135 7134
7136 7135
7137 7136
7138 7137
7139 7138
7140 7139
7141 7140
7142 7141
7143 7142
7144 7143
7145 7144
7146 7145
7147 7146
7148 7147
7149 7148
7150 7149
7151 7150
7152 7151
7153 7152
7154 7153
7155 7154
7156 7155
7157 7156
7158 7157
7159 7158
7160 7159
7161 7160
7162 7161
7163 7162
7164 7163
7165 7164
7166 7165
7167 7166
7168 7167
7169 7168
7170 7169
7171 7170
7172 7171
7173 7172
7174 7173
7175 7174
7176 7175
7177 7176
7178 7177
7179 7178
7180 7179
7181 7180
7182 7181
7183 7182
7184 7183
7185 7184
7186 7185
7187 7186
7188 7187
7189 7188
7190 7189
7191 7190
7192 7191
7193 7192
7194 7193
7195 7194
7196 7195
7197 7196
7198 7197
7199 7198
7200 7199
7201 7200
7202 7201
7203 7202
7204 7203
7205 7204
7206 7205
7207 7206
7208 7207
7209 7208
7210 7209
7211 7210
7212 7211
7213 7212
7214 7213
7215 7214
7216 7215
7217 7216
7218 7217
7219 7218
7220 7219
7221 7220
7222 7221
7223 7222
7224 7223
7225 7224
7226 7225
7227 7226
7228 7227
7229 7228
7230 7229
7231 7230
7232 7231
7233 7232
7234 7233
7235 7234
7236 7235
7237 7236
7238 7237
7239 7238
7240 7239
7241 7240
7242 7241
7243 7242
7244 7243
7245 7244
7246 7245
7247 7246
7248 7247
7249 7248
7250 7249
7251 7250
7252 7251
7253 7252
7254 7253
7255 7254
7256 7255
7257 7256
7258 7257
7259 7258
7260 7259
7261 7260
7262 7261
7263 7262
7264 7263
7265 7264
7266 7265
7267 7266
7268 7267
7269 7268
7270 7269
7271 7270
7272 7271
7273 7272
7274 7273
7275 7274
7276 7275
7277 7276
7278 7277
7279 7278
7280 7279
7281 7280
7282 7281
7283 7282
7284 7283
7285 7284
7286 7285
7287 7286
7288 7287
7289 7288
7290 7289
7291 7290
7292 7291
7293 7292
7294 7293
7295 7294
7296 7295
7297 7296
7298 7297
7299 7298
7300 7299
7301 7300
7302 7301
7303 7302
7304 7303
7305 7304
7306 7305
7307 7306
7308 7307
7309 7308
7310 7309
7311 7310
7312 7311
7313 7312
7314 7313
7315 7314
7316 7315
7317 7316
7318 7317
7319 7318
7320 7319
7321 7320
7322 7321
7323 7322
7324 7323
7325 7324
7326 7325
7327 7326
7328 7327
7329 7328
7330 7329
7331 7330
7332 7331
7333 7332
7334 7333
7335 7334
7336 7335
7337 7336
7338 7337
7339 7338
7340 7339
7341 7340
7342 7341
7343 7342
7344 7343
7345 7344
7346 7345
7347 7346
7348 7347
7349 7348
7350 7349
7351 7350
7352 7351
7353 7352
7354 7353
7355 7354
7356 7355
7357 7356
7358 7357
7359 7358
7360 7359
7361 7360
7362 7361
7363 7362
7364 7363
7365 7364
7366 7365
7367 7366
7368 7367
7369 7368
7370 7369
7371 7370
7372 7371
7373 7372
7374 7373
7375 7374
7376 7375
7377 7376
7378 7377
7379 7378
7380 7379
7381 7380
7382 7381
7383 7382
7384 7383
7385 7384
7386 7385
7387 7386
7388 7387
7389 7388
7390 7389
7391 7390
7392 7391
7393 7392
7394 7393
7395 7394
7396 7395
7397 7396
7398 7397
7399 7398
7400 7399
7401 7400
7402 7401
7403 7402
7404 7403
7405 7404
7406 7405
7407 7406
7408 7407
7409 7408
7410 7409
7411 7410
7412 7411
7413 7412
7414 7413
7415 7414
7416 7415
7417 7416
7418 7417
7419 7418
7420 7419
7421 7420
7422 7421
7423 7422
7424 7423
7425 7424
7426 7425
7427 7426
7428 7427
7429 7428
7430 7429
7431 7430
7432 7431
7433 7432
7434 7433
7435 7434
7436 7435
7437 7436
7438 7437
7439 7438
7440 7439
7441 7440
7442 7441
7443 7442
7444 7443
7445 7444
7446 7445
7447 7446
7448 7447
7449 7448
7450 7449
7451 7450
7452 7451
7453 7452
7454 7453
7455 7454
7456 7455
7457 7456
7458 7457
7459 7458
7460 7459
7461 7460
7462 7461
7463 7462
7464 7463
7465 7464
7466 7465
7467 7466
7468 7467
7469 7468
7470 7469
7471 7470
7472 7471
7473 7472
7474 7473
7475 7474
7476 7475
7477 7476
7478 7477
7479 7478
7480 7479
7481 7480
7482 7481
7483 7482
7484 7483
7485 7484
7486 7485
7487 7486
7488 7487
7489 7488
7490 7489
7491 7490
7492 7491
7493 7492
7494 7493
7495 7494
7496 7495
7497 7496
7498 7497
7499 7498
7500 7499
7501 7500
7502 7501
7503 7502
7504 7503
7505 7504
7506 7505
7507 7506
7508 7507
7509 7508
7510 7509
7511 7510
7512 7511
7513 7512
7514 7513
7515 7514
7516 7515
7517 7516
7518 7517
7519 7518
7520 7519
7521 7520
7522 7521
7523 7522
7524 7523
7525 7524
7526 7525
7527 7526
7528 7527
7529 7528
7530 7529
7531 7530
7532 7531
7533 7532
7534 7533
7535 7534
7536 7535
7537 7536
7538 7537
7539 7538
7540 7539
7541 7540
7542 7541
7543 7542
7544 7543
7545 7544
7546 7545
7547 7546
7548 7547
7549 7548
7550 7549
7551 7550
7552 7551
7553 7552
7554 7553
7555 7554
7556 7555
7557 7556
7558 7557
7559 7558
7560 7559
7561 7560
7562 7561
7563 7562
7564 7563
7565 7564
7566 7565
7567 7566
7568 7567
7569 7568
7570 7569
7571 7570
7572 7571
7573 7572
7574 7573
7575 7574
7576 7575
7577 7576
7578 7577
7579 7578
7580 7579
7581 7580
7582 7581
7583 7582
7584 7583
7585 7584
7586 7585
7587 7586
7588 7587
7589 7588
7590 7589
7591 7590
7592 7591
7593 7592
7594 7593
7595 7594
7596 7595
7597 7596
7598 7597
7599 7598
7600 7599
7601 7600
7602 7601
7603 7602
7604 7603
7605 7604
7606 7605
7607 7606
7608 7607
7609 7608
7610 7609
7611 7610
7612 7611
7613 7612
7614 7613
7615 7614
7616 7615
7617 7616
7618 7617
7619 7618
7620 7619
7621 7620
7622 7621
7623 7622
7624 7623
7625 7624
7626 7625
7627 7626
7628 7627
7629 7628
7630 7629
7631 7630
7632 7631
7633 7632
7634 7633
7635 7634
7636 7635
7637 7636
7638 7637
7639 7638
7640 7639
7641 7640
7642 7641
7643 7642
7644 7643
7645 7644
7646 7645
7647 7646
7648 7647
7649 7648
7650 7649
7651 7650
7652 7651
7653 7652
7654 7653
7655 7654
7656 7655
7657 7656
7658 7657
7659 7658
7660 7659
7661 7660
7662 7661
7663 7662
7664 7663
7665 7664
7666 7665
7667 7666
7668 7667
7669 7668
7670 7669
7671 7670
7672 7671
7673 7672
7674 7673
7675 7674
7676 7675
7677 7676
7678 7677
7679 7678
7680 7679
7681 7680
7682 7681
7683 7682
7684 7683
7685 7684
7686 7685
7687 7686
7688 7687
7689 7688
7690 7689
7691 7690
7692 7691
7693 7692
7694 7693
7695 7694
7696 7695
7697 7696
7698 7697
7699 7698
7700 7699
7701 7700
7702 7701
7703 7702
7704 7703
7705 7704
7706 7705
7707 7706
7708 7707
7709 7708
7710 7709
7711 7710
7712 7711
7713 7712
7714 7713
7715 7714
7716 7715
7717 7716
7718 7717
7719 7718
7720 7719
7721 7720
7722 7721
7723 7722
7724 7723
7725 7724
7726 7725
7727 7726
7728 7727
7729 7728
7730 7729
7731 7730
7732 7731
7733 7732
7734 7733
7735 7734
7736 7735
7737 7736
7738 7737
7739 7738
7740 7739
7741 7740
7742 7741
7743 7742
7744 7743
7745 7744
7746 7745
7747 7746
7748 7747
7749 7748
7750 7749
7751 7750
7752 7751
7753 7752
7754 7753
7755 7754
7756 7755
7757 7756
7758 7757
7759 7758
7760 7759
7761 7760
7762 7761
7763 7762
7764 7763
7765 7764
7766 7765
7767 7766
7768 7767
7769 7768
7770 7769
7771 7770
7772 7771
7773 7772
7774 7773
7775 7774
7776 7775
7777 7776
7778 7777
7779 7778
7780 7779
7781 7780
7782 7781
7783 7782
7784 7783
7785 7784
7786 7785
7787 7786
7788 7787
7789 7788
7790 7789
7791 7790
7792 7791
7793 7792
7794 7793
7795 7794
7796 7795
7797 7796
7798 7797
7799 7798
7800 7799
7801 7800
7802 7801
7803 7802
7804 7803
7805 7804
7806 7805
7807 7806
7808 7807
7809 7808
7810 7809
7811 7810
7812 7811
7813 7812
7814 7813
7815 7814
7816 7815
7817 7816
7818 7817
7819 7818
7820 7819
7821 7820
7822 7821
7823 7822
7824 7823
7825 7824
7826 7825
7827 7826
7828 7827
7829 7828
7830 7829
7831 7830
7832 7831
7833 7832
7834 7833
7835 7834
7836 7835
7837 7836
7838 7837
7839 7838
7840 7839
7841 7840
7842 7841
7843 7842
7844 7843
7845 7844
7846 7845
7847 7846
7848 7847
7849 7848
7850 7849
7851 7850
7852 7851
7853 7852
7854 7853
7855 7854
7856 7855
7857 7856
7858 7857
7859 7858
7860 7859
7861 7860
7862 7861
7863 7862
7864 7863
7865 7864
7866 7865
7867 7866
7868 7867
7869 7868
7870 7869
7871 7870
7872 7871
7873 7872
7874 7873
7875 7874
7876 7875
7877 7876
7878 7877
7879 7878
7880 7879
7881 7880
7882 7881
7883 7882
7884 7883
7885 7884
7886 7885
7887 7886
7888 7887
7889 7888
7890 7889
7891 7890
7892 7891
7893 7892
7894 7893
7895 7894
7896 7895
7897 7896
7898 7897
7899 7898
7900 7899
7901 7900
7902 7901
7903 7902
7904 7903
7905 7904
7906 7905
7907 7906
7908 7907
7909 7908
7910 7909
7911 7910
7912 7911
7913 7912
7914 7913
7915 7914
7916 7915
7917 7916
7918 7917
7919 7918
7920 7919
7921 7920
7922 7921
7923 7922
7924 7923
7925 7924
7926 7925
7927 7926
7928 7927
7929 7928
7930 7929
7931 7930
7932 7931
7933 7932
7934 7933
7935 7934
7936 7935
7937 7936
7938 7937
7939 7938
7940 7939
7941 7940
7942 7941
7943 7942
7944 7943
7945 7944
7946 7945
7947 7946
7948 7947
7949 7948
7950 7949
7951 7950
7952 7951
7953 7952
7954 7953
7955 7954
7956 7955
7957 7956
7958 7957
7959 7958
7960 7959
7961 7960
7962 7961
7963 7962
7964 7963
7965 7964
7966 7965
7967 7966
7968 7967
7969 7968
7970 7969
7971 7970
7972 7971
7973 7972
7974 7973
7975 7974
7976 7975
7977 7976
7978 7977
7979 7978
7980 7979
7981 7980
7982 7981
7983 7982
7984 7983
7985 7984
7986 7985
7987 7986
7988 7987
7989 7988
7990 7989
7991 7990
7992 7991
7993 7992
7994 7993
7995 7994
7996 7995
7997 7996
7998 7997
7999 7998
8000 7999
8001 8000
8002 8001
8003 8002
8004 8003
8005 8004
8006 8005
8007 8006
8008 8007
8009 8008
8010 8009
8011 8010
8012 8011
8013 8012
8014 8013
8015 8014
8016 8015
8017 8016
8018 8017
8019 8018
8020 8019
8021 8020
8022 8021
8023 8022
8024 8023
8025 8024
8026 8025
8027 8026
8028 8027
8029 8028
8030 8029
8031 8030
8032 8031
8033 8032
8034 8033
8035 8034
8036 8035
8037 8036
8038 8037
8039 8038
8040 8039
8041 8040
8042 8041
8043 8042
8044 8043
8045 8044
8046 8045
8047 8046
8048 8047
8049 8048
8050 8049
8051 8050
8052 8051
8053 8052
8054 8053
8055 8054
8056 8055
8057 8056
8058 8057
8059 8058
8060 8059
8061 8060
8062 8061
8063 8062
8064 8063
8065 8064
8066 8065
8067 8066
8068 8067
8069 8068
8070 8069
8071 8070
8072 8071
8073 8072
8074 8073
8075 8074
8076 8075
8077 8076
8078 8077
8079 8078
8080 8079
8081 8080
8082 8081
8083 8082
8084 8083
8085 8084
8086 8085
8087 8086
8088 8087
8089 8088
8090 8089
8091 8090
8092 8091
8093 8092
8094 8093
8095 8094
8096 8095
8097 8096
8098 8097
8099 8098
8100 8099
8101 8100
8102 8101
8103 8102
8104 8103
8105 8104
8106 8105
8107 8106
8108 8107
8109 8108
8110 8109
8111 8110
8112 8111
8113 8112
8114 8113
8115 8114
8116 8115
8117 8116
8118 8117
8119 8118
8120 8119
8121 8120
8122 8121
8123 8122
8124 8123
8125 8124
8126 8125
8127 8126
8128 8127
8129 8128
8130 8129
8131 8130
8132 8131
8133 8132
8134 8133
8135 8134
8136 8135
8137 8136
8138 8137
8139 8138
8140 8139
8141 8140
8142 8141
8143 8142
8144 8143
8145 8144
8146 8145
8147 8146
8148 8147
8149 8148
8150 8149
8151 8150
8152 8151
8153 8152
8154 8153
8155 8154
8156 8155
8157 8156
8158 8157
8159 8158
8160 8159
8161 8160
8162 8161
8163 8162
8164 8163
8165 8164
8166 8165
8167 8166
8168 8167
8169 8168
8170 8169
8171 8170
8172 8171
8173 8172
8174 8173
8175 8174
8176 8175
8177 8176
8178 8177
8179 8178
8180 8179
8181 8180
8182 8181
8183 8182
8184 8183
8185 8184
8186 8185
8187 8186
8188 8187
8189 8188
8190 8189
8191 8190
8192 8191
8193 8192
8194 8193
8195 8194
8196 8195
8197 8196
8198 8197
8199 8198
8200 8199
8201 8200
8202 8201
8203 8202
8204 8203
8205 8204
8206 8205
8207 8206
8208 8207
8209 8208
8210 8209
8211 8210
8212 8211
8213 8212
8214 8213
8215 8214
8216 8215
8217 8216
8218 8217
8219 8218
8220 8219
8221 8220
8222 8221
8223 8222
8224 8223
8225 8224
8226 8225
8227 8226
8228 8227
8229 8228
8230 8229
8231 8230
8232 8231
8233 8232
8234 8233
8235 8234
8236 8235
8237 8236
8238 8237
8239 8238
8240 8239
8241 8240
8242 8241
8243 8242
8244 8243
8245 8244
8246 8245
8247 8246
8248 8247
8249 8248
8250 8249
8251 8250
8252 8251
8253 8252
8254 8253
8255 8254
8256 8255
8257 8256
8258 8257
8259 8258
8260 8259
8261 8260
8262 8261
8263 8262
8264 8263
8265 8264
8266 8265
8267 8266
8268 8267
8269 8268
8270 8269
8271 8270
8272 8271
8273 8272
8274 8273
8275 8274
8276 8275
8277 8276
8278 8277
8279 8278
8280 8279
8281 8280
8282 8281
8283 8282
8284 8283
8285 8284
8286 8285
8287 8286
8288 8287
8289 8288
8290 8289
8291 8290
8292 8291
8293 8292
8294 8293
8295 8294
8296 8295
8297 8296
8298 8297
8299 8298
8300 8299
8301 8300
8302 8301
8303 8302
8304 8303
8305 8304
8306 8305
8307 8306
8308 8307
8309 8308
8310 8309
8311 8310
8312 8311
8313 8312
8314 8313
8315 8314
8316 8315
8317 8316
8318 8317
8319 8318
8320 8319
8321 8320
8322 8321
8323 8322
8324 8323
8325 8324
8326 8325
8327 8326
8328 8327
8329 8328
8330 8329
8331 8330
8332 8331
8333 8332
8334 8333
8335 8334
8336 8335
8337 8336
8338 8337
8339 8338
8340 8339
8341 8340
8342 8341
8343 8342
8344 8343
8345 8344
8346 8345
8347 8346
8348 8347
8349 8348
8350 8349
8351 8350
8352 8351
8353 8352
8354 8353
8355 8354
8356 8355
8357 8356
8358 8357
8359 8358
8360 8359
8361 8360
8362 8361
8363 8362
8364 8363
8365 8364
8366 8365
8367 8366
8368 8367
8369 8368
8370 8369
8371 8370
8372 8371
8373 8372
8374 8373
8375 8374
8376 8375
8377 8376
8378 8377
8379 8378
8380 8379
8381 8380
8382 8381
8383 8382
8384 8383
8385 8384
8386 8385
8387 8386
8388 8387
8389 8388
8390 8389
8391 8390
8392 8391
8393 8392
8394 8393
8395 8394
8396 8395
8397 8396
8398 8397
8399 8398
8400 8399
8401 8400
8402 8401
8403 8402
8404 8403
8405 8404
8406 8405
8407 8406
8408 8407
8409 8408
8410 8409
8411 8410
8412 8411
8413 8412
8414 8413
8415 8414
8416 8415
8417 8416
8418 8417
8419 8418
8420 8419
8421 8420
8422 8421
8423 8422
8424 8423
8425 8424
8426 8425
8427 8426
8428 8427
8429 8428
8430 8429
8431 8430
8432 8431
8433 8432
8434 8433
8435 8434
8436 8435
8437 8436
8438 8437
8439 8438
8440 8439
8441 8440
8442 8441
8443 8442
8444 8443
8445 8444
8446 8445
8447 8446
8448 8447
8449 8448
8450 8449
8451 8450
8452 8451
8453 8452
8454 8453
8455 8454
8456 8455
8457 8456
8458 8457
8459 8458
8460 8459
8461 8460
8462 8461
8463 8462
8464 8463
8465 8464
8466 8465
8467 8466
8468 8467
8469 8468
8470 8469
8471 8470
8472 8471
8473 8472
8474 8473
8475 8474
8476 8475
8477 8476
8478 8477
8479 8478
8480 8479
8481 8480
8482 8481
8483 8482
8484 8483
8485 8484
8486 8485
8487 8486
8488 8487
8489 8488
8490 8489
8491 8490
8492 8491
8493 8492
8494 8493
8495 8494
8496 8495
8497 8496
8498 8497
8499 8498
8500 8499
8501 8500
8502 8501
8503 8502
8504 8503
8505 8504
8506 8505
8507 8506
8508 8507
8509 8508
8510 8509
8511 8510
8512 8511
8513 8512
8514 8513
8515 8514
8516 8515
8517 8516
8518 8517
8519 8518
8520 8519
8521 8520
8522 8521
8523 8522
8524 8523
8525 8524
8526 8525
8527 8526
8528 8527
8529 8528
8530 8529
8531 8530
8532 8531
8533 8532
8534 8533
8535 8534
8536 8535
8537 8536
8538 8537
8539 8538
8540 8539
8541 8540
8542 8541
8543 8542
8544 8543
8545 8544
8546 8545
8547 8546
8548 8547
8549 8548
8550 8549
8551 8550
8552 8551
8553 8552
8554 8553
8555 8554
8556 8555
8557 8556
8558 8557
8559 8558
8560 8559
8561 8560
8562 8561
8563 8562
8564 8563
8564 2051
8565 7206
8566 8565
8567 8566
8568 8567
8569 8568
8570 8569
8571 8570
8572 8571
8573 8572
8574 8573
8575 8574
8576 8575
8577 8576
8578 8577
8579 8578
8580 8579
8581 8580
8582 8581
8583 8582
8584 8583
8585 8584
8586 8585
8587 8586
8588 8587
8589 8588
8590 8589
8591 8590
8592 8591
8593 8592
8594 8593
8595 8594
8596 8595
8597 8596
8598 8597
8599 8598
8600 8599
8601 8600
8602 8601
8603 8602
8604 8603
8605 8604
8606 8605
8607 8606
8608 8607
8609 8608
8610 8609
8611 8610
8612 8611
8613 8612
8614 8613
8615 8614
8616 8615
8617 8616
8618 8617
8619 8618
8620 8619
8621 8620
8622 8621
8623 8622
8624 8623
8625 8624
8626 8625
8627 8626
8628 8627
8629 8628
8630 8629
8631 8630
8632 8631
8633 8632
8634 8633
8635 8634
8636 8635
8637 8636
8638 8637
8639 8638
8640 8639
8641 8640
8642 8641
8643 8642
8644 8643
8645 8644
8646 8645
8647 8646
8648 8647
8649 8648
8650 8649
8651 8650
8652 8651
8653 8652
8654 8653
8655 8654
8656 8655
8657 8656
8658 8657
8659 8658
8660 8659
8661 8660
8662 8661
8663 8662
8664 8663
8665 8664
8666 8665
8667 8666
8668 8667
8669 8668
8670 8669
8671 8670
8672 8671
8673 8672
8674 8673
8675 8674
8676 8675
8677 8676
8678 8677
8679 8678
8680 8679
8681 8680
8682 8681
8683 8682
8684 8683
8685 8684
8686 8685
8687 8686
8688 8687
8689 8688
8690 8689
8691 8690
8692 8691
8693 8692
8694 8693
8695 8694
8696 8695
8697 8696
8698 8697
8699 8698
8700 8699
8701 8700
8702 8701
8703 8702
8704 8703
8705 8704
8706 8705
8707 8706
8708 8707
8709 8708
8710 8709
8711 8710
8712 8711
8713 8712
8714 8713
8715 8714
8716 8715
8717 8716
8718 8717
8719 8718
8720 8719
8721 8720
8722 8721
8723 8722
8724 8723
8725 8724
8726 8725
8727 8726
8728 8727
8729 8728
8730 8729
8731 8730
8732 8731
8733 8732
8734 8733
8735 8734
8736 8735
8737 8736
8738 8737
8739 8738
8740 8739
8741 8740
8742 8741
8743 8742
8744 8743
8745 8744
8746 8745
8747 8746
8748 8747
8749 8748
8750 8749
8751 8750
8752 8751
8753 8752
8754 8753
8755 8754
8756 8755
8757 8756
8758 8757
8759 8758
8760 8759
8761 8760
8762 8761
8763 8762
8764 8763
8765 8764
8766 8765
8767 8766
8768 8767
8769 8768
8770 8769
8771 8770
8772 8771
8773 8772
8774 8773
8775 8774
8776 8775
8777 8776
8778 8777
8779 8778
8780 8779
8781 8780
8782 8781
8783 8782
8784 8783
8785 8784
8786 8785
8787 8786
8788 8787
8789 8788
8790 8789
8791 8790
8792 8791
8793 8792
8794 8793
8795 8794
8796 8795
8797 8796
8798 8797
8799 8798
8800 8799
8801 8800
8802 8801
8803 8802
8804 8803
8805 8804
8806 8805
8807 8806
8808 8807
8809 8808
8810 8809
8811 8810
8812 8811
8813 8812
8814 8813
8815 8814
8816 8815
8817 8816
8818 8817
8819 8818
8820 8819
8821 8820
8822 8821
8823 8822
8824 8823
8825 8824
8826 8825
8827 8826
8828 8827
8829 8828
8830 8829
8831 8830
8832 8831
8833 8832
8834 8833
8835 8834
8836 8835
8837 8836
8838 8837
8839 8838
8840 8839
8841 8840
8842 8841
8843 8842
8844 8843
8845 8844
8846 8845
8847 8846
8848 8847
8849 8848
8850 8849
8851 8850
8852 8851
8853 8852
8854 8853
8855 8854
8856 8855
8857 8856
8858 8857
8859 8858
8860 8859
8861 8860
8862 8861
8863 8862
8864 8863
8865 8864
8866 8865
8867 8866
8868 8867
8869 8868
8870 8869
8871 8870
8872 8871
8873 8872
8874 8873
8875 8874
8876 8875
8877 8876
8878 8877
8879 8878
8880 8879
8881 8880
8882 8881
8883 8882
8884 8883
8885 8884
8886 8885
8887 8886
8888 8887
8889 8888
8890 8889
8891 8890
8892 8891
8893 8892
8894 8893
8895 8894
8896 8895
8897 8896
8898 8897
8899 8898
8900 8899
8901 8900
8902 8901
8903 8902
8904 8903
8905 8904
8906 8905
8907 8906
8908 8907
8909 8908
8910 8909
8911 8910
8912 8911
8913 8912
8914 8913
8915 8914
8916 8915
8917 8916
8918 8917
8919 8918
8920 8919
8921 8920
8922 8921
8923 8922
8924 8923
8925 8924
8926 8925
8927 8926
8928 8927
8929 8928
8930 8929
8931 8930
8932 8931
8933 8932
8934 8933
8935 8934
8936 8935
8937 8936
8938 8937
8939 8938
8940 8939
8941 8940
8942 8941
8943 8942
8944 8943
8945 8944
8946 8945
8947 8946
8948 8947
8949 8948
8950 8949
8951 8950
8952 8951
8953 8952
8954 8953
8955 8954
8956 8955
8957 8956
8958 8957
8959 8958
8960 8959
8961 8960
8962 8961
8963 8962
8964 8963
8965 8964
8966 8965
8967 8966
8968 8967
8969 8968
8970 8969
8971 8970
8972 8971
8973 8972
8974 8973
8975 8974
8976 8975
8977 8976
8978 8977
8979 8978
8980 8979
8981 8980
8982 8981
8983 8982
8984 8983
8985 8984
8986 8985
8987 8986
8988 8987
8989 8988
8990 8989
8991 8990
8992 8991
8993 8992
8994 8993
8995 8994
8996 8995
8997 8996
8998 8997
8999 8998
9000 8999
9001 9000
9002 9001
9003 9002
9004 9003
9005 9004
9006 9005
9007 9006
9008 9007
9009 9008
9010 9009
9011 9010
9012 9011
9013 9012
9014 9013
9015 9014
9016 9015
9017 9016
9018 9017
9019 9018
9020 9019
9021 9020
9022 9021
9023 9022
9024 9023
9025 9024
9026 9025
9027 9026
9028 9027
9029 9028
9030 9029
9031 9030
9032 9031
9033 9032
9034 9033
9035 9034
9036 9035
9037 9036
9038 9037
9039 9038
9040 9039
9041 9040
9042 9041
9043 9042
9044 9043
9045 9044
9046 9045
9047 9046
9048 9047
9049 9048
9050 9049
9051 9050
9052 9051
9053 9052
9054 9053
9055 9054
9056 9055
9057 9056
9058 9057
9059 9058
9060 9059
9061 9060
9062 9061
9063 9062
9064 9063
9065 9064
9066 9065
9067 9066
9068 9067
9069 9068
9070 9069
9071 9070
9072 9071
9073 9072
9074 9073
9075 9074
9076 9075
9077 9076
9078 9077
9079 9078
9080 9079
9081 9080
9082 9081
9083 9082
9084 9083
9085 9084
9086 9085
9087 9086
9088 9087
9089 9088
9090 9089
9091 9090
9092 9091
9093 9092
9094 9093
9095 9094
9096 9095
9097 9096
9098 9097
9099 9098
9100 9099
9101 9100
9102 9101
9103 9102
9104 9103
9105 9104
9106 9105
9107 9106
9108 9107
9109 9108
9110 9109
9111 9110
9112 9111
9113 9112
9114 9113
9115 9114
9116 9115
9117 9116
9118 9117
9119 9118
9120 9119
9121 9120
9122 9121
9123 9122
9124 9123
9125 9124
9126 9125
9127 9126
9128 9127
9129 9128
9130 9129
9131 9130
9132 9131
9133 9132
9134 9133
9135 9134
9136 9135
9137 9136
9138 9137
9139 9138
9140 9139
9141 9140
9142 9141
9143 9142
9144 9143
9145 9144
9146 9145
9147 9146
9148 9147
9149 9148
9150 9149
9151 9150
9152 9151
9153 9152
9154 9153
9155 9154
9156 9155
9157 9156
9158 9157
9159 9158
9160 9159
9161 9160
9162 9161
9163 9162
9164 9163
9165 9164
9166 9165
9167 9166
9168 9167
9169 9168
9170 9169
9171 9170
9172 9171
9173 9172
9174 9173
9175 9174
9176 9175
9177 9176
9178 9177
9179 9178
9180 9179
9181 9180
9182 9181
9183 9182
9184 9183
9185 9184
9186 9185
9187 9186
9188 9187
9189 9188
9190 9189
9191 9190
9192 9191
9193 9192
9194 9193
9195 9194
9196 9195
9197 9196
9198 9197
9199 9198
9200 9199
9201 9200
9202 9201
9203 9202
9204 9203
9205 9204
9206 9205
9207 9206
9208 9207
9209 9208
9210 9209
9211 9210
9212 9211
9213 9212
9214 9213
9215 9214
9216 9215
9217 9216
9218 9217
9219 9218
9220 9219
9221 9220
9222 9221
9223 9222
9224 9223
9225 9224
9226 9225
9227 9226
9228 9227
9229 9228
9230 9229
9231 9230
9232 9231
9233 9232
9234 9233
9235 9234
9236 9235
9237 9236
9238 9237
9239 9238
9240 9239
9241 9240
9242 9241
9243 9242
9244 9243
9245 9244
9246 9245
9247 9246
9248 9247
9249 9248
9250 9249
9251 9250
9252 9251
9253 9252
9254 9253
9255 9254
9256 9255
9257 9256
9258 9257
9259 9258
9260 9259
9261 9260
9262 9261
9263 9262
9264 9263
9265 9264
9266 9265
9267 9266
9268 9267
9269 9268
9270 9269
9271 9270
9272 9271
9273 9272
9274 9273
9275 9274
9276 9275
9277 9276
9278 9277
9279 9278
9280 9279
9281 9280
9282 9281
9283 9282
9284 9283
9285 9284
9286 9285
9287 9286
9288 9287
9289 9288
9290 9289
9291 9290
9292 9291
9293 9292
9294 9293
9295 9294
9296 9295
9297 9296
9298 9297
9299 9298
9300 9299
9301 9300
9302 9301
9303 9302
9304 9303
9305 9304
9306 9305
9307 9306
9308 9307
9309 9308
9310 9309
9311 9310
9312 9311
9313 9312
9314 9313
9315 9314
9316 9315
9317 9316
9318 9317
9319 9318
9320 9319
9321 9320
9322 9321
9323 9322
9324 9323
9325 9324
9326 9325
9327 9326
9328 9327
9329 9328
9330 9329
9331 9330
9332 9331
9333 9332
9334 9333
9335 9334
9336 9335
9337 9336
9338 9337
9339 9338
9340 9339
9341 9340
9342 9341
9343 9342
9344 9343
9345 9344
9346 9345
9347 9346
9348 9347
9349 9348
9350 9349
9351 9350
9352 9351
9353 9352
9354 9353
9355 9354
9356 9355
9357 9356
9358 9357
9359 9358
9360 9359
9361 9360
9362 9361
9363 9362
9364 9363
9365 9364
9366 9365
9367 9366
9368 9367
9369 9368
9370 9369
9371 9370
9372 9371
9373 9372
9374 9373
9375 9374
9376 9375
9377 9376
9378 9377
9379 9378
9380 9379
9381 9380
9382 9381
9383 9382
9384 9383
9385 9384
9386 9385
9387 9386
9388 9387
9389 9388
9390 9389
9391 9390
9392 9391
9393 9392
9394 9393
9395 9394
9396 9395
9397 9396
9398 9397
9399 9398
9400 9399
9401 9400
9402 9401
9403 9402
9404 9403
9405 9404
9406 9405
9407 9406
9408 9407
9409 9408
9410 9409
9411 9410
9412 9411
9413 9412
9414 9413
9415 9414
9416 9415
9417 9416
9418 9417
9419 9418
9420 9419
9421 9420
9422 9421
9423 9422
9424 9423
9425 9424
9426 9425
9427 9426
9428 9427
9429 9428
9430 9429
9431 9430
9432 9431
9433 9432
9434 9433
9435 9434
9436 9435
9437 9436
9438 9437
9439 9438
9440 9439
9441 9440
9442 9441
9443 9442
9444 9443
9445 9444
9446 9445
9447 9446
9448 9447
9449 9448
9450 9449
9451 9450
9452 9451
9453 9452
9454 9453
9455 9454
9456 9455
9457 9456
9458 9457
9459 9458
9460 9459
9461 9460
9462 9461
9463 9462
9464 9463
9465 9464
9466 9465
9467 9466
9468 9467
9469 9468
9470 9469
9471 9470
9472 9471
9473 9472
9474 9473
9475 9474
9476 9475
9477 9476
9478 9477
9479 9478
9480 9479
9481 9480
9482 9481
9483 9482
9484 9483
9485 9484
9486 9485
9487 9486
9488 9487
9489 9488
9490 9489
9491 9490
9492 9491
9493 9492
9494 9493
9495 9494
9496 9495
9497 9496
9498 9497
9499 9498
9500 9499
9501 9500
9502 9501
9503 9502
9504 9503
9505 9504
9506 9505
9507 9506
9508 9507
9509 9508
9510 9509
9511 9510
9512 9511
9513 9512
9514 9513
9515 9514
9516 9515
9517 9516
9518 9517
9519 9518
9520 9519
9521 9520
9522 9521
9523 9522
9524 9523
9525 9524
9526 9525
9527 9526
9528 9527
9529 9528
9530 9529
9531 9530
9532 9531
9533 9532
9534 9533
9535 9534
9536 9535
9537 9536
9538 9537
9539 9538
9540 9539
9541 9540
9542 9541
9543 9542
9544 9543
9545 9544
9546 9545
9547 9546
9548 9547
9549 9548
9550 9549
9551 9550
9552 9551
9553 9552
9554 9553
9555 9554
9556 9555
9557 9556
9558 9557
9559 9558
9560 9559
9561 9560
9562 9561
9563 9562
9564 9563
9565 9564
9566 9565
9567 9566
9568 9567
9569 9568
9570 9569
9571 9570
9572 9571
9573 9572
9574 9573
9575 9574
9576 9575
9577 9576
9578 9577
9579 9578
9580 9579
9581 9580
9582 9581
9583 9582
9584 9583
9585 9584
9586 9585
9587 9586
9588 9587
9589 9588
9590 9589
9591 9590
9592 9591
9593 9592
9594 9593
9595 9594
9596 9595
9597 9596
9598 9597
9599 9598
9600 9599
9601 9600
9602 9601
9603 9602
9604 9603
9605 9604
9606 9605
9607 9606
9608 9607
9609 9608
9610 9609
9611 9610
9612 9611
9613 9612
9614 9613
9615 9614
9616 9615
9617 9616
9618 9617
9619 9618
9620 9619
9621 9620
9622 9621
9623 9622
9624 9623
9625 9624
9626 9625
9627 9626
9628 9627
9629 9628
9630 9629
9631 9630
9632 9631
9633 9632
9634 9633
9635 9634
9636 9635
9637 9636
9638 9637
9639 9638
9640 9639
9641 9640
9642 9641
9643 9642
9644 9643
9645 9644
9646 9645
9647 9646
9648 9647
9649 9648
9650 9649
9651 9650
9652 9651
9653 9652
9654 9653
9655 9654
9656 9655
9657 9656
9658 9657
9659 9658
9660 9659
9661 9660
9662 9661
9663 9662
9664 9663
9665 9664
9666 9665
9667 9666
9668 9667
9669 9668
9670 9669
9671 9670
9672 9671
9673 9672
9674 9673
9675 9674
9676 9675
9677 9676
9678 9677
9679 9678
9680 9679
9681 9680
9682 9681
9683 9682
9684 9683
9685 9684
9686 9685
9687 9686
9688 9687
9689 9688
9690 9689
9691 9690
9692 9691
9693 9692
9694 9693
9695 9694
9696 9695
9697 9696
9698 9697
9699 9698
9700 9699
9701 9700
9702 9701
9703 9702
9704 9703
9705 9704
9706 9705
9707 9706
9708 9707
9709 9708
9710 9709
9711 9710
9712 9711
9713 9712
9714 9713
9715 9714
9716 9715
9717 9716
9718 9717
9719 9718
9720 9719
9721 9720
9722 9721
9723 9722
9724 9723
9725 9724
9726 9725
9727 9726
9728 9727
9729 9728
9730 9729
9731 9730
9732 9731
9733 9732
9734 9733
9735 9734
9736 9735
9737 9736
9738 9737
9739 9738
9740 9739
9741 9740
9742 9741
9743 9742
9744 9743
9745 9744
9746 9745
9747 9746
9748 9747
9749 9748
9750 9749
9751 9750
9752 9751
9753 9752
9754 9753
9755 9754
9756 9755
9757 9756
9758 9757
9759 9758
9760 9759
9761 9760
9762 9761
9763 9762
9764 9763
9765 9764
9766 9765
9767 9766
9768 9767
9769 9768
9770 9769
9771 9770
9772 9771
9773 9772
9774 9773
9775 9774
9776 9775
9777 9776
9778 9777
9779 9778
9780 9779
9781 9780
9782 9781
9783 9782
9784 9783
9785 9784
9786 9785
9787 9786
9788 9787
9789 9788
9790 9789
9791 9790
9792 9791
9793 9792
9794 9793
9795 9794
9796 9795
9797 9796
9798 9797
9799 9798
9800 9799
9801 9800
9802 9801
9803 9802
9804 9803
9805 9804
9806 9805
9807 9806
9808 9807
9809 9808
9810 9809
9811 9810
9812 9811
9813 9812
9814 9813
9815 9814
9816 9815
9817 9816
9818 9817
9819 9818
9820 9819
9821 9820
9822 9821
9823 9822
9824 9823
9825 9824
9826 9825
9827 9826
9828 9827
9829 9828
9830 9829
9831 9830
9832 9831
9833 9832
9834 9833
9835 9834
9836 9835
9837 9836
9838 9837
9839 9838
9840 9839
9841 9840
9842 9841
9843 9842
9844 9843
9845 9844
9846 9845
9847 9846
9848 9847
9849 9848
9850 9849
9851 9850
9852 9851
9853 9852
9854 9853
9855 9854
9856 9855
9857 9856
9858 9857
9859 9858
9860 9859
9861 9860
9862 9861
9863 9862
9864 9863
9865 9864
9866 9865
9867 9866
9868 9867
9869 9868
9870 9869
9871 9870
9872 9871
9873 9872
9874 9873
9875 9874
9876 9875
9877 9876
9878 9877
9879 9878
9880 9879
9881 9880
9882 9881
9883 9882
9884 9883
9885 9884
9886 9885
9887 9886
9888 9887
9889 9888
9890 9889
9891 9890
9892 9891
9893 9892
9894 9893
9895 9894
9896 9895
9897 9896
9898 9897
9899 9898
9900 9899
9901 9900
9902 9901
9903 9902
9904 9903
9905 9904
9906 9905
9907 9906
9908 9907
9909 9908
9910 9909
9911 9910
9912 9911
9913 9912
9914 9913
9915 9914
9916 9915
9917 9916
9918 9917
9919 9918
9920 9919
9921 9920
9922 9921
9923 9922
9924 9923
9925 9924
9926 9925
9927 9926
9928 9927
9929 9928
9930 9929
9931 9930
9932 9931
9933 9932
9934 9933
9935 9934
9936 9935
9937 9936
9938 9937
9939 9938
9940 9939
9941 9940
9942 9941
9943 9942
9944 9943
9945 9944
9946 9945
9947 9946
9948 9947
9949 9948
9950 9949
9951 9950
9952 9951
9953 9952
9954 9953
9955 9954
9956 9955
9957 9956
9958 9957
9959 9958
9960 9959
9961 9960
9962 9961
9963 9962
9964 9963
9965 9964
9966 9965
9967 9966
9968 9967
9969 9968
9970 9969
9971 9970
9972 9971
9973 9972
9974 9973
9975 9974
9976 9975
9977 9976
9978 9977
9979 9978
9980 9979
9981 9980
9982 9981
9983 9982
9984 9983
9985 9984
9986 9985
9987 9986
9988 9987
9989 9988
9990 9989
9991 9990
9992 9991
9993 9992
9994 9993
9995 9994
9996 9995
9997 9996
9998 9997
9999 9998
10000 9999
10000 7206
