1000 1099
2 1
3 2
4 1
5 4
5 1
6 3
7 3
8 3
9 6
10 6
11 10
12 11
13 12
14 13
15 14
16 15
17 16
18 17
18 6
19 2
20 19
21 20
22 21
22 2
23 1
24 23
25 24
26 25
27 26
28 27
29 28
30 29
31 30
31 1
32 16
33 16
34 32
35 27
36 27
37 35
38 37
39 35
40 39
41 11
42 41
43 42
44 43
45 44
46 45
47 46
48 47
48 11
49 13
50 13
51 50
52 49
53 36
54 53
55 54
56 55
56 36
57 26
58 57
58 26
59 49
60 49
61 49
62 49
63 61
64 60
65 63
66 16
67 66
68 67
69 68
70 69
71 70
72 71
73 72
73 16
74 39
75 74
75 39
76 63
77 76
78 77
78 63
79 28
80 79
81 80
82 81
83 29
84 83
85 84
86 85
87 86
88 87
89 88
89 29
90 15
91 90
92 91
93 92
94 93
95 94
96 95
97 96
98 97
98 15
99 34
100 34
101 34
102 34
103 45
104 45
105 45
106 45
107 106
108 107
109 108
110 107
111 108
112 5
113 112
114 113
115 114
116 112
117 8
118 8
119 117
120 119
121 117
122 118
123 81
124 123
125 124
126 125
127 126
128 127
128 81
129 76
130 129
131 76
132 130
133 129
134 129
135 134
136 132
137 133
138 122
139 138
140 139
141 140
141 122
142 122
143 142
144 143
145 144
146 145
146 122
147 29
148 147
148 29
149 59
150 149
151 150
151 59
152 19
153 19
154 153
155 153
156 152
157 154
158 154
159 156
160 156
161 138
162 138
163 138
164 163
165 162
166 165
167 163
168 166
169 103
170 169
171 170
172 171
173 172
174 173
175 174
175 103
176 105
177 105
178 177
179 178
180 176
181 155
182 181
183 182
184 183
184 155
185 34
186 185
187 34
188 186
189 186
190 188
191 186
192 2
193 192
193 2
194 14
195 14
196 194
197 196
198 196
199 198
200 194
201 97
202 201
203 202
204 203
204 97
205 77
206 205
206 77
207 155
208 155
209 155
210 208
211 209
212 209
213 208
214 213
215 208
216 180
217 180
218 217
219 180
220 66
221 220
222 221
223 222
224 223
225 224
226 225
227 226
228 227
228 66
229 118
230 229
231 230
232 231
233 232
234 233
235 234
236 235
237 236
237 118
238 121
239 238
240 238
241 239
242 238
243 239
244 239
245 217
246 245
247 246
248 247
249 248
249 217
250 29
251 250
252 251
253 252
254 253
255 254
256 255
257 256
257 29
258 28
259 28
260 259
261 259
262 28
263 138
264 263
265 264
266 265
266 138
267 103
268 267
269 268
270 269
271 103
272 49
273 272
274 49
275 1
276 275
277 1
278 276
279 261
280 279
280 261
281 131
282 281
283 281
284 282
285 131
286 117
287 117
288 286
289 117
290 117
291 287
292 220
293 292
294 292
295 293
296 294
297 295
298 294
299 295
300 80
301 300
302 301
303 302
304 303
305 304
306 305
307 306
308 307
308 80
309 94
310 309
310 94
311 33
312 311
313 312
313 33
314 75
315 314
316 315
317 316
318 317
319 318
320 319
321 320
322 321
322 75
323 4
324 323
325 323
326 95
327 95
328 5
329 5
330 329
331 5
332 330
333 5
334 330
335 307
336 335
337 336
338 337
339 338
340 339
341 340
341 307
342 195
343 195
344 343
345 344
346 344
347 344
348 342
349 195
350 345
351 75
352 351
353 352
353 75
354 151
355 354
356 355
356 151
357 19
358 357
359 19
360 19
361 359
362 357
363 19
364 19
365 360
366 365
367 366
368 367
368 360
369 35
370 369
371 369
372 370
373 40
374 373
375 374
376 202
377 376
378 377
379 378
380 379
381 380
382 381
383 382
383 202
384 121
385 121
386 121
387 121
388 304
389 304
390 186
391 390
392 44
393 44
394 393
395 394
396 378
397 396
398 397
399 398
400 399
400 378
401 62
402 62
403 402
404 402
405 402
406 154
407 406
408 407
409 406
410 406
411 142
412 411
413 412
414 413
415 412
416 413
417 395
418 417
419 418
420 419
421 420
421 395
422 389
423 422
424 423
425 424
426 425
427 426
428 427
429 428
429 389
430 418
431 430
432 431
433 388
434 433
435 434
436 435
436 388
437 36
438 437
439 438
440 36
441 437
442 36
443 439
444 442
445 145
446 445
447 446
448 445
449 116
450 116
451 116
452 449
453 14
454 14
455 453
456 455
457 14
458 14
459 454
460 453
461 458
462 28
463 462
464 463
465 464
465 28
466 451
467 466
468 467
469 468
470 469
470 451
471 343
472 471
473 472
474 473
475 474
476 475
477 476
477 343
478 249
479 478
480 479
480 249
481 409
482 481
483 482
484 483
485 484
485 409
486 121
487 486
488 486
489 487
490 183
491 183
492 167
493 167
494 167
495 456
496 456
497 421
498 497
499 498
499 421
500 486
501 500
502 486
503 502
504 501
505 175
506 505
507 506
508 505
509 505
510 508
511 505
512 507
513 147
514 147
515 513
516 514
517 516
518 517
519 502
520 519
521 520
522 521
522 502
523 4
524 523
525 524
526 525
527 526
528 527
529 528
529 4
530 288
531 530
532 531
533 532
533 288
534 72
535 534
536 535
537 536
538 537
539 538
540 539
541 540
541 72
542 461
543 542
544 543
544 461
545 422
546 545
547 546
548 547
549 547
550 545
551 547
552 422
553 349
554 553
555 554
556 555
557 556
557 349
558 490
559 558
560 490
561 256
562 256
563 256
564 562
565 564
566 565
567 564
568 561
569 561
570 561
571 570
572 569
573 60
574 573
575 574
576 575
577 576
578 577
578 60
579 117
580 579
581 580
582 581
583 582
584 583
585 584
585 117
586 540
587 586
588 540
589 540
590 589
591 136
592 591
593 592
594 593
595 594
596 595
597 596
598 597
598 136
599 103
600 599
601 600
601 103
602 217
603 217
604 217
605 602
606 217
607 605
608 38
609 608
610 609
611 610
612 611
612 38
613 141
614 613
615 614
616 615
617 616
617 141
618 601
619 601
620 618
621 601
622 621
623 601
624 619
625 619
626 622
627 214
628 627
629 628
630 629
631 630
632 631
633 632
634 633
634 214
635 551
636 551
637 551
638 1
639 1
640 1
641 1
642 640
643 641
644 159
645 159
646 159
647 586
648 647
649 648
650 649
651 650
652 651
653 652
653 586
654 263
655 654
656 655
657 656
658 657
659 658
660 659
660 263
661 467
662 661
663 662
664 663
665 664
666 665
667 666
668 667
668 467
669 344
670 669
671 670
672 671
673 672
674 673
674 344
675 541
676 541
677 541
678 676
679 16
680 679
681 680
682 681
683 682
684 472
685 684
686 685
687 686
687 472
688 394
689 688
690 689
691 690
692 691
693 692
693 394
694 592
695 694
696 695
697 696
698 697
699 698
700 699
701 700
701 592
702 67
703 702
704 67
705 704
706 703
707 706
708 223
709 223
710 708
711 710
712 709
713 223
714 710
715 350
716 715
717 716
718 717
719 718
720 719
720 350
721 476
722 476
723 721
724 723
725 313
726 725
727 726
728 727
729 728
730 729
730 313
731 45
732 731
732 45
733 404
734 733
735 734
736 735
737 736
737 404
738 132
739 132
740 537
741 740
742 741
743 742
743 537
744 10
745 10
746 584
747 746
748 747
749 748
749 584
750 532
751 532
752 532
753 750
754 750
755 753
756 755
757 755
758 750
759 270
760 270
761 760
762 760
763 343
764 343
765 343
766 764
767 343
768 767
769 763
770 763
771 770
772 164
773 772
774 772
775 772
776 774
777 776
778 775
779 776
780 774
781 165
782 781
783 165
784 165
785 759
786 785
787 786
788 787
789 788
790 789
791 790
792 791
792 759
793 168
794 793
795 794
795 168
796 114
797 114
798 797
799 798
800 799
801 798
802 607
803 802
804 803
805 804
805 607
806 585
807 585
808 807
809 447
810 809
811 810
811 447
812 310
813 812
813 310
814 760
815 814
815 760
816 795
817 816
818 817
819 818
820 819
820 795
821 534
822 821
823 822
823 534
824 488
825 824
826 825
827 826
828 827
829 828
830 829
830 488
831 232
832 831
833 832
834 833
835 834
836 835
836 232
837 812
838 837
839 40
840 40
841 839
842 40
843 840
844 840
845 841
846 481
847 481
848 773
849 848
850 849
850 773
851 361
852 851
853 852
853 361
854 817
855 854
856 855
856 817
857 786
858 857
859 858
860 859
861 860
862 861
863 862
863 786
864 847
865 864
866 865
867 866
868 867
869 868
870 869
871 870
871 847
872 666
873 872
874 873
874 666
875 345
876 875
877 345
878 876
879 878
880 875
881 876
882 876
883 539
884 539
885 883
886 122
887 886
888 887
889 888
890 889
891 890
892 891
893 892
893 122
894 728
895 894
895 728
896 299
897 896
898 896
899 299
900 134
901 134
902 901
903 902
904 903
905 900
906 134
907 906
908 843
909 908
910 909
910 843
911 600
912 911
913 912
914 913
915 914
916 915
916 600
917 669
918 917
919 917
920 917
921 917
922 669
923 833
924 833
925 923
926 923
927 622
928 622
929 928
930 628
931 930
932 931
933 932
934 933
935 934
935 628
936 103
937 936
938 937
939 938
940 939
941 940
941 103
942 263
943 942
943 263
944 937
945 944
946 945
947 946
948 947
949 948
950 949
951 950
951 937
952 411
953 952
954 953
955 954
956 955
956 411
957 727
958 957
959 957
960 882
961 960
962 882
963 960
964 882
965 962
966 965
967 811
968 967
969 968
970 968
971 469
972 971
973 972
974 973
975 974
975 469
976 639
977 976
978 639
979 850
980 979
981 980
982 981
983 982
984 983
984 850
985 612
986 985
987 612
988 987
989 612
990 987
991 988
992 989
993 727
994 727
995 727
996 727
997 995
998 996
999 994
1000 996
