1000 1009
2 1
3 2
4 3
5 4
6 5
7 6
8 7
9 8
10 9
11 10
12 11
13 12
14 13
15 14
16 15
17 16
18 17
19 18
19 1
20 9
21 9
22 21
23 21
24 22
25 22
26 8
27 26
28 26
29 26
30 19
31 19
32 31
33 31
34 33
35 19
36 19
37 31
38 30
39 19
40 30
41 19
42 41
43 39
44 31
45 43
46 37
47 40
48 39
49 32
50 34
51 33
52 30
53 35
54 39
55 54
56 36
57 56
58 32
59 34
60 48
61 36
62 44
63 39
64 56
65 48
66 33
67 35
68 32
69 49
70 46
71 67
72 38
73 63
74 35
75 61
76 42
77 33
78 57
79 71
80 38
81 79
82 63
83 68
84 30
85 49
86 66
87 33
88 74
89 33
90 33
91 89
92 41
93 19
94 88
95 41
96 58
97 34
98 89
99 49
100 52
101 100
102 101
103 102
104 103
105 104
106 105
107 106
108 107
109 108
110 109
111 110
112 111
113 112
114 113
115 114
116 115
117 116
118 117
119 118
120 119
121 120
122 121
123 122
124 123
125 124
126 125
127 126
128 127
129 128
130 129
131 130
132 131
132 52
133 110
134 133
135 134
136 135
137 136
138 137
139 138
140 139
141 140
142 141
143 142
144 143
145 144
146 145
147 146
148 147
149 148
150 149
150 110
151 150
152 151
153 152
154 153
155 154
156 155
157 156
158 157
159 158
160 159
161 160
162 161
163 162
164 163
165 164
166 165
167 166
168 167
169 168
170 169
171 170
172 171
173 172
174 173
175 174
176 175
177 176
178 177
179 178
179 150
180 81
181 180
182 181
183 181
184 81
185 181
186 183
187 185
188 184
189 81
190 182
191 190
192 189
193 184
194 187
195 182
196 195
197 189
198 185
199 181
200 186
201 187
202 182
203 180
204 182
205 185
206 81
207 185
208 190
209 189
210 187
211 209
212 203
213 201
214 185
215 206
216 193
217 186
218 185
219 217
220 195
221 213
222 195
223 221
224 182
225 209
226 181
227 218
228 193
229 198
230 225
231 223
232 228
233 210
234 205
235 208
236 226
237 236
238 237
239 238
240 239
241 240
242 241
243 242
244 243
245 244
246 245
247 246
248 247
249 248
250 249
251 250
252 251
253 252
254 253
255 254
256 255
257 256
258 257
259 258
260 259
261 260
262 261
263 262
264 263
265 264
266 265
267 266
268 267
269 268
270 269
271 270
272 271
273 272
274 273
275 274
276 275
277 276
278 277
279 278
280 279
281 280
282 281
283 282
284 283
285 284
286 285
287 286
288 287
289 288
290 289
291 290
292 291
293 292
294 293
295 294
296 295
296 226
297 201
298 201
299 201
300 201
301 300
302 300
303 300
304 303
305 301
306 299
307 302
308 306
309 300
310 299
311 201
312 299
313 301
314 304
315 307
316 201
317 304
318 314
319 306
320 297
321 312
322 321
323 311
324 305
325 323
326 325
327 314
328 310
329 304
330 317
331 299
332 320
333 311
334 314
335 329
336 318
337 324
338 309
339 314
340 330
341 321
342 297
343 299
344 304
345 312
346 320
347 323
348 310
349 302
350 322
351 307
352 343
353 322
354 339
355 354
356 203
357 356
358 357
359 358
360 359
361 360
362 361
363 362
364 363
365 364
366 365
367 366
368 367
369 368
370 369
371 370
372 371
373 372
374 373
375 374
376 375
377 376
378 377
379 378
380 379
381 380
382 381
383 382
384 383
385 384
386 385
387 386
388 387
389 388
390 389
391 390
392 391
393 392
394 393
395 394
396 395
397 396
398 397
399 398
400 399
401 400
402 401
403 402
404 403
405 404
406 405
407 406
408 407
409 408
410 409
411 410
412 411
413 412
414 413
415 414
416 415
417 416
418 417
419 418
420 419
421 420
422 421
423 422
424 423
425 424
426 425
427 426
428 427
429 428
430 429
431 430
432 431
433 432
434 433
435 434
435 203
436 401
437 436
438 437
439 438
440 439
441 440
442 441
443 442
444 443
445 444
446 445
447 446
448 447
449 448
450 449
451 450
452 451
453 452
454 453
455 454
456 455
457 456
458 457
459 458
460 459
461 460
462 461
463 462
464 463
465 464
466 465
467 466
468 467
469 468
470 469
471 470
472 471
473 472
474 473
475 474
476 475
477 476
478 477
479 478
480 479
481 480
482 481
483 482
484 483
485 484
486 485
487 486
488 487
489 488
490 489
491 490
492 491
493 492
494 493
495 494
496 495
497 496
498 497
499 498
500 499
501 500
502 501
503 502
504 503
505 504
506 505
507 506
508 507
509 508
510 509
511 510
512 511
513 512
514 513
515 514
516 515
517 516
518 517
519 518
520 519
521 520
522 521
523 522
524 523
525 524
526 525
527 526
528 527
529 528
529 401
530 323
531 530
532 530
533 531
534 532
535 530
536 532
537 532
538 536
539 534
540 538
541 534
542 532
543 533
544 542
545 533
546 543
547 532
548 546
549 536
550 536
551 541
552 542
553 547
554 543
555 535
556 550
557 323
558 557
559 533
560 530
561 546
562 535
563 562
564 561
565 538
566 542
567 555
568 563
569 552
570 558
571 535
572 539
573 540
574 567
575 533
576 540
577 570
578 549
579 569
580 578
581 556
582 564
583 554
584 530
585 548
586 580
587 557
588 550
589 576
590 573
591 589
592 534
593 532
594 576
595 553
596 593
597 543
598 538
599 532
600 536
601 574
602 531
603 586
604 572
605 555
606 603
607 535
608 581
609 584
610 607
611 599
612 545
613 606
614 567
615 588
616 567
617 598
618 534
619 596
620 570
621 583
622 601
623 547
624 238
625 238
626 625
627 626
628 627
629 627
630 624
631 624
632 631
633 632
634 628
635 632
636 632
637 625
638 628
639 630
640 632
641 629
642 628
643 626
644 638
645 632
646 637
647 636
648 628
649 628
650 645
651 639
652 645
653 650
654 639
655 650
656 646
657 651
658 654
659 626
660 653
661 628
662 624
663 659
664 658
665 625
666 654
667 634
668 667
669 639
670 624
671 668
672 244
673 244
674 244
675 244
676 673
677 676
678 244
679 676
680 676
681 679
682 675
683 681
684 677
685 678
686 680
687 685
688 687
689 244
690 676
691 683
692 684
693 676
694 689
695 692
696 672
697 693
698 676
699 678
700 698
701 680
702 679
703 679
704 701
705 687
706 695
707 676
708 679
709 672
710 706
711 690
712 702
713 688
714 691
715 692
716 709
717 701
718 713
719 675
720 685
721 697
722 719
723 713
724 698
725 717
726 712
727 726
728 699
729 703
730 681
731 687
732 683
733 727
734 265
735 265
736 735
737 265
738 265
739 734
740 735
741 738
742 739
743 741
744 734
745 743
746 735
747 735
748 746
749 747
750 746
751 739
752 738
753 747
754 734
755 741
756 746
757 755
758 739
759 757
760 752
761 737
762 749
763 756
764 745
765 744
766 737
767 479
768 767
769 479
770 769
771 770
772 767
773 768
774 767
775 774
776 770
777 770
778 479
779 776
780 753
781 753
782 781
783 782
784 783
785 780
786 784
787 785
788 784
789 782
790 784
791 786
792 785
793 789
794 789
795 793
796 780
797 753
798 791
799 793
800 784
801 787
802 792
803 783
804 795
805 802
806 797
807 803
808 799
809 793
810 794
811 783
812 788
813 781
814 813
815 795
816 780
817 753
818 791
819 815
820 791
821 811
822 814
823 788
824 792
825 794
826 780
827 820
828 782
829 791
830 798
831 824
832 787
833 828
834 785
835 809
836 813
837 817
838 785
839 833
840 805
841 835
842 825
843 797
844 786
845 844
846 841
847 794
848 807
849 809
850 796
851 821
852 802
853 832
854 787
855 821
856 823
857 801
858 815
859 837
860 841
861 787
862 794
863 792
864 807
865 792
866 534
867 866
868 867
869 868
870 869
871 870
872 871
873 872
874 873
875 874
876 875
877 876
878 877
879 878
880 879
881 880
882 881
883 882
884 883
885 884
885 534
886 154
887 886
888 887
889 888
890 888
891 154
892 886
893 154
894 886
895 154
896 886
897 895
898 886
899 887
900 896
901 892
902 889
903 901
904 892
905 900
906 154
907 891
908 905
909 904
910 897
911 910
912 909
913 912
914 906
915 154
916 915
917 886
918 895
919 902
920 909
921 888
922 911
923 907
924 907
925 905
926 909
927 926
928 899
929 889
930 905
931 891
932 922
933 905
934 929
935 912
936 906
937 932
938 908
939 893
940 917
941 888
942 923
943 916
944 911
945 934
946 923
947 941
948 915
949 926
950 911
951 889
952 899
953 947
954 940
955 952
956 953
957 917
958 905
959 904
960 951
961 894
962 961
963 891
964 928
965 924
966 964
967 931
968 953
969 903
970 910
971 898
972 967
973 944
974 892
975 896
976 913
977 194
978 977
979 978
980 979
980 194
981 21
982 981
983 982
984 983
985 984
986 985
987 986
988 987
989 988
990 989
991 990
992 991
993 992
994 993
995 994
996 995
997 996
998 997
999 998
1000 999
1000 21
