1000 1099
2 1
3 2
3 1
4 2
5 4
6 5
7 6
7 2
8 1
9 8
10 1
11 8
12 9
13 9
14 9
15 9
16 4
17 16
18 17
19 4
20 4
21 10
22 21
23 22
24 23
25 24
26 25
26 10
27 18
28 27
29 28
30 18
31 30
32 27
33 31
34 10
35 34
36 35
37 36
38 37
39 38
39 10
40 27
41 40
42 41
43 42
44 43
44 27
45 32
46 45
47 46
48 47
49 48
50 49
51 50
52 51
53 52
53 32
54 10
55 10
56 7
57 7
58 7
59 57
60 7
61 58
62 58
63 61
64 28
65 64
66 65
67 66
67 28
68 13
69 68
70 69
71 70
72 71
73 72
74 73
75 74
75 13
76 28
77 76
78 77
79 78
79 28
80 15
81 15
82 15
83 15
84 15
85 82
86 84
87 86
88 84
89 67
90 89
91 90
91 67
92 12
93 92
94 93
95 94
95 12
96 64
97 96
98 97
99 98
100 99
101 100
101 64
102 42
103 102
104 103
105 104
106 105
107 106
108 107
109 108
110 109
110 42
111 10
112 10
113 10
114 111
115 81
116 115
117 116
118 117
119 118
120 119
121 120
121 81
122 6
123 122
124 123
125 124
126 125
127 126
127 6
128 42
129 128
130 128
131 42
132 128
133 131
134 133
135 131
136 135
137 96
138 137
139 138
140 139
141 140
142 141
143 142
143 96
144 65
145 144
146 145
147 146
148 147
148 65
149 52
150 149
151 149
152 150
153 31
154 153
155 31
156 155
157 155
158 153
159 31
160 39
161 39
162 160
163 160
164 160
165 162
166 90
167 166
168 90
169 90
170 168
171 169
172 10
173 172
174 173
175 174
176 175
176 10
177 93
178 177
179 178
180 179
181 180
182 181
182 93
183 45
184 183
185 184
186 184
187 45
188 185
189 183
190 184
191 51
192 191
193 192
194 193
195 194
196 195
196 51
197 92
198 197
199 198
200 199
201 158
202 201
203 202
203 158
204 155
205 155
206 204
207 155
208 155
209 206
210 205
211 155
212 155
213 75
214 213
215 214
216 215
217 216
218 217
218 75
219 179
220 219
221 220
222 221
222 179
223 14
224 223
225 14
226 223
227 223
228 224
229 14
230 228
231 225
232 159
233 232
234 232
235 232
236 159
237 232
238 236
239 232
240 235
241 192
242 241
243 242
244 243
245 244
246 245
247 246
248 247
248 192
249 136
250 249
251 250
252 251
253 252
254 253
255 254
255 136
256 237
257 237
258 257
259 257
260 237
261 256
262 228
263 228
264 262
265 263
266 262
267 264
268 263
269 263
270 265
271 137
272 271
273 272
274 273
275 274
276 275
276 137
277 111
278 277
279 141
280 279
281 280
282 281
282 141
283 205
284 205
285 283
286 283
287 284
288 287
289 286
290 288
291 283
292 41
293 292
294 293
294 41
295 283
296 283
297 296
298 297
299 296
300 298
301 55
302 55
303 301
304 302
305 301
306 55
307 306
308 55
309 55
310 216
311 310
312 310
313 311
314 311
315 296
316 315
317 296
318 315
319 318
320 315
321 315
322 320
323 123
324 323
325 324
326 325
327 326
328 327
329 328
330 329
331 330
331 123
332 220
333 220
334 332
335 333
336 220
337 336
338 332
339 188
340 188
341 340
342 202
343 342
344 343
345 344
346 345
347 346
348 347
349 348
350 349
350 202
351 316
352 316
353 351
354 34
355 34
356 34
357 355
358 357
359 151
360 359
361 360
362 361
363 362
364 363
364 151
365 161
366 365
367 366
368 367
369 368
370 369
370 161
371 325
372 325
373 88
374 373
375 374
375 88
376 208
377 376
378 377
379 378
380 379
381 380
381 208
382 279
383 279
384 382
385 293
386 385
387 386
388 387
389 388
390 389
390 293
391 385
392 391
393 313
394 313
395 313
396 313
397 396
398 394
399 172
400 399
401 400
402 401
403 402
404 403
405 404
405 172
406 363
407 406
408 407
409 408
410 409
410 363
411 159
412 159
413 338
414 413
415 414
416 415
417 416
417 338
418 32
419 418
420 32
421 419
422 420
423 418
424 419
425 424
426 423
427 393
428 393
429 428
430 427
431 429
432 427
433 393
434 433
435 148
436 148
437 436
438 378
439 438
440 439
441 440
442 441
443 442
443 378
444 308
445 444
446 445
447 446
448 447
449 448
449 308
450 108
451 108
452 108
453 451
454 199
455 454
456 455
457 456
458 457
458 199
459 445
460 459
461 460
462 461
463 462
464 463
465 464
465 445
466 129
467 466
468 466
469 467
470 117
471 470
472 471
472 117
473 389
474 473
475 474
476 475
477 476
478 477
479 478
479 389
480 202
481 480
482 481
483 482
484 482
485 202
486 407
487 486
488 487
488 407
489 65
490 489
491 490
492 491
493 492
494 493
495 494
496 495
496 65
497 111
498 497
499 497
500 147
501 500
502 501
503 502
504 503
505 504
506 505
506 147
507 441
508 507
509 508
510 509
511 510
512 511
513 512
513 441
514 135
515 514
516 515
517 516
518 517
519 518
519 135
520 267
521 520
522 521
523 522
524 523
525 524
526 525
527 526
527 267
528 430
529 528
530 529
531 530
532 531
533 532
534 533
534 430
535 47
536 535
537 536
538 537
539 538
540 539
541 540
541 47
542 159
543 542
543 159
544 50
545 50
546 50
547 546
548 545
549 546
550 547
551 2
552 2
553 551
554 551
555 2
556 555
557 556
558 555
559 555
560 559
561 555
562 561
563 556
564 555
565 137
566 137
567 566
568 137
569 442
570 569
571 570
572 571
573 571
574 572
575 571
576 153
577 576
578 577
578 153
579 532
580 579
581 580
582 581
582 532
583 532
584 583
585 584
585 532
586 500
587 500
588 26
589 588
590 589
591 590
592 591
593 592
594 593
595 594
596 595
596 26
597 378
598 597
599 598
600 599
600 378
601 152
602 601
603 601
604 601
605 602
606 604
607 555
608 607
609 608
610 609
611 610
611 555
612 474
613 612
614 613
614 474
615 94
616 615
617 616
618 617
619 618
620 619
621 620
622 621
623 622
623 94
624 50
625 624
626 625
626 50
627 64
628 64
629 628
630 629
631 413
632 631
633 632
634 633
635 634
636 635
636 413
637 501
638 501
639 638
640 637
641 501
642 639
643 642
644 639
645 316
646 645
647 646
647 316
648 237
649 648
650 649
650 237
651 21
652 651
653 652
654 653
655 654
656 655
657 656
657 21
658 9
659 9
660 659
661 659
662 661
663 660
664 658
665 662
666 658
667 380
668 380
669 667
670 668
671 57
672 57
673 57
674 671
675 673
676 671
677 437
678 677
679 678
680 679
680 437
681 395
682 681
683 682
684 682
685 681
686 684
687 685
688 557
689 688
690 689
691 557
692 688
693 690
694 502
695 694
695 502
696 395
697 395
698 697
699 395
700 697
701 698
702 697
703 698
704 72
705 704
706 705
706 72
707 546
708 707
709 708
710 709
711 710
712 711
713 712
713 546
714 130
715 714
716 486
717 716
718 717
718 486
719 681
720 719
720 681
721 523
722 721
723 722
724 723
725 724
726 725
727 726
727 523
728 53
729 728
730 729
730 53
731 289
732 289
733 732
734 732
735 732
736 732
737 732
738 737
739 129
740 739
740 129
741 560
742 560
743 742
744 742
745 696
746 745
747 746
748 696
749 747
750 746
751 749
752 751
753 94
754 753
755 754
756 755
757 756
758 757
758 94
759 599
760 759
761 760
762 761
763 762
764 763
765 764
766 765
767 766
767 599
768 272
769 272
770 769
771 769
772 768
773 769
774 773
775 771
776 439
777 776
778 777
779 778
780 779
781 780
781 439
782 350
783 782
784 350
785 784
786 350
787 350
788 786
789 782
790 325
791 790
792 791
793 792
794 793
795 794
795 325
796 190
797 190
798 190
799 798
800 798
801 190
802 49
803 49
804 803
805 803
806 804
807 802
808 803
809 803
810 49
811 283
812 811
813 812
814 813
815 814
815 283
816 340
817 816
818 817
819 818
820 819
821 820
821 340
822 376
823 822
824 823
825 824
826 825
827 826
828 827
829 828
829 376
830 406
831 830
832 406
833 830
834 833
835 406
836 366
837 836
838 837
839 838
840 839
841 840
842 841
843 842
843 366
844 652
845 844
846 845
847 846
848 847
849 848
850 849
851 850
851 652
852 219
853 219
854 219
855 854
856 221
857 856
858 857
859 858
860 859
861 860
862 861
862 221
863 175
864 863
865 864
866 865
867 866
868 867
869 868
870 869
870 175
871 297
872 871
873 871
874 872
875 874
876 297
877 297
878 877
879 873
880 759
881 880
882 338
883 882
883 338
884 327
885 884
885 327
886 544
887 886
887 544
888 4
889 888
890 889
891 890
892 891
893 892
894 893
895 894
895 4
896 614
897 614
898 737
899 737
900 141
901 900
902 901
903 902
904 903
904 141
905 338
906 905
907 905
908 905
909 906
910 908
911 546
912 911
913 912
914 913
914 546
915 361
916 361
917 361
918 361
919 917
920 919
921 438
922 438
923 922
924 583
925 924
926 680
927 926
928 927
929 928
929 680
930 478
931 930
932 931
932 478
933 530
934 530
935 530
936 934
937 935
938 530
939 933
940 933
941 874
942 941
943 942
944 943
945 944
946 945
946 874
947 464
948 947
949 948
950 949
951 950
952 951
952 464
953 114
954 953
955 954
956 955
957 956
957 114
958 121
959 958
960 959
961 960
962 961
962 121
963 764
964 963
965 964
966 965
967 966
967 764
968 863
969 863
970 968
971 969
972 971
973 336
974 973
975 974
976 975
976 336
977 47
978 47
979 977
980 47
981 980
982 978
983 270
984 270
985 983
986 983
987 986
988 987
989 983
990 988
991 984
992 778
993 778
994 778
995 992
996 995
997 996
998 996
999 996
1000 995
