1000 1000
2 1
3 2
4 3
5 4
6 5
7 6
8 7
9 8
10 9
11 10
12 11
13 12
14 13
15 14
16 15
17 16
18 17
19 18
20 19
21 20
22 21
23 22
24 23
25 24
26 25
27 26
28 27
29 28
30 29
31 30
32 31
33 32
34 33
35 34
36 35
37 36
38 37
39 38
40 39
41 40
42 41
43 42
44 43
45 44
46 45
47 46
48 47
49 48
50 49
51 50
52 51
53 52
54 53
55 54
56 55
57 56
58 57
59 58
60 59
61 60
62 61
63 62
64 63
65 64
66 65
67 66
68 67
69 68
70 69
71 70
72 71
73 72
74 73
75 74
76 75
77 76
78 77
79 78
80 79
81 80
82 81
83 82
84 83
85 84
86 85
87 86
88 87
89 88
90 89
91 90
92 91
93 92
94 93
95 94
96 95
97 96
98 97
99 98
100 99
101 100
102 101
103 102
104 103
105 104
106 105
107 106
108 107
109 108
110 109
111 110
112 111
113 112
114 113
115 114
116 115
117 116
118 117
119 118
120 119
121 120
122 121
123 122
124 123
125 124
126 125
127 126
128 127
129 128
130 129
131 130
132 131
133 132
134 133
135 134
136 135
137 136
138 137
139 138
140 139
141 140
142 141
143 142
144 143
145 144
146 145
147 146
148 147
149 148
150 149
151 150
152 151
153 152
154 153
155 154
156 155
157 156
158 157
159 158
160 159
161 160
162 161
163 162
164 163
165 164
166 165
167 166
168 167
169 168
170 169
171 170
172 171
173 172
174 173
175 174
176 175
177 176
178 177
179 178
180 179
181 180
182 181
183 182
184 183
185 184
186 185
187 186
188 187
189 188
190 189
191 190
192 191
193 192
194 193
195 194
196 195
197 196
198 197
199 198
200 199
201 200
202 201
203 202
204 203
205 204
206 205
207 206
208 207
209 208
210 209
211 210
212 211
213 212
214 213
215 214
216 215
217 216
218 217
219 218
220 219
221 220
222 221
223 222
224 223
225 224
226 225
227 226
228 227
229 228
230 229
231 230
232 231
233 232
234 233
235 234
236 235
237 236
238 237
239 238
240 239
241 240
242 241
243 242
244 243
245 244
246 245
247 246
248 247
249 248
250 249
251 250
252 251
253 252
254 253
255 254
256 255
257 256
258 257
259 258
260 259
261 260
262 261
263 262
264 263
265 264
266 265
267 266
268 267
269 268
270 269
271 270
272 271
273 272
274 273
275 274
276 275
277 276
278 277
279 278
280 279
281 280
282 281
283 282
284 283
285 284
286 285
287 286
288 287
289 288
290 289
291 290
292 291
293 292
294 293
295 294
296 295
297 296
298 297
299 298
300 299
301 300
302 301
303 302
304 303
305 304
306 305
307 306
308 307
309 308
310 309
311 310
312 311
313 312
314 313
315 314
315 1
316 229
317 229
318 317
319 229
320 318
321 316
322 316
323 322
324 316
325 323
326 324
327 318
328 316
329 328
330 320
331 328
332 324
333 316
334 327
335 317
336 332
337 323
338 320
339 328
340 323
341 323
342 326
343 330
344 320
345 335
346 325
347 344
348 343
349 347
350 347
351 340
352 342
353 343
354 344
355 341
356 352
357 355
358 341
359 355
360 358
361 317
362 345
363 316
364 325
365 346
366 352
367 353
368 349
369 352
370 318
371 345
372 337
373 369
374 360
375 357
376 316
377 371
378 337
379 346
380 325
381 352
382 356
383 339
384 342
385 374
386 347
387 373
388 337
389 344
390 384
391 337
392 327
393 351
394 345
395 317
396 355
397 320
398 328
399 322
400 391
401 329
402 333
403 367
404 362
405 339
406 352
407 394
408 364
409 371
410 331
411 330
412 397
413 336
414 396
415 323
416 387
417 403
418 388
419 402
420 398
421 377
422 367
423 332
424 406
425 372
426 380
427 379
428 388
429 318
430 370
431 409
432 371
433 396
434 358
435 331
436 425
437 334
438 390
439 335
440 429
441 435
442 396
443 327
444 324
445 389
446 385
447 376
448 425
449 377
450 345
451 332
452 406
453 380
454 416
455 424
456 416
457 416
458 443
459 407
460 344
461 387
462 392
463 457
464 345
465 387
466 411
467 404
468 447
469 361
470 357
471 422
472 365
473 432
474 422
475 433
476 375
477 466
478 373
479 323
480 435
481 347
482 339
483 356
484 431
485 401
486 386
487 434
488 420
489 390
490 416
491 479
492 419
493 398
494 407
495 366
496 337
497 425
498 407
499 434
500 380
501 396
502 320
503 395
504 446
505 366
506 340
507 489
508 330
509 472
510 436
511 390
512 369
513 321
514 442
515 464
516 371
517 494
518 366
519 473
520 467
521 407
522 465
523 422
524 449
525 338
526 518
527 352
528 336
529 426
530 482
531 390
532 408
533 503
534 387
535 456
536 521
537 418
538 416
539 462
540 391
541 517
542 357
543 339
544 511
545 411
546 455
547 370
548 468
549 541
550 424
551 329
552 460
553 489
554 510
555 441
556 515
557 490
558 504
559 331
560 494
561 470
562 556
563 414
564 323
565 551
566 477
567 515
568 477
569 401
570 484
571 448
572 427
573 486
574 326
575 437
576 518
577 532
578 398
579 490
580 399
581 442
582 473
583 559
584 342
585 414
586 460
587 522
588 405
589 465
590 453
591 548
592 417
593 470
594 449
595 460
596 530
597 501
598 375
599 323
600 528
601 423
602 430
603 575
604 580
605 469
606 550
607 441
608 586
609 457
610 405
611 542
612 568
613 458
614 445
615 401
616 485
617 417
618 448
619 599
620 573
621 454
622 417
623 442
624 611
625 493
626 478
627 463
628 350
629 341
630 509
631 465
632 512
633 386
634 322
635 459
636 350
637 514
638 414
639 561
640 462
641 540
642 504
643 328
644 547
645 443
646 381
647 509
648 590
649 587
650 501
651 643
652 320
653 383
654 492
655 458
656 365
657 375
658 599
659 584
660 568
661 623
662 554
663 575
664 559
665 336
666 351
667 549
668 615
669 602
670 610
671 229
672 449
673 453
674 408
675 367
676 655
677 676
678 363
679 602
680 561
681 416
682 504
683 523
684 616
685 342
686 668
687 370
688 541
689 359
690 406
691 430
692 430
693 666
694 447
695 339
696 482
697 692
698 693
699 524
700 490
701 328
702 339
703 358
704 694
705 653
706 508
707 491
708 623
709 593
710 588
711 381
712 614
713 457
714 417
715 416
716 577
717 464
718 380
719 700
720 579
721 510
722 316
723 344
724 531
725 601
726 352
727 512
728 690
729 707
730 716
731 640
732 700
733 339
734 448
735 583
736 645
737 604
738 478
739 357
740 407
741 518
742 538
743 589
744 684
745 438
746 450
747 483
748 334
749 431
750 629
751 663
752 558
753 342
754 732
755 401
756 331
757 532
758 442
759 638
760 516
761 537
762 487
763 642
764 391
765 424
766 727
767 588
768 319
769 767
770 482
771 628
772 405
773 455
774 407
775 750
776 484
777 453
778 512
779 483
780 414
781 584
782 480
783 583
784 740
785 379
786 549
787 598
788 712
789 505
790 442
791 406
792 398
793 561
794 545
795 432
796 617
797 770
798 317
799 499
800 373
801 723
802 700
803 792
804 767
805 384
806 680
807 640
808 607
809 713
810 628
811 517
812 811
813 811
814 812
815 517
816 517
817 813
818 816
819 812
820 816
821 818
822 517
823 818
824 811
825 811
826 811
827 812
828 811
829 816
830 822
831 816
832 811
833 830
834 824
835 832
836 830
837 822
838 826
839 818
840 828
841 823
842 826
843 838
844 836
845 838
846 826
847 840
848 834
849 814
850 840
851 812
852 822
853 833
854 852
855 823
856 835
857 842
858 821
859 819
860 821
861 856
862 832
863 858
864 837
865 827
866 863
867 813
868 856
869 828
870 835
871 846
872 836
873 868
874 866
875 864
876 850
877 873
878 866
879 871
880 863
881 846
882 869
883 868
884 852
885 871
886 883
887 831
888 824
889 826
890 827
891 875
892 870
893 823
894 842
895 837
896 849
897 875
898 826
899 821
900 857
901 852
902 833
903 816
904 878
905 844
906 887
907 826
908 836
909 850
910 896
911 823
912 845
913 857
914 911
915 879
916 824
917 825
918 884
919 824
920 833
921 877
922 863
923 910
924 826
925 908
926 894
927 825
928 852
929 828
930 883
931 929
932 854
933 924
934 816
935 863
936 879
937 928
938 826
939 823
940 880
941 820
942 850
943 898
944 939
945 857
946 887
947 939
948 839
949 938
950 846
951 864
952 834
953 915
954 928
955 885
956 901
957 950
958 903
959 813
960 840
961 876
962 826
963 961
964 901
965 951
966 852
967 874
968 838
969 847
970 873
971 883
972 835
973 934
974 838
975 818
976 951
977 821
978 812
979 871
980 968
981 826
982 813
983 845
984 893
985 953
986 830
987 984
988 930
989 856
990 894
991 883
992 923
993 892
994 925
995 851
996 980
997 823
998 866
999 923
1000 919
