1000 1000
2 1
3 1
4 1
5 1
6 5
7 2
8 5
9 6
10 7
11 1
12 11
13 11
14 12
15 8
16 5
17 8
18 6
19 17
20 2
21 13
22 7
23 9
24 20
25 2
26 12
27 19
28 22
29 13
30 24
31 23
32 28
33 8
34 32
35 30
36 27
37 36
38 35
39 26
40 14
41 23
42 27
43 8
44 18
45 11
46 38
47 11
48 10
49 29
50 19
51 22
52 38
53 51
54 22
55 22
56 42
57 54
58 29
59 47
60 46
61 60
62 43
63 14
64 30
65 63
66 35
67 44
68 58
69 40
70 66
71 50
72 59
73 70
74 62
75 58
76 16
77 60
78 5
79 11
80 64
81 39
82 30
83 61
84 31
85 17
86 67
87 32
88 23
89 71
90 48
91 90
92 26
93 64
94 54
95 20
96 25
97 43
98 94
99 51
100 76
101 98
102 69
103 89
104 12
105 33
106 100
107 30
108 2
109 103
110 71
111 110
112 97
113 5
114 105
115 23
116 94
117 13
118 79
119 102
120 23
121 85
122 91
123 66
124 118
125 122
126 113
127 124
128 26
129 109
130 72
131 127
132 74
133 124
134 118
135 59
136 132
137 98
138 6
139 131
140 10
141 139
142 105
143 105
144 127
145 10
146 49
147 58
148 124
149 119
150 38
151 74
152 50
153 40
154 121
155 134
156 6
157 24
158 67
159 49
160 115
161 68
162 158
163 149
164 120
165 108
166 27
167 112
168 70
169 80
170 73
171 137
172 64
173 156
174 83
175 34
176 40
177 115
178 72
179 32
180 30
181 29
182 63
183 164
184 161
185 97
186 93
187 114
188 136
189 44
190 125
191 56
192 63
193 48
194 162
195 92
196 166
197 186
198 157
199 195
200 104
201 163
202 78
203 60
204 79
205 87
206 3
207 75
208 129
209 162
210 193
211 38
212 180
213 89
214 37
215 128
216 1
217 55
218 202
219 130
220 152
221 9
222 103
223 35
224 57
225 17
226 50
227 68
228 175
229 128
230 82
231 75
232 83
233 204
234 45
235 73
236 135
237 235
238 199
239 17
240 171
241 213
242 80
243 211
244 94
245 110
246 227
247 218
248 118
249 98
250 30
251 85
252 111
253 251
254 118
255 126
256 114
257 71
258 99
259 150
260 47
261 16
262 57
263 120
264 16
265 114
266 193
267 60
268 88
269 240
270 106
271 119
272 172
273 79
274 65
275 59
276 68
277 80
278 277
279 22
280 71
281 171
282 218
283 130
284 11
285 239
286 185
287 240
288 185
289 275
290 20
291 210
292 28
293 209
294 114
295 68
296 174
297 101
298 272
299 267
300 290
301 130
302 275
303 3
304 123
305 61
306 269
307 146
308 42
309 120
310 191
311 197
312 201
313 184
314 9
315 217
316 217
317 164
318 124
319 139
320 124
321 244
322 284
323 42
324 79
325 199
326 304
327 288
328 243
329 293
330 87
331 148
332 269
333 221
334 185
335 213
336 127
337 1
338 330
339 199
340 325
341 161
342 13
343 53
344 289
345 275
346 69
347 224
348 81
349 18
350 288
351 272
352 348
353 330
354 10
355 145
356 21
357 242
358 150
359 59
360 78
361 171
362 343
363 107
364 2
365 358
366 189
367 207
368 190
369 217
370 85
371 295
372 298
373 343
374 160
375 359
376 184
377 108
378 89
379 290
380 105
381 161
382 72
383 88
384 152
385 118
386 225
387 26
388 114
389 107
390 222
391 181
392 168
393 30
394 342
395 206
396 294
397 320
398 215
399 209
400 354
401 280
402 147
403 80
404 328
405 310
406 289
407 367
408 26
409 193
410 26
411 228
412 323
413 390
414 329
415 175
416 240
417 151
418 338
419 98
420 177
421 65
422 401
423 148
424 33
425 70
426 223
427 288
428 101
429 231
430 260
431 147
432 23
433 123
434 261
435 414
436 243
437 195
438 6
439 21
440 59
441 308
442 128
443 244
444 338
445 364
446 5
447 285
448 139
449 333
450 3
451 189
452 90
453 56
454 358
455 113
456 351
457 27
458 192
459 249
460 195
461 184
462 159
463 268
464 259
465 404
466 182
467 34
468 143
469 336
470 75
471 299
472 466
473 428
474 358
475 162
476 68
477 19
478 203
479 267
480 68
481 24
482 51
483 101
484 298
485 364
486 384
487 325
488 428
489 30
490 486
491 346
492 335
493 289
494 186
495 74
496 151
497 322
498 329
499 22
500 217
501 31
502 26
503 421
504 260
505 185
506 396
507 336
508 324
509 163
510 327
511 137
512 194
513 504
514 189
515 234
516 88
517 278
518 126
519 222
520 88
521 277
522 396
523 406
524 52
525 156
526 224
527 93
528 236
529 133
530 501
531 140
532 122
533 404
534 193
535 147
536 109
537 171
538 406
539 420
540 101
541 317
542 147
543 305
544 341
545 14
546 300
547 395
548 8
549 477
550 31
551 12
552 194
553 362
554 60
555 533
556 89
557 405
558 530
559 380
560 477
561 445
562 165
563 352
564 147
565 197
566 478
567 38
568 157
569 267
570 315
571 54
572 219
573 152
574 151
575 377
576 493
577 377
578 100
579 357
580 169
581 457
582 349
583 378
584 370
585 381
586 514
587 101
588 383
589 154
590 333
591 530
592 328
593 555
594 251
595 264
596 100
597 140
598 47
599 336
600 19
601 512
602 30
603 21
604 227
605 588
606 126
607 477
608 433
609 377
610 569
611 414
612 457
613 454
614 413
615 405
616 537
617 108
618 176
619 320
620 119
621 265
622 477
623 253
624 74
625 126
626 269
627 506
628 158
629 620
630 435
631 216
632 153
633 450
634 72
635 335
636 213
637 425
638 588
639 195
640 574
641 335
642 413
643 529
644 189
645 209
646 267
647 39
648 324
649 177
650 647
651 221
652 369
653 397
654 438
655 216
656 213
657 598
658 21
659 575
660 313
661 189
662 491
663 292
664 220
665 98
666 219
667 64
668 472
669 80
670 68
671 588
672 263
673 410
674 15
675 288
676 94
677 445
678 373
679 594
680 515
681 195
682 291
683 495
684 508
685 274
686 83
687 147
688 248
689 115
690 677
691 332
692 642
693 192
694 157
695 668
696 229
697 414
698 37
699 605
700 267
701 660
702 441
703 285
704 200
705 442
706 54
707 661
708 204
709 106
710 489
711 639
712 75
713 3
714 86
715 495
716 470
717 125
718 457
719 590
720 42
721 406
722 134
723 195
724 117
725 684
726 543
727 626
728 212
729 24
730 525
731 41
732 547
733 481
734 320
735 196
736 615
737 239
738 264
739 274
740 708
741 489
742 280
743 89
744 345
745 543
746 32
747 517
748 544
749 728
750 202
751 300
752 583
753 430
754 627
755 368
756 301
757 181
758 471
759 656
760 304
761 671
762 477
763 604
764 341
765 279
766 763
767 95
768 501
769 762
770 635
771 187
772 263
773 576
774 718
775 234
776 16
777 769
778 17
779 713
780 495
781 485
782 670
783 446
784 521
785 347
786 362
787 448
788 628
789 75
790 322
791 338
792 677
793 396
794 525
795 168
796 106
797 287
798 750
799 27
800 187
801 217
802 419
803 328
804 507
805 117
806 577
807 640
808 682
809 344
810 806
811 234
812 703
813 68
814 747
815 420
816 751
817 429
818 60
819 480
820 193
821 639
822 421
823 93
824 106
825 710
826 241
827 306
828 95
829 624
830 410
831 292
832 553
833 270
834 435
835 316
836 482
837 819
838 89
839 706
840 618
841 652
842 5
843 628
844 342
845 311
846 497
847 576
848 375
849 485
850 410
851 222
852 807
853 571
854 504
855 363
856 472
857 285
858 133
859 591
860 557
861 702
862 95
863 819
864 112
865 729
866 668
867 325
868 117
869 587
870 616
871 521
872 510
873 854
874 304
875 170
876 362
877 372
878 503
879 96
880 30
881 50
882 55
883 624
884 31
885 869
886 325
887 717
888 259
889 81
890 177
891 887
892 642
893 685
894 406
895 627
896 105
897 888
898 359
899 253
900 487
901 179
902 394
903 461
904 222
905 757
906 167
907 700
908 215
909 58
910 898
911 910
912 911
913 912
914 913
915 914
916 915
917 916
918 917
919 918
920 919
921 920
922 921
923 922
924 923
925 924
926 925
927 926
928 927
929 928
930 929
931 930
932 931
933 932
934 933
935 934
936 935
937 936
938 937
939 938
940 939
941 940
942 941
943 942
944 943
945 944
946 945
947 946
948 947
949 948
950 949
951 950
952 951
953 952
954 953
955 954
956 955
957 956
958 957
959 958
960 959
961 960
962 961
963 962
964 963
965 964
966 965
967 966
968 967
969 968
970 969
971 970
972 971
973 972
974 973
975 974
976 975
977 976
978 977
979 978
980 979
981 980
982 981
983 982
984 983
985 984
986 985
987 986
988 987
989 988
990 989
991 990
992 991
993 992
994 993
995 994
996 995
997 996
998 997
999 998
1000 999
1000 898
