1000 1498
2 1
3 2
3 1
4 2
5 4
5 2
6 2
7 6
7 2
8 4
9 8
9 4
10 3
11 10
11 3
12 3
13 12
13 3
14 3
15 14
15 3
16 2
17 16
17 2
18 12
19 18
19 12
20 14
21 20
21 14
22 18
23 22
23 18
24 16
25 24
25 16
26 17
27 26
27 17
28 16
29 28
29 16
30 10
31 30
31 10
32 22
33 32
33 22
34 31
35 34
35 31
36 8
37 36
37 8
38 19
39 38
39 19
40 3
41 40
41 3
42 26
43 42
43 26
44 23
45 44
45 23
46 20
47 46
47 20
48 23
49 48
49 23
50 31
51 50
51 31
52 2
53 52
53 2
54 29
55 54
55 29
56 28
57 56
57 28
58 55
59 58
59 55
60 40
61 60
61 40
62 40
63 62
63 40
64 10
65 64
65 10
66 3
67 66
67 3
68 25
69 68
69 25
70 62
71 70
71 62
72 46
73 72
73 46
74 45
75 74
75 45
76 47
77 76
77 47
78 55
79 78
79 55
80 7
81 80
81 7
82 77
83 82
83 77
84 66
85 84
85 66
86 3
87 86
87 3
88 67
89 88
89 67
90 22
91 90
91 22
92 31
93 92
93 31
94 30
95 94
95 30
96 76
97 96
97 76
98 41
99 98
99 41
100 82
101 100
101 82
102 75
103 102
103 75
104 66
105 104
105 66
106 95
107 106
107 95
108 4
109 108
109 4
110 31
111 110
111 31
112 83
113 112
113 83
114 17
115 114
115 17
116 75
117 116
117 75
118 12
119 118
119 12
120 85
121 120
121 85
122 44
123 122
123 44
124 19
125 124
125 19
126 119
127 126
127 119
128 30
129 128
129 30
130 22
131 130
131 22
132 72
133 132
133 72
134 120
135 134
135 120
136 18
137 136
137 18
138 84
139 138
139 84
140 28
141 140
141 28
142 102
143 142
143 102
144 92
145 144
145 92
146 116
147 146
147 116
148 128
149 148
149 128
150 109
151 150
151 109
152 129
153 152
153 129
154 96
155 154
155 96
156 8
157 156
157 8
158 12
159 158
159 12
160 15
161 160
161 15
162 21
163 162
163 21
164 122
165 164
165 122
166 31
167 166
167 31
168 123
169 168
169 123
170 11
171 170
171 11
172 116
173 172
173 116
174 7
175 174
175 7
176 102
177 176
177 102
178 51
179 178
179 51
180 64
181 180
181 64
182 109
183 182
183 109
184 36
185 184
185 36
186 118
187 186
187 118
188 112
189 188
189 112
190 61
191 190
191 61
192 36
193 192
193 36
194 28
195 194
195 28
196 107
197 196
197 107
198 50
199 198
199 50
200 132
201 200
201 132
202 50
203 202
203 50
204 94
205 204
205 94
206 44
207 206
207 44
208 97
209 208
209 97
210 148
211 210
211 148
212 151
213 212
213 151
214 195
215 214
215 195
216 149
217 216
217 149
218 172
219 218
219 172
220 214
221 220
221 214
222 49
223 222
223 49
224 22
225 224
225 22
226 161
227 226
227 161
228 224
229 228
229 224
230 88
231 230
231 88
232 22
233 232
233 22
234 47
235 234
235 47
236 152
237 236
237 152
238 182
239 238
239 182
240 201
241 240
241 201
242 83
243 242
243 83
244 52
245 244
245 52
246 221
247 246
247 221
248 152
249 248
249 152
250 161
251 250
251 161
252 10
253 252
253 10
254 21
255 254
255 21
256 238
257 256
257 238
258 107
259 258
259 107
260 22
261 260
261 22
262 73
263 262
263 73
264 109
265 264
265 109
266 5
267 266
267 5
268 146
269 268
269 146
270 218
271 270
271 218
272 240
273 272
273 240
274 182
275 274
275 182
276 89
277 276
277 89
278 227
279 278
279 227
280 77
281 280
281 77
282 89
283 282
283 89
284 281
285 284
285 281
286 29
287 286
287 29
288 250
289 288
289 250
290 111
291 290
291 111
292 227
293 292
293 227
294 270
295 294
295 270
296 71
297 296
297 71
298 121
299 298
299 121
300 108
301 300
301 108
302 49
303 302
303 49
304 116
305 304
305 116
306 215
307 306
307 215
308 281
309 308
309 281
310 137
311 310
311 137
312 221
313 312
313 221
314 19
315 314
315 19
316 180
317 316
317 180
318 13
319 318
319 13
320 280
321 320
321 280
322 216
323 322
323 216
324 119
325 324
325 119
326 80
327 326
327 80
328 79
329 328
329 79
330 99
331 330
331 99
332 197
333 332
333 197
334 73
335 334
335 73
336 134
337 336
337 134
338 257
339 338
339 257
340 18
341 340
341 18
342 6
343 342
343 6
344 98
345 344
345 98
346 109
347 346
347 109
348 235
349 348
349 235
350 37
351 350
351 37
352 236
353 352
353 236
354 305
355 354
355 305
356 214
357 356
357 214
358 156
359 358
359 156
360 172
361 360
361 172
362 268
363 362
363 268
364 183
365 364
365 183
366 20
367 366
367 20
368 81
369 368
369 81
370 163
371 370
371 163
372 226
373 372
373 226
374 311
375 374
375 311
376 201
377 376
377 201
378 296
379 378
379 296
380 262
381 380
381 262
382 254
383 382
383 254
384 45
385 384
385 45
386 184
387 386
387 184
388 182
389 388
389 182
390 101
391 390
391 101
392 180
393 392
393 180
394 19
395 394
395 19
396 99
397 396
397 99
398 325
399 398
399 325
400 188
401 400
401 188
402 179
403 402
403 179
404 228
405 404
405 228
406 66
407 406
407 66
408 400
409 408
409 400
410 306
411 410
411 306
412 391
413 412
413 391
414 15
415 414
415 15
416 236
417 416
417 236
418 154
419 418
419 154
420 129
421 420
421 129
422 352
423 422
423 352
424 182
425 424
425 182
426 319
427 426
427 319
428 238
429 428
429 238
430 46
431 430
431 46
432 272
433 432
433 272
434 56
435 434
435 56
436 263
437 436
437 263
438 276
439 438
439 276
440 301
441 440
441 301
442 302
443 442
443 302
444 65
445 444
445 65
446 339
447 446
447 339
448 15
449 448
449 15
450 389
451 450
451 389
452 93
453 452
453 93
454 109
455 454
455 109
456 338
457 456
457 338
458 26
459 458
459 26
460 445
461 460
461 445
462 441
463 462
463 441
464 118
465 464
465 118
466 189
467 466
467 189
468 71
469 468
469 71
470 122
471 470
471 122
472 68
473 472
473 68
474 406
475 474
475 406
476 291
477 476
477 291
478 196
479 478
479 196
480 467
481 480
481 467
482 467
483 482
483 467
484 13
485 484
485 13
486 61
487 486
487 61
488 77
489 488
489 77
490 129
491 490
491 129
492 214
493 492
493 214
494 190
495 494
495 190
496 365
497 496
497 365
498 5
499 498
499 5
500 157
501 500
501 157
502 459
503 502
503 459
504 215
505 504
505 215
506 403
507 506
507 403
508 347
509 508
509 347
510 480
511 510
511 480
512 407
513 512
513 407
514 106
515 514
515 106
516 218
517 516
517 218
518 72
519 518
519 72
520 511
521 520
521 511
522 153
523 522
523 153
524 189
525 524
525 189
526 355
527 526
527 355
528 399
529 528
529 399
530 227
531 530
531 227
532 188
533 532
533 188
534 184
535 534
535 184
536 258
537 536
537 258
538 309
539 538
539 309
540 268
541 540
541 268
542 333
543 542
543 333
544 8
545 544
545 8
546 166
547 546
547 166
548 247
549 548
549 247
550 80
551 550
551 80
552 312
553 552
553 312
554 68
555 554
555 68
556 88
557 556
557 88
558 187
559 558
559 187
560 416
561 560
561 416
562 215
563 562
563 215
564 470
565 564
565 470
566 423
567 566
567 423
568 86
569 568
569 86
570 441
571 570
571 441
572 511
573 572
573 511
574 323
575 574
575 323
576 489
577 576
577 489
578 344
579 578
579 344
580 200
581 580
581 200
582 66
583 582
583 66
584 400
585 584
585 400
586 173
587 586
587 173
588 12
589 588
589 12
590 587
591 590
591 587
592 418
593 592
593 418
594 389
595 594
595 389
596 504
597 596
597 504
598 244
599 598
599 244
600 176
601 600
601 176
602 76
603 602
603 76
604 551
605 604
605 551
606 219
607 606
607 219
608 379
609 608
609 379
610 491
611 610
611 491
612 76
613 612
613 76
614 369
615 614
615 369
616 589
617 616
617 589
618 225
619 618
619 225
620 563
621 620
621 563
622 316
623 622
623 316
624 549
625 624
625 549
626 499
627 626
627 499
628 441
629 628
629 441
630 393
631 630
631 393
632 67
633 632
633 67
634 239
635 634
635 239
636 267
637 636
637 267
638 168
639 638
639 168
640 454
641 640
641 454
642 50
643 642
643 50
644 146
645 644
645 146
646 148
647 646
647 148
648 96
649 648
649 96
650 356
651 650
651 356
652 131
653 652
653 131
654 165
655 654
655 165
656 214
657 656
657 214
658 396
659 658
659 396
660 160
661 660
661 160
662 281
663 662
663 281
664 133
665 664
665 133
666 531
667 666
667 531
668 192
669 668
669 192
670 623
671 670
671 623
672 498
673 672
673 498
674 276
675 674
675 276
676 625
677 676
677 625
678 247
679 678
679 247
680 492
681 680
681 492
682 502
683 682
683 502
684 90
685 684
685 90
686 275
687 686
687 275
688 521
689 688
689 521
690 432
691 690
691 432
692 254
693 692
693 254
694 97
695 694
695 97
696 204
697 696
697 204
698 564
699 698
699 564
700 467
701 700
701 467
702 671
703 702
703 671
704 168
705 704
705 168
706 615
707 706
707 615
708 140
709 708
709 140
710 699
711 710
711 699
712 576
713 712
713 576
714 194
715 714
715 194
716 556
717 716
717 556
718 21
719 718
719 21
720 137
721 720
721 137
722 717
723 722
723 717
724 382
725 724
725 382
726 363
727 726
727 363
728 251
729 728
729 251
730 281
731 730
731 281
732 408
733 732
733 408
734 568
735 734
735 568
736 249
737 736
737 249
738 657
739 738
739 657
740 729
741 740
741 729
742 559
743 742
743 559
744 80
745 744
745 80
746 603
747 746
747 603
748 370
749 748
749 370
750 608
751 750
751 608
752 37
753 752
753 37
754 459
755 754
755 459
756 590
757 756
757 590
758 606
759 758
759 606
760 279
761 760
761 279
762 717
763 762
763 717
764 74
765 764
765 74
766 205
767 766
767 205
768 338
769 768
769 338
770 480
771 770
771 480
772 135
773 772
773 135
774 766
775 774
775 766
776 768
777 776
777 768
778 55
779 778
779 55
780 660
781 780
781 660
782 10
783 782
783 10
784 482
785 784
785 482
786 299
787 786
787 299
788 687
789 788
789 687
790 75
791 790
791 75
792 436
793 792
793 436
794 97
795 794
795 97
796 221
797 796
797 221
798 315
799 798
799 315
800 294
801 800
801 294
802 720
803 802
803 720
804 548
805 804
805 548
806 110
807 806
807 110
808 199
809 808
809 199
810 141
811 810
811 141
812 92
813 812
813 92
814 572
815 814
815 572
816 193
817 816
817 193
818 22
819 818
819 22
820 717
821 820
821 717
822 720
823 822
823 720
824 355
825 824
825 355
826 675
827 826
827 675
828 504
829 828
829 504
830 637
831 830
831 637
832 18
833 832
833 18
834 528
835 834
835 528
836 90
837 836
837 90
838 700
839 838
839 700
840 665
841 840
841 665
842 698
843 842
843 698
844 285
845 844
845 285
846 169
847 846
847 169
848 755
849 848
849 755
850 406
851 850
851 406
852 675
853 852
853 675
854 598
855 854
855 598
856 518
857 856
857 518
858 153
859 858
859 153
860 464
861 860
861 464
862 8
863 862
863 8
864 818
865 864
865 818
866 655
867 866
867 655
868 55
869 868
869 55
870 43
871 870
871 43
872 110
873 872
873 110
874 365
875 874
875 365
876 345
877 876
877 345
878 669
879 878
879 669
880 476
881 880
881 476
882 828
883 882
883 828
884 257
885 884
885 257
886 662
887 886
887 662
888 576
889 888
889 576
890 403
891 890
891 403
892 781
893 892
893 781
894 435
895 894
895 435
896 290
897 896
897 290
898 13
899 898
899 13
900 70
901 900
901 70
902 829
903 902
903 829
904 568
905 904
905 568
906 462
907 906
907 462
908 187
909 908
909 187
910 13
911 910
911 13
912 212
913 912
913 212
914 86
915 914
915 86
916 416
917 916
917 416
918 849
919 918
919 849
920 818
921 920
921 818
922 636
923 922
923 636
924 701
925 924
925 701
926 589
927 926
927 589
928 339
929 928
929 339
930 774
931 930
931 774
932 228
933 932
933 228
934 230
935 934
935 230
936 265
937 936
937 265
938 806
939 938
939 806
940 297
941 940
941 297
942 642
943 942
943 642
944 117
945 944
945 117
946 926
947 946
947 926
948 601
949 948
949 601
950 431
951 950
951 431
952 408
953 952
953 408
954 847
955 954
955 847
956 626
957 956
957 626
958 248
959 958
959 248
960 921
961 960
961 921
962 517
963 962
963 517
964 800
965 964
965 800
966 142
967 966
967 142
968 68
969 968
969 68
970 10
971 970
971 10
972 943
973 972
973 943
974 782
975 974
975 782
976 288
977 976
977 288
978 84
979 978
979 84
980 259
981 980
981 259
982 730
983 982
983 730
984 820
985 984
985 820
986 931
987 986
987 931
988 861
989 988
989 861
990 317
991 990
991 317
992 447
993 992
993 447
994 830
995 994
995 830
996 548
997 996
997 548
998 276
999 998
1000 999
1000 276
