10000 10000
2 1
3 1
4 1
5 3
6 3
7 2
8 6
9 6
10 1
11 4
12 6
13 9
14 9
15 11
16 9
17 8
18 10
19 8
20 3
21 11
22 14
23 2
24 1
25 21
26 18
27 14
28 5
29 22
30 27
31 9
32 26
33 2
34 6
35 28
36 4
37 4
38 28
39 3
40 35
41 5
42 22
43 24
44 26
45 42
46 24
47 29
48 3
49 1
50 49
51 18
52 19
53 33
54 34
55 19
56 19
57 44
58 11
59 14
60 50
61 60
62 5
63 8
64 52
65 28
66 13
67 7
68 17
69 7
70 68
71 46
72 71
73 29
74 46
75 36
76 66
77 61
78 66
79 44
80 58
81 27
82 70
83 31
84 34
85 40
86 17
87 37
88 81
89 53
90 2
91 36
92 1
93 8
94 54
95 61
96 78
97 7
98 62
99 87
100 74
101 75
102 73
103 83
104 19
105 14
106 83
107 59
108 10
109 25
110 69
111 52
112 29
113 71
114 59
115 82
116 63
117 92
118 82
119 9
120 64
121 63
122 45
123 78
124 108
125 73
126 115
127 104
128 45
129 4
130 93
131 118
132 113
133 88
134 24
135 82
136 125
137 33
138 13
139 74
140 29
141 66
142 73
143 86
144 39
145 132
146 131
147 31
148 100
149 74
150 61
151 30
152 115
153 83
154 71
155 93
156 27
157 147
158 93
159 27
160 112
161 49
162 155
163 50
164 136
165 18
166 47
167 23
168 133
169 77
170 89
171 47
172 55
173 109
174 24
175 91
176 56
177 66
178 68
179 134
180 80
181 157
182 95
183 16
184 31
185 15
186 67
187 173
188 16
189 98
190 45
191 20
192 27
193 176
194 30
195 166
196 42
197 2
198 71
199 196
200 53
201 130
202 108
203 138
204 70
205 149
206 166
207 99
208 92
209 114
210 48
211 68
212 97
213 201
214 208
215 97
216 25
217 21
218 26
219 83
220 218
221 38
222 48
223 183
224 92
225 192
226 204
227 60
228 126
229 194
230 100
231 10
232 27
233 128
234 46
235 60
236 71
237 42
238 190
239 4
240 7
241 51
242 150
243 58
244 83
245 142
246 143
247 116
248 54
249 76
250 150
251 10
252 88
253 152
254 134
255 141
256 5
257 162
258 234
259 93
260 64
261 196
262 35
263 215
264 211
265 120
266 211
267 88
268 127
269 4
270 237
271 240
272 246
273 53
274 38
275 79
276 22
277 29
278 8
279 244
280 205
281 76
282 45
283 114
284 135
285 251
286 280
287 192
288 215
289 212
290 279
291 36
292 254
293 256
294 87
295 246
296 169
297 257
298 42
299 157
300 85
301 116
302 240
303 186
304 220
305 152
306 45
307 48
308 171
309 285
310 174
311 155
312 204
313 78
314 211
315 287
316 104
317 207
318 131
319 188
320 18
321 88
322 237
323 296
324 90
325 164
326 292
327 251
328 16
329 291
330 88
331 140
332 50
333 201
334 159
335 157
336 159
337 92
338 210
339 300
340 52
341 34
342 263
343 21
344 88
345 217
346 39
347 69
348 243
349 209
350 243
351 318
352 286
353 45
354 43
355 78
356 37
357 126
358 184
359 246
360 338
361 271
362 254
363 270
364 198
365 147
366 45
367 84
368 58
369 274
370 76
371 134
372 208
373 352
374 113
375 209
376 201
377 117
378 279
379 179
380 288
381 23
382 374
383 157
384 272
385 340
386 110
387 113
388 250
389 173
390 59
391 299
392 46
393 307
394 302
395 148
396 74
397 294
398 47
399 171
400 86
401 393
402 304
403 116
404 239
405 324
406 320
407 40
408 189
409 314
410 69
411 318
412 32
413 127
414 157
415 373
416 305
417 363
418 400
419 160
420 220
421 405
422 294
423 222
424 268
425 265
426 182
427 178
428 350
429 275
430 213
431 86
432 320
433 369
434 271
435 343
436 94
437 137
438 98
439 370
440 437
441 185
442 431
443 234
444 107
445 201
446 273
447 56
448 108
449 84
450 442
451 179
452 224
453 91
454 10
455 133
456 190
457 280
458 62
459 408
460 403
461 401
462 99
463 300
464 437
465 283
466 389
467 273
468 23
469 203
470 80
471 347
472 386
473 368
474 174
475 344
476 407
477 339
478 84
479 371
480 319
481 142
482 75
483 454
484 167
485 350
486 227
487 217
488 205
489 257
490 431
491 73
492 35
493 196
494 420
495 173
496 452
497 422
498 183
499 232
500 489
501 226
502 52
503 200
504 430
505 26
506 239
507 237
508 487
509 83
510 38
511 435
512 265
513 26
514 264
515 210
516 137
517 154
518 65
519 130
520 282
521 51
522 120
523 238
524 340
525 192
526 155
527 136
528 368
529 306
530 382
531 269
532 525
533 35
534 357
535 396
536 53
537 300
538 235
539 187
540 253
541 424
542 102
543 274
544 48
545 182
546 119
547 5
548 20
549 99
550 432
551 350
552 392
553 245
554 487
555 381
556 152
557 478
558 181
559 254
560 188
561 431
562 37
563 165
564 322
565 525
566 253
567 163
568 504
569 135
570 248
571 54
572 405
573 54
574 569
575 246
576 120
577 548
578 171
579 394
580 24
581 81
582 377
583 118
584 399
585 514
586 56
587 22
588 494
589 456
590 584
591 339
592 85
593 381
594 573
595 446
596 211
597 280
598 527
599 67
600 204
601 252
602 332
603 396
604 228
605 137
606 449
607 578
608 561
609 387
610 191
611 216
612 151
613 177
614 357
615 605
616 558
617 359
618 145
619 290
620 323
621 253
622 167
623 25
624 524
625 45
626 29
627 389
628 478
629 317
630 616
631 413
632 551
633 450
634 135
635 322
636 413
637 626
638 488
639 187
640 49
641 243
642 503
643 97
644 309
645 30
646 343
647 623
648 539
649 150
650 171
651 616
652 610
653 6
654 69
655 120
656 113
657 238
658 170
659 104
660 515
661 58
662 511
663 405
664 413
665 186
666 266
667 305
668 411
669 244
670 650
671 185
672 621
673 437
674 399
675 539
676 423
677 32
678 396
679 311
680 232
681 638
682 292
683 180
684 369
685 508
686 289
687 205
688 25
689 112
690 631
691 185
692 391
693 593
694 49
695 200
696 266
697 426
698 97
699 291
700 159
701 27
702 254
703 145
704 646
705 72
706 313
707 335
708 391
709 112
710 14
711 322
712 618
713 367
714 545
715 87
716 429
717 548
718 74
719 237
720 567
721 36
722 708
723 114
724 118
725 621
726 549
727 535
728 344
729 468
730 713
731 181
732 636
733 620
734 193
735 157
736 593
737 44
738 113
739 644
740 177
741 329
742 518
743 686
744 484
745 281
746 666
747 487
748 129
749 321
750 445
751 499
752 652
753 297
754 315
755 353
756 527
757 487
758 268
759 698
760 652
761 327
762 511
763 684
764 633
765 569
766 45
767 565
768 611
769 481
770 244
771 606
772 696
773 207
774 309
775 563
776 208
777 37
778 153
779 278
780 256
781 204
782 21
783 205
784 1
785 591
786 459
787 654
788 333
789 533
790 381
791 469
792 422
793 187
794 236
795 404
796 70
797 16
798 688
799 638
800 752
801 40
802 417
803 621
804 351
805 666
806 419
807 525
808 495
809 18
810 427
811 213
812 11
813 107
814 673
815 101
816 553
817 438
818 342
819 116
820 78
821 689
822 613
823 426
824 433
825 361
826 346
827 445
828 313
829 725
830 344
831 415
832 703
833 512
834 188
835 698
836 577
837 519
838 662
839 687
840 456
841 528
842 584
843 307
844 780
845 812
846 103
847 598
848 524
849 814
850 356
851 525
852 86
853 398
854 445
855 157
856 470
857 480
858 231
859 190
860 399
861 514
862 46
863 547
864 371
865 777
866 104
867 539
868 350
869 388
870 81
871 306
872 260
873 328
874 33
875 536
876 36
877 766
878 132
879 620
880 63
881 280
882 446
883 863
884 709
885 89
886 637
887 672
888 661
889 544
890 298
891 475
892 530
893 385
894 142
895 505
896 867
897 355
898 362
899 487
900 447
901 3
902 295
903 348
904 376
905 96
906 221
907 12
908 535
909 350
910 56
911 710
912 690
913 163
914 108
915 437
916 60
917 372
918 141
919 783
920 402
921 81
922 522
923 64
924 698
925 501
926 776
927 64
928 182
929 239
930 228
931 371
932 679
933 56
934 140
935 910
936 500
937 98
938 637
939 426
940 842
941 858
942 460
943 811
944 834
945 351
946 934
947 124
948 624
949 133
950 650
951 831
952 241
953 516
954 809
955 669
956 744
957 34
958 783
959 817
960 66
961 76
962 238
963 556
964 930
965 29
966 310
967 850
968 150
969 53
970 735
971 153
972 760
973 912
974 170
975 411
976 147
977 685
978 807
979 748
980 429
981 739
982 150
983 643
984 234
985 975
986 791
987 96
988 349
989 336
990 168
991 852
992 869
993 922
994 192
995 849
996 254
997 524
998 390
999 28
1000 303
1001 362
1002 528
1003 551
1004 498
1005 431
1006 394
1007 148
1008 193
1009 924
1010 779
1011 852
1012 699
1013 91
1014 548
1015 661
1016 843
1017 236
1018 279
1019 227
1020 172
1021 856
1022 348
1023 584
1024 384
1025 1017
1026 687
1027 923
1028 139
1029 76
1030 924
1031 106
1032 835
1033 767
1034 264
1035 434
1036 210
1037 747
1038 72
1039 127
1040 934
1041 956
1042 1006
1043 262
1044 976
1045 980
1046 852
1047 17
1048 32
1049 739
1050 613
1051 487
1052 850
1053 453
1054 627
1055 1039
1056 907
1057 394
1058 993
1059 795
1060 88
1061 761
1062 667
1063 356
1064 732
1065 62
1066 892
1067 915
1068 161
1069 601
1070 130
1071 86
1072 117
1073 493
1074 744
1075 244
1076 697
1077 429
1078 630
1079 326
1080 1033
1081 474
1082 771
1083 404
1084 463
1085 343
1086 120
1087 529
1088 544
1089 300
1090 834
1091 1057
1092 595
1093 956
1094 256
1095 6
1096 368
1097 1015
1098 387
1099 321
1100 357
1101 580
1102 299
1103 747
1104 748
1105 1103
1106 938
1107 887
1108 298
1109 341
1110 223
1111 829
1112 1004
1113 499
1114 75
1115 325
1116 1017
1117 979
1118 336
1119 967
1120 98
1121 927
1122 389
1123 211
1124 360
1125 32
1126 297
1127 917
1128 327
1129 288
1130 92
1131 930
1132 937
1133 772
1134 990
1135 910
1136 1043
1137 387
1138 1083
1139 1114
1140 699
1141 785
1142 540
1143 974
1144 765
1145 5
1146 158
1147 256
1148 168
1149 620
1150 275
1151 198
1152 343
1153 163
1154 352
1155 722
1156 997
1157 57
1158 1119
1159 399
1160 635
1161 371
1162 1048
1163 1112
1164 280
1165 401
1166 33
1167 205
1168 459
1169 776
1170 7
1171 208
1172 860
1173 71
1174 305
1175 109
1176 653
1177 369
1178 577
1179 517
1180 213
1181 589
1182 445
1183 1120
1184 802
1185 825
1186 230
1187 512
1188 710
1189 647
1190 288
1191 637
1192 840
1193 247
1194 503
1195 318
1196 860
1197 380
1198 940
1199 798
1200 761
1201 750
1202 881
1203 1109
1204 1161
1205 722
1206 715
1207 163
1208 65
1209 757
1210 984
1211 1014
1212 271
1213 969
1214 998
1215 845
1216 752
1217 736
1218 183
1219 276
1220 912
1221 912
1222 1220
1223 1221
1224 1223
1225 1222
1226 912
1227 1224
1228 1227
1229 1228
1230 1222
1231 1224
1232 1221
1233 1224
1234 1224
1235 1226
1236 1234
1237 1231
1238 912
1239 1236
1240 1231
1241 1230
1242 1233
1243 1239
1244 1221
1245 1233
1246 1228
1247 1240
1248 1226
1249 912
1250 1225
1251 1244
1252 1246
1253 1229
1254 1234
1255 1238
1256 1230
1257 1237
1258 1226
1259 1245
1260 1234
1261 1228
1262 1233
1263 1231
1264 1261
1265 1261
1266 1245
1267 1263
1268 1254
1269 1265
1270 1263
1271 1248
1272 1251
1273 1238
1274 1239
1275 1248
1276 1226
1277 1237
1278 1226
1279 1254
1280 1236
1281 1229
1282 1249
1283 1276
1284 1225
1285 1281
1286 1247
1287 1253
1288 1243
1289 1250
1290 1221
1291 1225
1292 1265
1293 1256
1294 1242
1295 1272
1296 1231
1297 1259
1298 1232
1299 1275
1300 1252
1301 1220
1302 1239
1303 1271
1304 1292
1305 1279
1306 1259
1307 1232
1308 1292
1309 1249
1310 1242
1311 1283
1312 1302
1313 1223
1314 1232
1315 1284
1316 1315
1317 1225
1318 1275
1319 1237
1320 1224
1321 1239
1322 1251
1323 1228
1324 1299
1325 1269
1326 1279
1327 1321
1328 1232
1329 1268
1330 1267
1331 1246
1332 1278
1333 1246
1334 1295
1335 1322
1336 1302
1337 1303
1338 1307
1339 1335
1340 1333
1341 1304
1342 1248
1343 1247
1344 1312
1345 1242
1346 912
1347 1299
1348 1313
1349 1345
1350 1298
1351 1291
1352 1331
1353 1314
1354 1251
1355 1287
1356 1229
1357 1288
1358 1221
1359 1269
1360 1274
1361 1343
1362 1302
1363 1289
1364 1268
1365 1264
1366 1249
1367 1248
1368 1308
1369 1233
1370 1345
1371 1293
1372 1242
1373 1343
1374 1371
1375 1303
1376 1261
1377 1331
1378 1227
1379 1257
1380 1274
1381 1317
1382 1324
1383 1252
1384 1320
1385 1268
1386 1321
1387 1361
1388 1277
1389 1312
1390 1260
1391 1257
1392 1240
1393 1239
1394 1357
1395 1322
1396 1357
1397 1384
1398 1233
1399 1329
1400 1220
1401 1275
1402 1230
1403 1283
1404 1331
1405 1340
1406 1355
1407 1338
1408 1343
1409 1364
1410 1245
1411 1350
1412 1356
1413 1365
1414 1407
1415 1401
1416 1341
1417 1392
1418 1345
1419 1226
1420 1337
1421 1301
1422 1383
1423 1363
1424 1376
1425 1378
1426 1330
1427 1315
1428 1221
1429 1241
1430 1345
1431 1409
1432 1391
1433 1237
1434 1346
1435 1399
1436 1273
1437 912
1438 1242
1439 1324
1440 1231
1441 1347
1442 1356
1443 1259
1444 1412
1445 1265
1446 1221
1447 1429
1448 1300
1449 1280
1450 1284
1451 1259
1452 1433
1453 1274
1454 1318
1455 1253
1456 1366
1457 1233
1458 1324
1459 1332
1460 1324
1461 1386
1462 1407
1463 1341
1464 1320
1465 1433
1466 1349
1467 1267
1468 1443
1469 1391
1470 1349
1471 1454
1472 1309
1473 1221
1474 1364
1475 1431
1476 1474
1477 1356
1478 1244
1479 1445
1480 1392
1481 1436
1482 1306
1483 1266
1484 1253
1485 1468
1486 1276
1487 1290
1488 1253
1489 1442
1490 1407
1491 1403
1492 1221
1493 1332
1494 1467
1495 1396
1496 1333
1497 1377
1498 1425
1499 1271
1500 1245
1501 1483
1502 1412
1503 1323
1504 1403
1505 1466
1506 1242
1507 1386
1508 1398
1509 1376
1510 1247
1511 1387
1512 1468
1513 1383
1514 1402
1515 1281
1516 1417
1517 1371
1518 1231
1519 1375
1520 1378
1521 1411
1522 1498
1523 1322
1524 1495
1525 1340
1526 1327
1527 1294
1528 1461
1529 1353
1530 1452
1531 1369
1532 1408
1533 1438
1534 1530
1535 1463
1536 1436
1537 1391
1538 1417
1539 1348
1540 912
1541 1227
1542 1243
1543 1445
1544 1360
1545 1328
1546 1323
1547 1367
1548 1443
1549 1253
1550 1343
1551 1430
1552 1514
1553 1255
1554 1352
1555 1232
1556 1432
1557 1533
1558 1331
1559 1424
1560 1334
1561 1248
1562 1361
1563 1379
1564 1433
1565 1403
1566 1412
1567 1246
1568 1224
1569 1435
1570 1511
1571 1510
1572 1255
1573 1456
1574 1426
1575 1502
1576 1314
1577 1457
1578 1452
1579 1469
1580 1562
1581 1483
1582 1429
1583 1377
1584 1486
1585 1471
1586 1457
1587 1421
1588 1390
1589 1348
1590 1475
1591 1240
1592 1516
1593 1254
1594 1500
1595 1252
1596 1325
1597 1247
1598 1377
1599 1576
1600 1302
1601 1546
1602 1601
1603 1423
1604 1401
1605 1422
1606 1342
1607 1562
1608 1483
1609 1250
1610 1323
1611 1610
1612 1238
1613 1609
1614 1269
1615 1455
1616 1251
1617 1447
1618 1346
1619 1330
1620 1607
1621 1317
1622 1354
1623 1300
1624 1355
1625 1396
1626 1515
1627 1245
1628 1456
1629 1319
1630 1586
1631 1250
1632 1285
1633 1552
1634 1357
1635 1375
1636 1408
1637 1435
1638 1351
1639 1278
1640 1536
1641 1334
1642 1548
1643 1366
1644 1327
1645 1433
1646 1289
1647 1493
1648 1533
1649 1263
1650 1322
1651 1502
1652 1601
1653 1248
1654 1597
1655 1299
1656 1263
1657 1312
1658 1466
1659 1508
1660 1456
1661 1223
1662 1430
1663 1587
1664 1627
1665 1580
1666 1473
1667 1526
1668 1340
1669 1590
1670 1239
1671 1365
1672 1628
1673 1514
1674 1444
1675 1529
1676 1620
1677 1581
1678 1449
1679 1661
1680 1259
1681 1509
1682 1264
1683 1601
1684 1666
1685 1306
1686 1325
1687 1634
1688 1612
1689 1506
1690 1427
1691 1667
1692 1403
1693 1322
1694 1449
1695 1371
1696 1232
1697 1416
1698 1693
1699 1397
1700 1447
1701 1478
1702 1630
1703 1447
1704 1642
1705 1704
1706 1328
1707 1491
1708 1475
1709 1591
1710 1683
1711 1693
1712 1515
1713 1679
1714 1580
1715 1243
1716 1289
1717 1290
1718 1527
1719 1611
1720 1499
1721 1462
1722 1620
1723 1577
1724 1493
1725 1532
1726 1666
1727 1271
1728 1408
1729 1728
1730 1676
1731 1275
1732 1591
1733 1305
1734 1445
1735 1436
1736 1586
1737 1599
1738 1239
1739 1429
1740 1656
1741 1395
1742 1547
1743 1292
1744 1552
1745 1491
1746 1531
1747 1308
1748 1375
1749 1738
1750 1515
1751 1560
1752 1657
1753 1352
1754 1467
1755 1622
1756 1386
1757 1517
1758 1417
1759 1253
1760 1517
1761 1648
1762 1728
1763 1448
1764 1278
1765 1241
1766 1352
1767 1609
1768 1396
1769 1235
1770 1609
1771 1590
1772 1534
1773 1238
1774 1320
1775 1691
1776 1543
1777 1654
1778 1699
1779 1269
1780 1324
1781 1680
1782 1308
1783 1365
1784 1455
1785 1624
1786 1418
1787 1755
1788 1267
1789 1718
1790 1291
1791 1339
1792 1520
1793 1456
1794 1495
1795 1244
1796 1752
1797 1394
1798 1333
1799 1740
1800 1512
1801 1792
1802 1475
1803 1374
1804 1781
1805 1638
1806 1565
1807 1220
1808 1305
1809 1220
1810 1417
1811 1765
1812 1477
1813 1585
1814 1554
1815 1352
1816 1357
1817 1413
1818 1382
1819 1543
1820 1232
1821 1426
1822 1649
1823 1797
1824 1426
1825 1822
1826 1410
1827 1624
1828 1760
1829 1225
1830 1500
1831 1247
1832 1476
1833 1403
1834 1430
1835 1574
1836 1341
1837 1654
1838 1368
1839 1413
1840 1686
1841 1493
1842 1787
1843 1517
1844 1471
1845 1300
1846 1665
1847 1707
1848 1813
1849 1435
1850 1798
1851 1546
1852 1737
1853 1783
1854 1681
1855 1389
1856 1301
1857 1403
1858 1502
1859 1755
1860 1481
1861 1579
1862 1547
1863 1570
1864 1737
1865 1531
1866 1258
1867 1476
1868 1784
1869 1671
1870 1748
1871 1293
1872 1363
1873 1642
1874 1468
1875 1451
1876 1716
1877 1305
1878 1809
1879 1773
1880 1630
1881 1745
1882 1337
1883 1372
1884 1741
1885 1811
1886 1424
1887 1565
1888 1615
1889 1640
1890 1687
1891 1509
1892 1633
1893 1316
1894 1475
1895 1347
1896 1600
1897 1758
1898 1379
1899 1850
1900 1473
1901 1465
1902 1414
1903 1792
1904 1532
1905 1298
1906 1293
1907 1537
1908 1656
1909 1524
1910 1372
1911 1602
1912 1316
1913 1673
1914 1830
1915 1462
1916 1551
1917 1461
1918 1501
1919 1800
1920 1914
1921 1569
1922 1426
1923 1910
1924 1483
1925 1579
1926 1597
1927 1304
1928 1517
1929 1642
1930 1887
1931 1695
1932 1498
1933 1236
1934 1525
1935 1831
1936 1313
1937 1407
1938 1342
1939 1502
1940 1826
1941 1312
1942 1394
1943 1758
1944 1505
1945 1853
1946 1601
1947 1599
1948 1547
1949 1666
1950 1831
1951 1742
1952 1794
1953 1248
1954 1599
1955 1743
1956 1616
1957 1328
1958 1244
1959 1852
1960 1649
1961 1890
1962 1805
1963 1548
1964 1395
1965 1375
1966 1401
1967 1293
1968 1882
1969 1598
1970 1641
1971 1730
1972 1943
1973 1345
1974 1959
1975 1778
1976 1746
1977 1393
1978 1264
1979 1751
1980 1598
1981 1716
1982 1853
1983 1488
1984 1643
1985 1858
1986 1478
1987 1839
1988 1950
1989 1505
1990 1819
1991 1911
1992 1391
1993 1335
1994 1281
1995 1392
1996 1783
1997 1758
1998 1910
1999 1602
2000 1843
2001 1309
2002 1311
2003 1326
2004 1429
2005 1638
2006 1393
2007 1933
2008 1280
2009 1641
2010 1799
2011 1878
2012 1282
2013 1935
2014 1456
2015 1832
2016 1922
2017 1697
2018 1250
2019 1270
2020 1984
2021 1862
2022 1937
2023 1238
2024 1674
2025 1957
2026 1942
2027 1299
2028 1375
2029 1911
2030 1253
2031 1526
2032 1398
2033 1962
2034 1721
2035 1760
2036 2027
2037 1234
2038 1751
2039 1551
2040 1894
2041 1815
2042 1423
2043 1533
2044 1944
2045 1250
2046 1417
2047 1580
2048 1389
2049 1232
2050 1375
2051 1412
2052 1769
2053 1265
2054 1335
2055 1916
2056 1699
2057 1258
2058 1441
2059 1693
2060 1490
2061 1610
2062 1751
2063 1774
2064 1666
2065 1324
2066 1922
2067 1450
2068 1958
2069 1625
2070 1461
2071 1808
2072 1608
2073 2044
2074 1221
2075 1515
2076 2063
2077 1362
2078 1663
2079 1980
2080 2028
2081 1562
2082 1494
2083 1306
2084 1277
2085 1530
2086 1593
2087 1581
2088 1389
2089 2025
2090 1627
2091 1902
2092 1319
2093 1795
2094 1397
2095 2089
2096 1622
2097 1246
2098 1706
2099 1932
2100 1746
2101 1485
2102 1926
2103 1765
2104 1798
2105 2046
2106 1250
2107 1816
2108 1614
2109 1723
2110 1885
2111 1514
2112 2073
2113 1661
2114 2100
2115 1271
2116 2057
2117 1332
2118 1824
2119 1909
2120 1528
2121 1307
2122 1494
2123 2079
2124 1405
2125 1306
2126 1504
2127 2035
2128 1287
2129 1293
2130 1510
2131 1236
2132 1235
2133 1931
2134 1529
2135 1481
2136 2039
2137 1404
2138 1994
2139 1564
2140 1916
2141 1496
2142 1841
2143 1884
2144 1730
2145 1567
2146 1395
2147 1403
2148 1375
2149 1423
2150 1261
2151 1853
2152 1268
2153 1744
2154 1708
2155 1983
2156 1768
2157 1644
2158 1825
2159 1840
2160 1587
2161 1502
2162 1914
2163 1732
2164 1575
2165 1426
2166 2020
2167 2160
2168 1548
2169 1464
2170 2139
2171 1704
2172 1621
2173 1739
2174 1400
2175 1361
2176 1840
2177 1395
2178 1390
2179 1863
2180 1331
2181 1315
2182 1634
2183 2035
2184 1639
2185 1320
2186 1840
2187 1526
2188 2027
2189 1553
2190 1408
2191 1293
2192 1780
2193 1810
2194 1248
2195 1643
2196 2193
2197 1398
2198 1428
2199 1523
2200 1426
2201 1400
2202 1282
2203 1498
2204 2076
2205 2110
2206 2154
2207 1345
2208 1790
2209 1648
2210 2055
2211 2137
2212 2114
2213 2007
2214 2000
2215 1969
2216 1451
2217 2066
2218 1779
2219 1981
2220 1785
2221 1338
2222 1473
2223 1649
2224 2012
2225 1488
2226 1835
2227 1657
2228 1679
2229 1399
2230 1738
2231 1988
2232 1596
2233 1376
2234 1889
2235 1460
2236 1280
2237 2032
2238 2027
2239 1501
2240 2113
2241 1562
2242 1491
2243 1331
2244 1556
2245 2018
2246 1724
2247 2039
2248 1584
2249 2245
2250 1942
2251 1738
2252 1620
2253 2038
2254 2177
2255 1876
2256 2059
2257 2256
2258 2031
2259 2255
2260 2039
2261 1558
2262 1911
2263 2117
2264 2156
2265 1500
2266 2237
2267 1686
2268 1718
2269 1934
2270 1667
2271 1603
2272 2252
2273 1393
2274 1670
2275 2260
2276 1421
2277 1272
2278 2051
2279 1823
2280 1951
2281 1229
2282 1514
2283 1407
2284 1547
2285 1657
2286 1482
2287 1982
2288 1577
2289 2271
2290 2249
2291 1788
2292 1231
2293 1220
2294 2069
2295 1425
2296 1513
2297 2154
2298 1374
2299 1654
2300 1559
2301 1416
2302 1415
2303 1329
2304 1987
2305 2153
2306 1579
2307 1789
2308 1299
2309 1646
2310 1373
2311 1827
2312 2210
2313 1398
2314 1243
2315 1995
2316 1592
2317 1809
2318 1309
2319 2056
2320 2190
2321 2021
2322 1312
2323 2272
2324 1274
2325 1221
2326 1888
2327 1529
2328 2022
2329 1973
2330 2027
2331 1982
2332 1508
2333 1364
2334 2317
2335 1783
2336 2201
2337 1621
2338 2273
2339 1516
2340 1452
2341 1979
2342 1288
2343 2250
2344 1757
2345 2175
2346 1854
2347 1783
2348 1750
2349 1524
2350 1402
2351 1921
2352 2278
2353 1418
2354 1396
2355 1995
2356 1479
2357 2279
2358 2172
2359 1339
2360 2268
2361 2315
2362 1796
2363 1285
2364 1374
2365 1899
2366 1655
2367 1759
2368 1712
2369 1706
2370 1569
2371 1251
2372 1680
2373 1231
2374 1630
2375 1609
2376 1645
2377 1721
2378 1821
2379 2282
2380 2223
2381 1927
2382 1936
2383 1785
2384 1740
2385 1277
2386 1802
2387 1597
2388 2279
2389 1421
2390 1278
2391 1929
2392 2267
2393 1617
2394 1741
2395 1436
2396 1366
2397 1462
2398 1881
2399 1399
2400 1483
2401 1789
2402 2290
2403 2113
2404 2291
2405 2002
2406 1431
2407 1842
2408 1920
2409 1908
2410 1977
2411 1980
2412 2049
2413 2145
2414 1494
2415 2184
2416 1914
2417 1535
2418 1681
2419 2007
2420 1278
2421 1480
2422 1974
2423 1891
2424 1884
2425 1742
2426 1696
2427 2265
2428 1690
2429 1570
2430 2022
2431 1406
2432 1941
2433 1402
2434 2229
2435 2407
2436 1264
2437 1318
2438 2200
2439 2067
2440 2239
2441 1672
2442 1664
2443 1493
2444 1682
2445 2253
2446 1625
2447 1955
2448 2201
2449 1984
2450 1997
2451 2328
2452 2297
2453 2314
2454 1757
2455 1799
2456 1672
2457 2162
2458 1483
2459 2334
2460 2257
2461 1570
2462 1412
2463 1836
2464 2248
2465 1931
2466 2283
2467 1299
2468 1246
2469 1262
2470 1979
2471 1979
2472 1700
2473 1390
2474 2419
2475 1365
2476 1806
2477 1569
2478 1572
2479 1337
2480 1948
2481 2151
2482 2375
2483 2032
2484 1292
2485 1971
2486 2447
2487 1959
2488 2197
2489 1265
2490 1958
2491 1306
2492 2148
2493 2241
2494 2292
2495 1493
2496 2243
2497 2233
2498 1967
2499 1799
2500 1698
2501 1727
2502 1691
2503 1714
2504 2197
2505 1713
2506 1362
2507 1757
2508 1526
2509 2009
2510 1465
2511 2310
2512 2310
2513 2484
2514 2193
2515 1936
2516 2102
2517 1976
2518 2288
2519 1794
2520 2188
2521 1675
2522 2342
2523 2229
2524 2232
2525 2250
2526 2297
2527 1462
2528 1934
2529 1532
2530 1232
2531 1602
2532 2221
2533 1567
2534 1594
2535 1365
2536 1935
2537 2505
2538 1835
2539 2204
2540 1949
2541 1978
2542 2182
2543 1886
2544 1667
2545 1553
2546 1863
2547 1575
2548 1948
2549 1973
2550 1969
2551 2212
2552 1862
2553 1713
2554 1909
2555 2320
2556 2530
2557 1671
2558 2059
2559 2434
2560 1915
2561 1525
2562 1510
2563 1221
2564 1846
2565 2559
2566 1300
2567 2491
2568 2319
2569 1248
2570 1417
2571 2066
2572 1696
2573 2006
2574 2465
2575 2154
2576 1614
2577 2227
2578 1340
2579 2037
2580 2419
2581 1409
2582 1622
2583 1797
2584 1791
2585 2072
2586 1827
2587 1770
2588 2410
2589 1863
2590 2563
2591 1325
2592 1429
2593 1341
2594 1486
2595 1870
2596 1379
2597 2353
2598 1266
2599 1848
2600 2259
2601 1711
2602 2132
2603 1912
2604 2312
2605 2578
2606 2346
2607 1853
2608 1244
2609 2131
2610 1427
2611 1402
2612 1722
2613 2275
2614 1938
2615 2582
2616 2328
2617 1364
2618 1298
2619 1427
2620 1377
2621 1402
2622 1911
2623 1460
2624 2526
2625 1978
2626 1372
2627 2079
2628 2537
2629 2579
2630 1277
2631 1596
2632 1236
2633 2101
2634 1528
2635 1996
2636 2016
2637 1823
2638 1752
2639 1963
2640 1285
2641 1762
2642 1435
2643 1991
2644 2629
2645 1479
2646 2449
2647 2542
2648 1907
2649 2150
2650 1430
2651 1987
2652 1281
2653 1976
2654 1610
2655 2218
2656 2124
2657 1384
2658 2567
2659 1976
2660 2631
2661 1867
2662 2223
2663 2199
2664 1270
2665 2106
2666 1295
2667 2200
2668 2190
2669 1355
2670 2663
2671 2464
2672 1617
2673 1288
2674 1295
2675 2426
2676 2190
2677 1431
2678 2085
2679 1689
2680 2351
2681 2053
2682 2360
2683 2555
2684 2587
2685 2466
2686 1281
2687 1595
2688 2168
2689 2596
2690 2119
2691 1943
2692 2510
2693 2101
2694 1947
2695 2078
2696 2251
2697 2056
2698 2050
2699 2643
2700 1510
2701 1872
2702 2022
2703 2085
2704 2659
2705 1745
2706 1402
2707 2165
2708 2462
2709 1293
2710 2690
2711 1475
2712 2488
2713 1699
2714 2171
2715 1330
2716 1828
2717 2595
2718 1254
2719 2627
2720 2189
2721 1359
2722 1844
2723 1342
2724 1753
2725 1767
2726 2705
2727 2700
2728 2665
2729 2356
2730 2551
2731 1702
2732 1522
2733 2324
2734 2476
2735 2293
2736 1266
2737 1821
2738 2021
2739 2024
2740 2323
2741 2163
2742 2206
2743 1265
2744 1847
2745 1688
2746 1953
2747 1728
2748 2048
2749 1989
2750 1245
2751 2022
2752 1436
2753 2427
2754 1818
2755 2731
2756 1833
2757 2420
2758 2140
2759 1382
2760 1376
2761 1487
2762 1340
2763 1792
2764 1268
2765 2024
2766 2168
2767 1508
2768 2113
2769 1949
2770 2281
2771 1553
2772 1988
2773 2171
2774 2375
2775 1330
2776 2131
2777 2644
2778 1778
2779 1957
2780 2145
2781 1378
2782 1717
2783 2485
2784 2045
2785 2740
2786 1646
2787 2465
2788 2292
2789 2432
2790 1685
2791 2742
2792 2504
2793 1709
2794 1757
2795 1785
2796 2103
2797 1651
2798 1830
2799 1870
2800 1955
2801 1852
2802 1807
2803 2290
2804 1992
2805 2073
2806 2344
2807 1754
2808 1368
2809 1808
2810 2806
2811 2674
2812 1339
2813 2297
2814 1849
2815 2695
2816 2528
2817 1971
2818 2204
2819 2525
2820 2291
2821 1715
2822 2450
2823 2514
2824 2208
2825 1542
2826 1331
2827 2545
2828 2129
2829 2344
2830 2211
2831 2348
2832 1463
2833 1246
2834 1447
2835 2666
2836 2667
2837 1994
2838 2500
2839 1842
2840 2734
2841 2785
2842 2349
2843 1990
2844 1998
2845 1441
2846 2745
2847 2780
2848 1998
2849 2696
2850 1683
2851 1921
2852 1513
2853 2450
2854 2262
2855 2169
2856 1697
2857 1945
2858 1625
2859 2048
2860 2505
2861 1699
2862 2360
2863 1837
2864 1852
2865 2765
2866 1881
2867 1817
2868 1293
2869 2465
2870 1922
2871 2408
2872 1853
2873 2747
2874 1587
2875 1585
2876 2709
2877 1844
2878 2420
2879 2049
2880 1985
2881 2015
2882 2843
2883 2860
2884 1932
2885 2130
2886 2525
2887 1823
2888 1899
2889 1739
2890 1959
2891 1223
2892 2415
2893 1222
2894 1544
2895 1825
2896 1577
2897 2628
2898 2553
2899 2256
2900 2368
2901 1268
2902 2402
2903 2574
2904 1541
2905 1845
2906 2549
2907 1691
2908 2626
2909 1638
2910 2872
2911 2725
2912 1451
2913 2794
2914 2537
2915 1950
2916 1872
2917 1987
2918 2439
2919 2321
2920 1863
2921 2188
2922 2799
2923 1485
2924 2678
2925 2868
2926 912
2927 1644
2928 1786
2929 1762
2930 1494
2931 1901
2932 1422
2933 1893
2934 2829
2935 1859
2936 2901
2937 2658
2938 2327
2939 2597
2940 2643
2941 2536
2942 1227
2943 2780
2944 1373
2945 1875
2946 1369
2947 2583
2948 1662
2949 1636
2950 2568
2951 2418
2952 1548
2953 2004
2954 2838
2955 2506
2956 2061
2957 2603
2958 1560
2959 2807
2960 2455
2961 1651
2962 1575
2963 2130
2964 2661
2965 1769
2966 1476
2967 2888
2968 2118
2969 2338
2970 1436
2971 1525
2972 2095
2973 1327
2974 1901
2975 1990
2976 1937
2977 2732
2978 2043
2979 2072
2980 2025
2981 2004
2982 2205
2983 1402
2984 1740
2985 2350
2986 1942
2987 2095
2988 2730
2989 1896
2990 2975
2991 1821
2992 2973
2993 1340
2994 2221
2995 2207
2996 2314
2997 1637
2998 1276
2999 1607
3000 1964
3001 2261
3002 2288
3003 2853
3004 2038
3005 2789
3006 2794
3007 2143
3008 2709
3009 1336
3010 2528
3011 1824
3012 1947
3013 2776
3014 1316
3015 1249
3016 2654
3017 2679
3018 1982
3019 2450
3020 1510
3021 2819
3022 2775
3023 2186
3024 2202
3025 1291
3026 1450
3027 2994
3028 2102
3029 1351
3030 1444
3031 1826
3032 1523
3033 1281
3034 2317
3035 2717
3036 1632
3037 2993
3038 2859
3039 2476
3040 2880
3041 2488
3042 1931
3043 1327
3044 1554
3045 1641
3046 2471
3047 1776
3048 2590
3049 1559
3050 1605
3051 1541
3052 1801
3053 1243
3054 1244
3055 1434
3056 2706
3057 2956
3058 1675
3059 2669
3060 2571
3061 1541
3062 2648
3063 1981
3064 1721
3065 2221
3066 1836
3067 2859
3068 3015
3069 2951
3070 1652
3071 2280
3072 1693
3073 2466
3074 2922
3075 1669
3076 1984
3077 1970
3078 2458
3079 1933
3080 1776
3081 2060
3082 2664
3083 1799
3084 3026
3085 2857
3086 2820
3087 2290
3088 2075
3089 2153
3090 1550
3091 2287
3092 2999
3093 1938
3094 1696
3095 1282
3096 2389
3097 1734
3098 2708
3099 2417
3100 1693
3101 1825
3102 1609
3103 2071
3104 2601
3105 1470
3106 1555
3107 2147
3108 1425
3109 1905
3110 2723
3111 2958
3112 1459
3113 3039
3114 2869
3115 1793
3116 2546
3117 1322
3118 2928
3119 1425
3120 2430
3121 3104
3122 2300
3123 2696
3124 2627
3125 2156
3126 1694
3127 2431
3128 1572
3129 1958
3130 2905
3131 2950
3132 2480
3133 1738
3134 2880
3135 2394
3136 3101
3137 2727
3138 2921
3139 1288
3140 2269
3141 2649
3142 1927
3143 2543
3144 2941
3145 2413
3146 2473
3147 1394
3148 2903
3149 2381
3150 3121
3151 2075
3152 2581
3153 2213
3154 2933
3155 2681
3156 3102
3157 1748
3158 2546
3159 2715
3160 2463
3161 2290
3162 2622
3163 1715
3164 2776
3165 1589
3166 1347
3167 1743
3168 1580
3169 1249
3170 2328
3171 1396
3172 1479
3173 1220
3174 2338
3175 2874
3176 2975
3177 2548
3178 1996
3179 2770
3180 2739
3181 2419
3182 3155
3183 1636
3184 2066
3185 1697
3186 1322
3187 1377
3188 1292
3189 2403
3190 2606
3191 3030
3192 1813
3193 2417
3194 2844
3195 1702
3196 2298
3197 1510
3198 1982
3199 2252
3200 2907
3201 1959
3202 2267
3203 2919
3204 3072
3205 1673
3206 3194
3207 1745
3208 1772
3209 2848
3210 1544
3211 1953
3212 1403
3213 2600
3214 3192
3215 2445
3216 3171
3217 1784
3218 2256
3219 1296
3220 2553
3221 2583
3222 2663
3223 2924
3224 2632
3225 2023
3226 1966
3227 1553
3228 2693
3229 3213
3230 2777
3231 2909
3232 2951
3233 1810
3234 2436
3235 2114
3236 3219
3237 1506
3238 2503
3239 3227
3240 2401
3241 2112
3242 2759
3243 1559
3244 1829
3245 3049
3246 1646
3247 1941
3248 2618
3249 2652
3250 3134
3251 2518
3252 3148
3253 1282
3254 1290
3255 1550
3256 2238
3257 1778
3258 2863
3259 2787
3260 2522
3261 1795
3262 3190
3263 3164
3264 1560
3265 2388
3266 1587
3267 1892
3268 1337
3269 3127
3270 2893
3271 2864
3272 2131
3273 2041
3274 3160
3275 1477
3276 1923
3277 2233
3278 2722
3279 1280
3280 2258
3281 2514
3282 1918
3283 1843
3284 3248
3285 2331
3286 3091
3287 1711
3288 3105
3289 3098
3290 3034
3291 2452
3292 2996
3293 2047
3294 2456
3295 2551
3296 2537
3297 2205
3298 2314
3299 2285
3300 2091
3301 2934
3302 2957
3303 1469
3304 2613
3305 1357
3306 2422
3307 1594
3308 2268
3309 2132
3310 1271
3311 2534
3312 2065
3313 2235
3314 2156
3315 3080
3316 1281
3317 2023
3318 2029
3319 3283
3320 2539
3321 3036
3322 2158
3323 3277
3324 2394
3325 1530
3326 2976
3327 1697
3328 1480
3329 3244
3330 3284
3331 3069
3332 1496
3333 1895
3334 2874
3335 3289
3336 1432
3337 3034
3338 1357
3339 3278
3340 1972
3341 3134
3342 1273
3343 1736
3344 1900
3345 3217
3346 2632
3347 1252
3348 2260
3349 2706
3350 1994
3351 2174
3352 3218
3353 2609
3354 2374
3355 1389
3356 2458
3357 2437
3358 2770
3359 1894
3360 1376
3361 2213
3362 3005
3363 1877
3364 2945
3365 1504
3366 1475
3367 2064
3368 2957
3369 2343
3370 1307
3371 3106
3372 2987
3373 2532
3374 2171
3375 2309
3376 1336
3377 2627
3378 2688
3379 3303
3380 2191
3381 1252
3382 2025
3383 2389
3384 2495
3385 1555
3386 1812
3387 2820
3388 2013
3389 2847
3390 1989
3391 2159
3392 3175
3393 1764
3394 1963
3395 2996
3396 2124
3397 3212
3398 1394
3399 2410
3400 2605
3401 1671
3402 1845
3403 2676
3404 3095
3405 1420
3406 2393
3407 3029
3408 1453
3409 3337
3410 1407
3411 3346
3412 1285
3413 1568
3414 1767
3415 2575
3416 2523
3417 1509
3418 2676
3419 1338
3420 1385
3421 1297
3422 2435
3423 2206
3424 3060
3425 1769
3426 1962
3427 1690
3428 2843
3429 1249
3430 1309
3431 2888
3432 2062
3433 2262
3434 2710
3435 2158
3436 1944
3437 3074
3438 3394
3439 1496
3440 2955
3441 2401
3442 2252
3443 1684
3444 3026
3445 2481
3446 2239
3447 1504
3448 3417
3449 1342
3450 3018
3451 3280
3452 1245
3453 3331
3454 2628
3455 2769
3456 2486
3457 1268
3458 1824
3459 1351
3460 1643
3461 2775
3462 2270
3463 1573
3464 3011
3465 3320
3466 1956
3467 2303
3468 2067
3469 1638
3470 2691
3471 2543
3472 1478
3473 1990
3474 1269
3475 2637
3476 2556
3477 3393
3478 1673
3479 2209
3480 2175
3481 3470
3482 1626
3483 2613
3484 1591
3485 1554
3486 1678
3487 2896
3488 1696
3489 1479
3490 1660
3491 3100
3492 2521
3493 1401
3494 3485
3495 1241
3496 1610
3497 3162
3498 1360
3499 2888
3500 1313
3501 2540
3502 2751
3503 2012
3504 2788
3505 3003
3506 2577
3507 3181
3508 2203
3509 3322
3510 2479
3511 2240
3512 1702
3513 2461
3514 2145
3515 2713
3516 1805
3517 3208
3518 2265
3519 3237
3520 1861
3521 3037
3522 2628
3523 3192
3524 3428
3525 1238
3526 2931
3527 1660
3528 1486
3529 2173
3530 2163
3531 1864
3532 2415
3533 3400
3534 1608
3535 1286
3536 2635
3537 2285
3538 3070
3539 2181
3540 2584
3541 3233
3542 2650
3543 2035
3544 2147
3545 2243
3546 2684
3547 2212
3548 3466
3549 2107
3550 2731
3551 1842
3552 3014
3553 2429
3554 2738
3555 2075
3556 2190
3557 2160
3558 3137
3559 1282
3560 2083
3561 2341
3562 2128
3563 2998
3564 2417
3565 3193
3566 2933
3567 1282
3568 2055
3569 1905
3570 2103
3571 1427
3572 3397
3573 1753
3574 1911
3575 2893
3576 3513
3577 2991
3578 2044
3579 2655
3580 3493
3581 2380
3582 1701
3583 2990
3584 1948
3585 2799
3586 2340
3587 3077
3588 3394
3589 3004
3590 3456
3591 1956
3592 1715
3593 3230
3594 1377
3595 2029
3596 2304
3597 2229
3598 1852
3599 2022
3600 2153
3601 1640
3602 2106
3603 3225
3604 3073
3605 2244
3606 1972
3607 2447
3608 3093
3609 2894
3610 1454
3611 2665
3612 1694
3613 1542
3614 3450
3615 1417
3616 1453
3617 2539
3618 2898
3619 2999
3620 2045
3621 1398
3622 1845
3623 3337
3624 2390
3625 1551
3626 2369
3627 3050
3628 1337
3629 3493
3630 2421
3631 3408
3632 1784
3633 2031
3634 2071
3635 1463
3636 3577
3637 2126
3638 1845
3639 1360
3640 1929
3641 1880
3642 2748
3643 1650
3644 1485
3645 1289
3646 3029
3647 1384
3648 2460
3649 2790
3650 1631
3651 1456
3652 1244
3653 3554
3654 3490
3655 1738
3656 1957
3657 3637
3658 3362
3659 1839
3660 1672
3661 2422
3662 1275
3663 2759
3664 2039
3665 2402
3666 2280
3667 1563
3668 3379
3669 2246
3670 3479
3671 3267
3672 2867
3673 3080
3674 1615
3675 1906
3676 2420
3677 2473
3678 3609
3679 1745
3680 1619
3681 1822
3682 1830
3683 2640
3684 2989
3685 3208
3686 3244
3687 1841
3688 1851
3689 1924
3690 1760
3691 3603
3692 3681
3693 3392
3694 2959
3695 1828
3696 1295
3697 1352
3698 3453
3699 3383
3700 3307
3701 3149
3702 1372
3703 3119
3704 3566
3705 3175
3706 1622
3707 1610
3708 1644
3709 2183
3710 2307
3711 1738
3712 1632
3713 3308
3714 1386
3715 1656
3716 1681
3717 1936
3718 2410
3719 1680
3720 3031
3721 1994
3722 3276
3723 1638
3724 3239
3725 3457
3726 3339
3727 1869
3728 2181
3729 3347
3730 3171
3731 2970
3732 3716
3733 2147
3734 3051
3735 1261
3736 1270
3737 2089
3738 1791
3739 2224
3740 1557
3741 2980
3742 2937
3743 3167
3744 3594
3745 2439
3746 3093
3747 2342
3748 1944
3749 2504
3750 3449
3751 2770
3752 2370
3753 2880
3754 2103
3755 3704
3756 2254
3757 3670
3758 3734
3759 2504
3760 1783
3761 2871
3762 3738
3763 1684
3764 2086
3765 1986
3766 2948
3767 2695
3768 1269
3769 3002
3770 3506
3771 2902
3772 3627
3773 2678
3774 3364
3775 2322
3776 3038
3777 3061
3778 3420
3779 2908
3780 3096
3781 2105
3782 2217
3783 2147
3784 1645
3785 2819
3786 1775
3787 1938
3788 3441
3789 3115
3790 3261
3791 3023
3792 2607
3793 1791
3794 3018
3795 1574
3796 3006
3797 3227
3798 2293
3799 2208
3800 2018
3801 3780
3802 2815
3803 2484
3804 1500
3805 2839
3806 2245
3807 3645
3808 3034
3809 3648
3810 3118
3811 3705
3812 2741
3813 3219
3814 2097
3815 1728
3816 3769
3817 2609
3818 1905
3819 2787
3820 3536
3821 2998
3822 2258
3823 1994
3824 3466
3825 2336
3826 2468
3827 1839
3828 2436
3829 3560
3830 3603
3831 3696
3832 3221
3833 1466
3834 1972
3835 1944
3836 2055
3837 2424
3838 2524
3839 3799
3840 2092
3841 2163
3842 2390
3843 2590
3844 2743
3845 2439
3846 3414
3847 1868
3848 3637
3849 2540
3850 1612
3851 2659
3852 2482
3853 3105
3854 1797
3855 2619
3856 1909
3857 1636
3858 3268
3859 3199
3860 1620
3861 1230
3862 3601
3863 2895
3864 1699
3865 2767
3866 1798
3867 3084
3868 2215
3869 1978
3870 3539
3871 1864
3872 3490
3873 1381
3874 2953
3875 3561
3876 2768
3877 2771
3878 1820
3879 2283
3880 1604
3881 1381
3882 1389
3883 3499
3884 1749
3885 2470
3886 2678
3887 2516
3888 3828
3889 2456
3890 2895
3891 3174
3892 2234
3893 3672
3894 3500
3895 3658
3896 1606
3897 1954
3898 2732
3899 3791
3900 1741
3901 1313
3902 3854
3903 2628
3904 2144
3905 3232
3906 2363
3907 2556
3908 2400
3909 2231
3910 3602
3911 3493
3912 1923
3913 1355
3914 1626
3915 2978
3916 3421
3917 3327
3918 1717
3919 1460
3920 1319
3921 1738
3922 3158
3923 2196
3924 1652
3925 2037
3926 1237
3927 2768
3928 1995
3929 1607
3930 1972
3931 1650
3932 2608
3933 1308
3934 1415
3935 1268
3936 1529
3937 2388
3938 1459
3939 1718
3940 3599
3941 2158
3942 3773
3943 1559
3944 3739
3945 2956
3946 2223
3947 3671
3948 2468
3949 1879
3950 2351
3951 1780
3952 1273
3953 3378
3954 1718
3955 3130
3956 3215
3957 3556
3958 1447
3959 1553
3960 2015
3961 1866
3962 1994
3963 3699
3964 3710
3965 1895
3966 2458
3967 2887
3968 1407
3969 2629
3970 1455
3971 3384
3972 1730
3973 1543
3974 2290
3975 2031
3976 3285
3977 1302
3978 2693
3979 1381
3980 1484
3981 2272
3982 3284
3983 2782
3984 2430
3985 3625
3986 3920
3987 2983
3988 3740
3989 2134
3990 3321
3991 1433
3992 3865
3993 1280
3994 3933
3995 3292
3996 3171
3997 3374
3998 2045
3999 2705
4000 3448
4001 1794
4002 3750
4003 2944
4004 1224
4005 2763
4006 2437
4007 1391
4008 2027
4009 3328
4010 2467
4011 2817
4012 1521
4013 3731
4014 3910
4015 1220
4016 3107
4017 2732
4018 2180
4019 2875
4020 3043
4021 2952
4022 2171
4023 3849
4024 2281
4025 3643
4026 2304
4027 3116
4028 3176
4029 1816
4030 3727
4031 1723
4032 3482
4033 2566
4034 3321
4035 1808
4036 2933
4037 3548
4038 2631
4039 3947
4040 1748
4041 3135
4042 1773
4043 1477
4044 3053
4045 1693
4046 3773
4047 2861
4048 1938
4049 2472
4050 1797
4051 2631
4052 3364
4053 1266
4054 2402
4055 2064
4056 1424
4057 1788
4058 1469
4059 1307
4060 2875
4061 3598
4062 1844
4063 1792
4064 1355
4065 1832
4066 2578
4067 1479
4068 1283
4069 3190
4070 1842
4071 2661
4072 2316
4073 2787
4074 3876
4075 3952
4076 1490
4077 1966
4078 1727
4079 1238
4080 2546
4081 2741
4082 3505
4083 3882
4084 2217
4085 1226
4086 2358
4087 2350
4088 3417
4089 3143
4090 2772
4091 3682
4092 1842
4093 2952
4094 1417
4095 2164
4096 2191
4097 3816
4098 3354
4099 3142
4100 1894
4101 2609
4102 3301
4103 2335
4104 1614
4105 2078
4106 2490
4107 3298
4108 3567
4109 1362
4110 4107
4111 2205
4112 3333
4113 3727
4114 1819
4115 1300
4116 2554
4117 4043
4118 3564
4119 1544
4120 3869
4121 1810
4122 3079
4123 2920
4124 2548
4125 3414
4126 2844
4127 3671
4128 1846
4129 1876
4130 2384
4131 1931
4132 2278
4133 1244
4134 2379
4135 3416
4136 2512
4137 2537
4138 3699
4139 1283
4140 3506
4141 1644
4142 1714
4143 1796
4144 3489
4145 2106
4146 2933
4147 1477
4148 1347
4149 2694
4150 4149
4151 4150
4152 4151
4153 4152
4154 4153
4155 4154
4156 4155
4157 4156
4158 4157
4159 4158
4160 4159
4161 4160
4162 4161
4163 4162
4164 4163
4165 4164
4166 4165
4167 4166
4168 4167
4169 4168
4170 4169
4171 4170
4172 4171
4173 4172
4174 4173
4175 4174
4176 4175
4177 4176
4178 4177
4179 4178
4180 4179
4181 4180
4182 4181
4183 4182
4184 4183
4185 4184
4186 4185
4187 4186
4188 4187
4189 4188
4190 4189
4191 4190
4192 4191
4193 4192
4194 4193
4195 4194
4196 4195
4197 4196
4198 4197
4199 4198
4200 4199
4201 4200
4202 4201
4203 4202
4204 4203
4205 4204
4206 4205
4207 4206
4208 4207
4209 4208
4210 4209
4211 4210
4212 4211
4213 4212
4214 4213
4215 4214
4216 4215
4217 4216
4218 4217
4219 4218
4220 4219
4221 4220
4222 4221
4223 4222
4224 4223
4225 4224
4226 4225
4227 4226
4228 4227
4229 4228
4230 4229
4231 4230
4232 4231
4233 4232
4234 4233
4235 4234
4236 4235
4237 4236
4238 4237
4239 4238
4240 4239
4241 4240
4242 4241
4243 4242
4244 4243
4245 4244
4246 4245
4247 4246
4248 4247
4249 4248
4250 4249
4251 4250
4252 4251
4253 4252
4254 4253
4255 4254
4256 4255
4257 4256
4258 4257
4259 4258
4260 4259
4261 4260
4262 4261
4263 4262
4264 4263
4265 4264
4266 4265
4267 4266
4268 4267
4269 4268
4270 4269
4271 4270
4272 4271
4273 4272
4274 4273
4275 4274
4276 4275
4277 4276
4278 4277
4279 4278
4280 4279
4281 4280
4282 4281
4283 4282
4284 4283
4285 4284
4286 4285
4287 4286
4288 4287
4289 4288
4290 4289
4291 4290
4292 4291
4293 4292
4294 4293
4295 4294
4296 4295
4297 4296
4298 4297
4299 4298
4300 4299
4301 4300
4302 4301
4303 4302
4304 4303
4305 4304
4306 4305
4307 4306
4308 4307
4309 4308
4310 4309
4311 4310
4312 4311
4313 4312
4314 4313
4315 4314
4316 4315
4317 4316
4318 4317
4319 4318
4320 4319
4321 4320
4322 4321
4323 4322
4324 4323
4325 4324
4326 4325
4327 4326
4328 4327
4329 4328
4330 4329
4331 4330
4332 4331
4333 4332
4334 4333
4335 4334
4336 4335
4337 4336
4338 4337
4339 4338
4340 4339
4341 4340
4342 4341
4343 4342
4344 4343
4345 4344
4346 4345
4347 4346
4348 4347
4349 4348
4350 4349
4351 4350
4352 4351
4353 4352
4354 4353
4355 4354
4356 4355
4357 4356
4358 4357
4359 4358
4360 4359
4361 4360
4362 4361
4363 4362
4364 4363
4365 4364
4366 4365
4367 4366
4368 4367
4369 4368
4370 4369
4371 4370
4372 4371
4373 4372
4374 4373
4375 4374
4376 4375
4377 4376
4378 4377
4379 4378
4380 4379
4381 4380
4382 4381
4383 4382
4384 4383
4385 4384
4386 4385
4387 4386
4388 4387
4389 4388
4390 4389
4391 4390
4392 4391
4393 4392
4394 4393
4395 4394
4396 4395
4397 4396
4398 4397
4399 4398
4400 4399
4401 4400
4402 4401
4403 4402
4404 4403
4405 4404
4406 4405
4407 4406
4408 4407
4409 4408
4410 4409
4411 4410
4412 4411
4413 4412
4414 4413
4415 4414
4416 4415
4417 4416
4418 4417
4419 4418
4420 4419
4421 4420
4422 4421
4423 4422
4424 4423
4425 4424
4426 4425
4427 4426
4428 4427
4429 4428
4430 4429
4431 4430
4432 4431
4433 4432
4434 4433
4435 4434
4436 4435
4437 4436
4438 4437
4439 4438
4440 4439
4441 4440
4442 4441
4443 4442
4444 4443
4445 4444
4446 4445
4447 4446
4448 4447
4449 4448
4450 4449
4451 4450
4452 4451
4453 4452
4454 4453
4455 4454
4456 4455
4457 4456
4458 4457
4459 4458
4460 4459
4461 4460
4462 4461
4463 4462
4464 4463
4465 4464
4466 4465
4467 4466
4468 4467
4469 4468
4470 4469
4471 4470
4472 4471
4473 4472
4474 4473
4475 4474
4476 4475
4477 4476
4478 4477
4479 4478
4480 4479
4481 4480
4482 4481
4483 4482
4484 4483
4485 4484
4486 4485
4487 4486
4488 4487
4489 4488
4490 4489
4491 4490
4492 4491
4493 4492
4494 4493
4495 4494
4496 4495
4497 4496
4498 4497
4499 4498
4500 4499
4501 4500
4502 4501
4503 4502
4504 4503
4505 4504
4506 4505
4507 4506
4508 4507
4509 4508
4510 4509
4511 4510
4512 4511
4513 4512
4514 4513
4515 4514
4516 4515
4517 4516
4518 4517
4519 4518
4520 4519
4521 4520
4522 4521
4523 4522
4524 4523
4525 4524
4526 4525
4527 4526
4528 4527
4529 4528
4530 4529
4531 4530
4532 4531
4533 4532
4534 4533
4535 4534
4536 4535
4537 4536
4538 4537
4539 4538
4540 4539
4541 4540
4542 4541
4543 4542
4544 4543
4545 4544
4546 4545
4547 4546
4548 4547
4549 4548
4550 4549
4551 4550
4552 4551
4553 4552
4554 4553
4555 4554
4556 4555
4557 4556
4558 4557
4559 4558
4560 4559
4561 4560
4562 4561
4563 4562
4564 4563
4565 4564
4566 4565
4567 4566
4568 4567
4569 4568
4570 4569
4571 4570
4572 4571
4573 4572
4574 4573
4575 4574
4576 4575
4577 4576
4578 4577
4579 4578
4580 4579
4581 4580
4582 4581
4583 4582
4584 4583
4585 4584
4586 4585
4587 4586
4588 4587
4589 4588
4590 4589
4591 4590
4592 4591
4593 4592
4594 4593
4595 4594
4596 4595
4597 4596
4598 4597
4599 4598
4600 4599
4601 4600
4602 4601
4603 4602
4604 4603
4605 4604
4606 4605
4607 4606
4608 4607
4609 4608
4610 4609
4611 4610
4612 4611
4613 4612
4614 4613
4615 4614
4616 4615
4617 4616
4618 4617
4619 4618
4620 4619
4621 4620
4622 4621
4623 4622
4624 4623
4625 4624
4626 4625
4627 4626
4628 4627
4629 4628
4630 4629
4631 4630
4632 4631
4633 4632
4634 4633
4635 4634
4636 4635
4637 4636
4638 4637
4639 4638
4640 4639
4641 4640
4642 4641
4643 4642
4644 4643
4645 4644
4646 4645
4647 4646
4648 4647
4649 4648
4650 4649
4651 4650
4652 4651
4653 4652
4654 4653
4655 4654
4656 4655
4657 4656
4658 4657
4659 4658
4660 4659
4661 4660
4662 4661
4663 4662
4664 4663
4665 4664
4666 4665
4667 4666
4668 4667
4669 4668
4670 4669
4671 4670
4672 4671
4673 4672
4674 4673
4675 4674
4676 4675
4677 4676
4678 4677
4679 4678
4680 4679
4681 4680
4682 4681
4683 4682
4684 4683
4685 4684
4686 4685
4687 4686
4688 4687
4689 4688
4690 4689
4691 4690
4692 4691
4693 4692
4694 4693
4695 4694
4696 4695
4697 4696
4698 4697
4699 4698
4700 4699
4701 4700
4702 4701
4703 4702
4704 4703
4705 4704
4706 4705
4707 4706
4708 4707
4709 4708
4710 4709
4711 4710
4712 4711
4713 4712
4714 4713
4715 4714
4716 4715
4717 4716
4718 4717
4719 4718
4720 4719
4721 4720
4722 4721
4723 4722
4724 4723
4725 4724
4726 4725
4727 4726
4728 4727
4729 4728
4730 4729
4731 4730
4732 4731
4733 4732
4734 4733
4735 4734
4736 4735
4737 4736
4738 4737
4739 4738
4740 4739
4741 4740
4742 4741
4743 4742
4744 4743
4745 4744
4746 4745
4747 4746
4748 4747
4749 4748
4750 4749
4751 4750
4752 4751
4753 4752
4754 4753
4755 4754
4756 4755
4757 4756
4758 4757
4759 4758
4760 4759
4761 4760
4762 4761
4763 4762
4764 4763
4765 4764
4766 4765
4767 4766
4768 4767
4769 4768
4770 4769
4771 4770
4772 4771
4773 4772
4774 4773
4775 4774
4776 4775
4777 4776
4778 4777
4779 4778
4780 4779
4781 4780
4782 4781
4783 4782
4784 4783
4785 4784
4786 4785
4787 4786
4788 4787
4789 4788
4790 4789
4791 4790
4792 4791
4793 4792
4794 4793
4795 4794
4796 4795
4797 4796
4798 4797
4799 4798
4800 4799
4801 4800
4802 4801
4803 4802
4804 4803
4805 4804
4806 4805
4807 4806
4808 4807
4809 4808
4810 4809
4811 4810
4812 4811
4813 4812
4814 4813
4815 4814
4816 4815
4817 4816
4818 4817
4819 4818
4820 4819
4821 4820
4822 4821
4823 4822
4824 4823
4825 4824
4826 4825
4827 4826
4828 4827
4829 4828
4830 4829
4831 4830
4832 4831
4833 4832
4834 4833
4835 4834
4836 4835
4837 4836
4838 4837
4839 4838
4840 4839
4841 4840
4842 4841
4843 4842
4844 4843
4845 4844
4846 4845
4847 4846
4848 4847
4849 4848
4850 4849
4851 4850
4852 4851
4853 4852
4854 4853
4855 4854
4856 4855
4857 4856
4858 4857
4859 4858
4860 4859
4861 4860
4862 4861
4863 4862
4864 4863
4865 4864
4866 4865
4867 4866
4868 4867
4869 4868
4870 4869
4871 4870
4872 4871
4873 4872
4874 4873
4875 4874
4876 4875
4877 4876
4878 4877
4879 4878
4880 4879
4881 4880
4882 4881
4883 4882
4884 4883
4885 4884
4886 4885
4887 4886
4888 4887
4889 4888
4890 4889
4891 4890
4892 4891
4893 4892
4894 4893
4895 4894
4896 4895
4897 4896
4898 4897
4899 4898
4900 4899
4901 4900
4902 4901
4903 4902
4904 4903
4905 4904
4906 4905
4907 4906
4908 4907
4909 4908
4910 4909
4911 4910
4912 4911
4913 4912
4914 4913
4915 4914
4916 4915
4917 4916
4918 4917
4919 4918
4920 4919
4921 4920
4922 4921
4923 4922
4924 4923
4925 4924
4926 4925
4927 4926
4928 4927
4929 4928
4930 4929
4931 4930
4932 4931
4933 4932
4934 4933
4935 4934
4936 4935
4937 4936
4938 4937
4939 4938
4940 4939
4941 4940
4942 4941
4943 4942
4944 4943
4945 4944
4946 4945
4947 4946
4948 4947
4949 4948
4950 4949
4951 4950
4952 4951
4953 4952
4954 4953
4955 4954
4956 4955
4957 4956
4958 4957
4959 4958
4960 4959
4961 4960
4962 4961
4963 4962
4964 4963
4965 4964
4966 4965
4967 4966
4968 4967
4969 4968
4970 4969
4971 4970
4972 4971
4973 4972
4974 4973
4975 4974
4976 4975
4977 4976
4978 4977
4979 4978
4980 4979
4981 4980
4982 4981
4983 4982
4984 4983
4985 4984
4986 4985
4987 4986
4988 4987
4989 4988
4990 4989
4991 4990
4992 4991
4993 4992
4994 4993
4995 4994
4996 4995
4997 4996
4998 4997
4999 4998
5000 4999
5001 5000
5002 5001
5003 5002
5004 5003
5005 5004
5006 5005
5007 5006
5008 5007
5009 5008
5010 5009
5011 5010
5012 5011
5013 5012
5014 5013
5015 5014
5016 5015
5017 5016
5018 5017
5019 5018
5020 5019
5021 5020
5022 5021
5023 5022
5024 5023
5025 5024
5026 5025
5027 5026
5028 5027
5029 5028
5030 5029
5031 5030
5032 5031
5033 5032
5034 5033
5035 5034
5036 5035
5037 5036
5038 5037
5039 5038
5040 5039
5041 5040
5042 5041
5043 5042
5044 5043
5045 5044
5046 5045
5047 5046
5048 5047
5049 5048
5050 5049
5051 5050
5052 5051
5053 5052
5054 5053
5055 5054
5056 5055
5057 5056
5058 5057
5059 5058
5060 5059
5061 5060
5062 5061
5063 5062
5064 5063
5065 5064
5066 5065
5067 5066
5068 5067
5069 5068
5070 5069
5071 5070
5072 5071
5073 5072
5074 5073
5075 5074
5076 5075
5077 5076
5078 5077
5079 5078
5080 5079
5081 5080
5082 5081
5083 5082
5084 5083
5085 5084
5086 5085
5087 5086
5088 5087
5089 5088
5090 5089
5091 5090
5092 5091
5093 5092
5094 5093
5095 5094
5096 5095
5097 5096
5098 5097
5099 5098
5100 5099
5101 5100
5102 5101
5103 5102
5104 5103
5105 5104
5106 5105
5107 5106
5108 5107
5109 5108
5110 5109
5111 5110
5112 5111
5113 5112
5114 5113
5115 5114
5116 5115
5117 5116
5118 5117
5119 5118
5120 5119
5121 5120
5122 5121
5123 5122
5124 5123
5125 5124
5126 5125
5127 5126
5128 5127
5129 5128
5130 5129
5131 5130
5132 5131
5133 5132
5134 5133
5135 5134
5136 5135
5137 5136
5138 5137
5139 5138
5140 5139
5141 5140
5142 5141
5143 5142
5144 5143
5145 5144
5146 5145
5147 5146
5148 5147
5149 5148
5150 5149
5151 5150
5152 5151
5153 5152
5154 5153
5155 5154
5156 5155
5157 5156
5158 5157
5159 5158
5160 5159
5161 5160
5162 5161
5163 5162
5164 5163
5165 5164
5166 5165
5167 5166
5168 5167
5169 5168
5170 5169
5171 5170
5172 5171
5173 5172
5174 5173
5175 5174
5176 5175
5177 5176
5178 5177
5179 5178
5180 5179
5181 5180
5182 5181
5183 5182
5184 5183
5185 5184
5186 5185
5187 5186
5188 5187
5189 5188
5190 5189
5191 5190
5192 5191
5193 5192
5194 5193
5195 5194
5196 5195
5197 5196
5198 5197
5199 5198
5200 5199
5201 5200
5202 5201
5203 5202
5204 5203
5205 5204
5206 5205
5207 5206
5208 5207
5209 5208
5210 5209
5211 5210
5212 5211
5213 5212
5214 5213
5215 5214
5216 5215
5217 5216
5218 5217
5219 5218
5220 5219
5221 5220
5222 5221
5223 5222
5224 5223
5225 5224
5226 5225
5227 5226
5228 5227
5229 5228
5230 5229
5231 5230
5232 5231
5233 5232
5234 5233
5235 5234
5236 5235
5237 5236
5238 5237
5239 5238
5240 5239
5241 5240
5242 5241
5243 5242
5244 5243
5245 5244
5246 5245
5247 5246
5248 5247
5249 5248
5250 5249
5251 5250
5252 5251
5253 5252
5254 5253
5255 5254
5256 5255
5257 5256
5258 5257
5259 5258
5260 5259
5261 5260
5262 5261
5263 5262
5264 5263
5265 5264
5266 5265
5267 5266
5268 5267
5269 5268
5270 5269
5271 5270
5272 5271
5273 5272
5274 5273
5275 5274
5276 5275
5277 5276
5278 5277
5279 5278
5280 5279
5281 5280
5282 5281
5283 5282
5284 5283
5285 5284
5286 5285
5287 5286
5288 5287
5289 5288
5290 5289
5291 5290
5292 5291
5293 5292
5294 5293
5295 5294
5296 5295
5297 5296
5298 5297
5299 5298
5300 5299
5301 5300
5302 5301
5303 5302
5304 5303
5305 5304
5306 5305
5307 5306
5308 5307
5309 5308
5310 5309
5311 5310
5312 5311
5313 5312
5314 5313
5315 5314
5316 5315
5317 5316
5318 5317
5319 5318
5320 5319
5321 5320
5322 5321
5323 5322
5324 5323
5325 5324
5326 5325
5327 5326
5328 5327
5329 5328
5330 5329
5331 5330
5332 5331
5333 5332
5334 5333
5335 5334
5336 5335
5337 5336
5338 5337
5339 5338
5340 5339
5341 5340
5342 5341
5343 5342
5344 5343
5345 5344
5346 5345
5347 5346
5348 5347
5349 5348
5350 5349
5351 5350
5352 5351
5353 5352
5354 5353
5355 5354
5356 5355
5357 5356
5358 5357
5359 5358
5360 5359
5361 5360
5362 5361
5363 5362
5364 5363
5365 5364
5366 5365
5367 5366
5368 5367
5369 5368
5370 5369
5371 5370
5372 5371
5373 5372
5374 5373
5375 5374
5376 5375
5377 5376
5378 5377
5379 5378
5380 5379
5381 5380
5382 5381
5383 5382
5384 5383
5385 5384
5386 5385
5387 5386
5388 5387
5389 5388
5390 5389
5391 5390
5392 5391
5393 5392
5394 5393
5395 5394
5396 5395
5397 5396
5398 5397
5399 5398
5400 5399
5401 5400
5402 5401
5403 5402
5404 5403
5405 5404
5406 5405
5407 5406
5408 5407
5409 5408
5410 5409
5411 5410
5412 5411
5413 5412
5414 5413
5415 5414
5416 5415
5417 5416
5418 5417
5419 5418
5420 5419
5421 5420
5422 5421
5423 5422
5424 5423
5425 5424
5426 5425
5427 5426
5428 5427
5429 5428
5430 5429
5431 5430
5432 5431
5433 5432
5434 5433
5435 5434
5436 5435
5437 5436
5438 5437
5439 5438
5440 5439
5441 5440
5442 5441
5443 5442
5444 5443
5445 5444
5446 5445
5447 5446
5448 5447
5449 5448
5450 5449
5451 5450
5452 5451
5453 5452
5454 5453
5455 5454
5456 5455
5457 5456
5458 5457
5459 5458
5460 5459
5461 5460
5462 5461
5463 5462
5464 5463
5465 5464
5466 5465
5467 5466
5468 5467
5469 5468
5470 5469
5471 5470
5472 5471
5473 5472
5474 5473
5475 5474
5476 5475
5477 5476
5478 5477
5479 5478
5480 5479
5481 5480
5482 5481
5483 5482
5484 5483
5485 5484
5486 5485
5487 5486
5488 5487
5489 5488
5490 5489
5491 5490
5492 5491
5493 5492
5494 5493
5495 5494
5496 5495
5497 5496
5498 5497
5499 5498
5500 5499
5501 5500
5502 5501
5503 5502
5504 5503
5505 5504
5506 5505
5507 5506
5508 5507
5509 5508
5510 5509
5511 5510
5512 5511
5513 5512
5514 5513
5515 5514
5516 5515
5517 5516
5518 5517
5519 5518
5520 5519
5521 5520
5522 5521
5523 5522
5524 5523
5525 5524
5526 5525
5527 5526
5528 5527
5529 5528
5530 5529
5531 5530
5532 5531
5533 5532
5534 5533
5535 5534
5536 5535
5537 5536
5538 5537
5539 5538
5540 5539
5541 5540
5542 5541
5543 5542
5544 5543
5545 5544
5546 5545
5547 5546
5548 5547
5549 5548
5550 5549
5551 5550
5552 5551
5553 5552
5554 5553
5555 5554
5556 5555
5557 5556
5558 5557
5559 5558
5560 5559
5561 5560
5562 5561
5563 5562
5564 5563
5565 5564
5566 5565
5567 5566
5568 5567
5569 5568
5570 5569
5571 5570
5572 5571
5573 5572
5574 5573
5575 5574
5576 5575
5577 5576
5578 5577
5579 5578
5580 5579
5581 5580
5582 5581
5583 5582
5584 5583
5585 5584
5586 5585
5587 5586
5588 5587
5589 5588
5590 5589
5591 5590
5592 5591
5593 5592
5594 5593
5595 5594
5596 5595
5597 5596
5598 5597
5599 5598
5600 5599
5601 5600
5602 5601
5603 5602
5604 5603
5605 5604
5606 5605
5607 5606
5608 5607
5609 5608
5610 5609
5611 5610
5612 5611
5613 5612
5614 5613
5615 5614
5616 5615
5617 5616
5618 5617
5619 5618
5620 5619
5621 5620
5622 5621
5623 5622
5624 5623
5625 5624
5626 5625
5627 5626
5628 5627
5629 5628
5630 5629
5631 5630
5632 5631
5633 5632
5634 5633
5635 5634
5636 5635
5637 5636
5638 5637
5639 5638
5640 5639
5641 5640
5642 5641
5643 5642
5644 5643
5645 5644
5646 5645
5647 5646
5648 5647
5649 5648
5650 5649
5651 5650
5652 5651
5653 5652
5654 5653
5655 5654
5656 5655
5657 5656
5658 5657
5659 5658
5660 5659
5661 5660
5662 5661
5663 5662
5664 5663
5665 5664
5666 5665
5667 5666
5668 5667
5669 5668
5670 5669
5671 5670
5672 5671
5673 5672
5674 5673
5675 5674
5676 5675
5677 5676
5678 5677
5679 5678
5680 5679
5681 5680
5682 5681
5683 5682
5684 5683
5685 5684
5686 5685
5687 5686
5688 5687
5689 5688
5690 5689
5691 5690
5692 5691
5693 5692
5694 5693
5695 5694
5696 5695
5697 5696
5698 5697
5699 5698
5700 5699
5701 5700
5702 5701
5703 5702
5704 5703
5705 5704
5706 5705
5707 5706
5708 5707
5709 5708
5710 5709
5711 5710
5712 5711
5713 5712
5714 5713
5715 5714
5716 5715
5717 5716
5718 5717
5719 5718
5720 5719
5721 5720
5722 5721
5723 5722
5724 5723
5725 5724
5726 5725
5727 5726
5728 5727
5729 5728
5730 5729
5731 5730
5732 5731
5733 5732
5734 5733
5735 5734
5736 5735
5737 5736
5738 5737
5739 5738
5740 5739
5741 5740
5742 5741
5743 5742
5744 5743
5745 5744
5746 5745
5747 5746
5748 5747
5749 5748
5750 5749
5751 5750
5752 5751
5753 5752
5754 5753
5755 5754
5756 5755
5757 5756
5758 5757
5759 5758
5760 5759
5761 5760
5762 5761
5763 5762
5764 5763
5765 5764
5766 5765
5767 5766
5768 5767
5769 5768
5770 5769
5771 5770
5772 5771
5773 5772
5774 5773
5775 5774
5776 5775
5777 5776
5778 5777
5779 5778
5780 5779
5781 5780
5782 5781
5783 5782
5784 5783
5785 5784
5786 5785
5787 5786
5788 5787
5789 5788
5790 5789
5791 5790
5792 5791
5793 5792
5794 5793
5795 5794
5796 5795
5797 5796
5798 5797
5799 5798
5800 5799
5801 5800
5802 5801
5803 5802
5804 5803
5805 5804
5806 5805
5807 5806
5808 5807
5809 5808
5810 5809
5811 5810
5812 5811
5813 5812
5814 5813
5815 5814
5816 5815
5817 5816
5818 5817
5819 5818
5820 5819
5821 5820
5822 5821
5823 5822
5824 5823
5825 5824
5826 5825
5827 5826
5828 5827
5829 5828
5830 5829
5831 5830
5832 5831
5833 5832
5834 5833
5835 5834
5836 5835
5837 5836
5838 5837
5839 5838
5840 5839
5841 5840
5842 5841
5843 5842
5844 5843
5845 5844
5846 5845
5847 5846
5848 5847
5849 5848
5850 5849
5851 5850
5852 5851
5853 5852
5854 5853
5855 5854
5856 5855
5857 5856
5858 5857
5859 5858
5860 5859
5861 5860
5862 5861
5863 5862
5864 5863
5865 5864
5866 5865
5867 5866
5868 5867
5869 5868
5870 5869
5871 5870
5872 5871
5873 5872
5874 5873
5875 5874
5876 5875
5877 5876
5878 5877
5879 5878
5880 5879
5881 5880
5882 5881
5883 5882
5884 5883
5885 5884
5886 5885
5887 5886
5888 5887
5889 5888
5890 5889
5891 5890
5892 5891
5893 5892
5894 5893
5895 5894
5896 5895
5897 5896
5898 5897
5899 5898
5900 5899
5901 5900
5902 5901
5903 5902
5904 5903
5905 5904
5906 5905
5907 5906
5908 5907
5909 5908
5910 5909
5911 5910
5912 5911
5913 5912
5914 5913
5915 5914
5916 5915
5917 5916
5918 5917
5919 5918
5920 5919
5921 5920
5922 5921
5923 5922
5924 5923
5925 5924
5926 5925
5927 5926
5928 5927
5929 5928
5930 5929
5931 5930
5932 5931
5933 5932
5934 5933
5935 5934
5936 5935
5937 5936
5938 5937
5939 5938
5940 5939
5941 5940
5942 5941
5943 5942
5944 5943
5945 5944
5946 5945
5947 5946
5948 5947
5949 5948
5950 5949
5951 5950
5952 5951
5953 5952
5954 5953
5955 5954
5956 5955
5957 5956
5958 5957
5959 5958
5960 5959
5961 5960
5962 5961
5963 5962
5964 5963
5965 5964
5966 5965
5967 5966
5968 5967
5969 5968
5970 5969
5971 5970
5972 5971
5973 5972
5974 5973
5975 5974
5976 5975
5977 5976
5978 5977
5979 5978
5980 5979
5981 5980
5982 5981
5983 5982
5984 5983
5985 5984
5986 5985
5987 5986
5988 5987
5989 5988
5990 5989
5991 5990
5992 5991
5993 5992
5994 5993
5995 5994
5996 5995
5997 5996
5998 5997
5999 5998
6000 5999
6001 6000
6002 6001
6003 6002
6004 6003
6005 6004
6006 6005
6007 6006
6008 6007
6009 6008
6010 6009
6011 6010
6012 6011
6013 6012
6014 6013
6015 6014
6016 6015
6017 6016
6018 6017
6019 6018
6020 6019
6021 6020
6022 6021
6023 6022
6024 6023
6025 6024
6026 6025
6027 6026
6028 6027
6029 6028
6030 6029
6031 6030
6032 6031
6033 6032
6034 6033
6035 6034
6036 6035
6037 6036
6038 6037
6039 6038
6040 6039
6041 6040
6042 6041
6043 6042
6044 6043
6045 6044
6046 6045
6047 6046
6048 6047
6049 6048
6050 6049
6051 6050
6052 6051
6053 6052
6054 6053
6055 6054
6056 6055
6057 6056
6058 6057
6059 6058
6060 6059
6061 6060
6062 6061
6063 6062
6064 6063
6065 6064
6066 6065
6067 6066
6068 6067
6069 6068
6070 6069
6071 6070
6072 6071
6073 6072
6074 6073
6075 6074
6076 6075
6077 6076
6078 6077
6079 6078
6080 6079
6081 6080
6082 6081
6083 6082
6084 6083
6085 6084
6086 6085
6087 6086
6088 6087
6089 6088
6090 6089
6091 6090
6092 6091
6093 6092
6094 6093
6095 6094
6096 6095
6097 6096
6098 6097
6099 6098
6100 6099
6101 6100
6102 6101
6103 6102
6104 6103
6105 6104
6106 6105
6107 6106
6108 6107
6109 6108
6110 6109
6111 6110
6112 6111
6113 6112
6114 6113
6115 6114
6116 6115
6117 6116
6118 6117
6119 6118
6120 6119
6121 6120
6122 6121
6123 6122
6124 6123
6125 6124
6126 6125
6127 6126
6128 6127
6129 6128
6130 6129
6131 6130
6132 6131
6133 6132
6134 6133
6135 6134
6136 6135
6137 6136
6138 6137
6139 6138
6140 6139
6141 6140
6142 6141
6143 6142
6144 6143
6145 6144
6146 6145
6147 6146
6148 6147
6149 6148
6150 6149
6151 6150
6152 6151
6153 6152
6154 6153
6155 6154
6156 6155
6157 6156
6158 6157
6159 6158
6160 6159
6161 6160
6162 6161
6163 6162
6164 6163
6165 6164
6166 6165
6167 6166
6168 6167
6169 6168
6170 6169
6171 6170
6172 6171
6173 6172
6174 6173
6175 6174
6176 6175
6177 6176
6178 6177
6179 6178
6180 6179
6181 6180
6182 6181
6183 6182
6184 6183
6185 6184
6186 6185
6187 6186
6188 6187
6189 6188
6190 6189
6191 6190
6192 6191
6193 6192
6194 6193
6195 6194
6196 6195
6197 6196
6198 6197
6199 6198
6200 6199
6201 6200
6202 6201
6203 6202
6204 6203
6205 6204
6206 6205
6207 6206
6208 6207
6209 6208
6210 6209
6211 6210
6212 6211
6213 6212
6214 6213
6215 6214
6216 6215
6217 6216
6218 6217
6219 6218
6220 6219
6221 6220
6222 6221
6223 6222
6224 6223
6225 6224
6226 6225
6227 6226
6228 6227
6229 6228
6230 6229
6231 6230
6232 6231
6233 6232
6234 6233
6235 6234
6236 6235
6237 6236
6238 6237
6239 6238
6240 6239
6241 6240
6242 6241
6243 6242
6244 6243
6245 6244
6246 6245
6247 6246
6248 6247
6249 6248
6250 6249
6251 6250
6252 6251
6253 6252
6254 6253
6255 6254
6256 6255
6257 6256
6258 6257
6259 6258
6260 6259
6261 6260
6262 6261
6263 6262
6264 6263
6265 6264
6266 6265
6267 6266
6268 6267
6269 6268
6270 6269
6271 6270
6272 6271
6273 6272
6274 6273
6275 6274
6276 6275
6277 6276
6278 6277
6279 6278
6280 6279
6281 6280
6282 6281
6283 6282
6284 6283
6285 6284
6286 6285
6287 6286
6288 6287
6289 6288
6290 6289
6291 6290
6292 6291
6293 6292
6294 6293
6295 6294
6296 6295
6297 6296
6298 6297
6299 6298
6300 6299
6301 6300
6302 6301
6303 6302
6304 6303
6305 6304
6306 6305
6307 6306
6308 6307
6309 6308
6310 6309
6311 6310
6312 6311
6313 6312
6314 6313
6315 6314
6316 6315
6317 6316
6318 6317
6319 6318
6320 6319
6321 6320
6322 6321
6323 6322
6324 6323
6325 6324
6326 6325
6327 6326
6328 6327
6329 6328
6330 6329
6331 6330
6332 6331
6333 6332
6334 6333
6335 6334
6336 6335
6337 6336
6338 6337
6339 6338
6340 6339
6341 6340
6342 6341
6343 6342
6344 6343
6345 6344
6346 6345
6347 6346
6348 6347
6349 6348
6350 6349
6351 6350
6352 6351
6353 6352
6354 6353
6355 6354
6356 6355
6357 6356
6358 6357
6359 6358
6360 6359
6361 6360
6362 6361
6363 6362
6364 6363
6365 6364
6366 6365
6367 6366
6368 6367
6369 6368
6370 6369
6371 6370
6372 6371
6373 6372
6374 6373
6375 6374
6376 6375
6377 6376
6378 6377
6379 6378
6380 6379
6381 6380
6382 6381
6383 6382
6384 6383
6385 6384
6386 6385
6387 6386
6388 6387
6389 6388
6390 6389
6391 6390
6392 6391
6393 6392
6394 6393
6395 6394
6396 6395
6397 6396
6398 6397
6399 6398
6400 6399
6401 6400
6402 6401
6403 6402
6404 6403
6405 6404
6406 6405
6407 6406
6408 6407
6409 6408
6410 6409
6411 6410
6412 6411
6413 6412
6414 6413
6415 6414
6416 6415
6417 6416
6418 6417
6419 6418
6420 6419
6421 6420
6422 6421
6423 6422
6424 6423
6425 6424
6426 6425
6427 6426
6428 6427
6429 6428
6430 6429
6431 6430
6432 6431
6433 6432
6434 6433
6435 6434
6436 6435
6437 6436
6438 6437
6439 6438
6440 6439
6441 6440
6442 6441
6443 6442
6444 6443
6445 6444
6446 6445
6447 6446
6448 6447
6449 6448
6450 6449
6451 6450
6452 6451
6453 6452
6454 6453
6455 6454
6456 6455
6457 6456
6458 6457
6459 6458
6460 6459
6461 6460
6462 6461
6463 6462
6464 6463
6465 6464
6466 6465
6467 6466
6468 6467
6469 6468
6470 6469
6471 6470
6472 6471
6473 6472
6474 6473
6475 6474
6476 6475
6477 6476
6478 6477
6479 6478
6480 6479
6481 6480
6482 6481
6483 6482
6484 6483
6485 6484
6486 6485
6487 6486
6488 6487
6489 6488
6490 6489
6491 6490
6492 6491
6493 6492
6494 6493
6495 6494
6496 6495
6497 6496
6498 6497
6499 6498
6500 6499
6501 6500
6502 6501
6503 6502
6504 6503
6505 6504
6506 6505
6507 6506
6508 6507
6509 6508
6510 6509
6511 6510
6512 6511
6513 6512
6514 6513
6515 6514
6516 6515
6517 6516
6518 6517
6519 6518
6520 6519
6521 6520
6522 6521
6523 6522
6524 6523
6525 6524
6526 6525
6527 6526
6528 6527
6529 6528
6530 6529
6531 6530
6532 6531
6533 6532
6534 6533
6535 6534
6536 6535
6537 6536
6538 6537
6539 6538
6540 6539
6541 6540
6542 6541
6543 6542
6544 6543
6545 6544
6546 6545
6547 6546
6548 6547
6549 6548
6550 6549
6551 6550
6552 6551
6553 6552
6554 6553
6555 6554
6556 6555
6557 6556
6558 6557
6559 6558
6560 6559
6561 6560
6562 6561
6563 6562
6564 6563
6565 6564
6566 6565
6567 6566
6568 6567
6569 6568
6570 6569
6571 6570
6572 6571
6573 6572
6574 6573
6575 6574
6576 6575
6577 6576
6578 6577
6579 6578
6580 6579
6581 6580
6582 6581
6583 6582
6584 6583
6585 6584
6586 6585
6587 6586
6588 6587
6589 6588
6590 6589
6591 6590
6592 6591
6593 6592
6594 6593
6595 6594
6596 6595
6597 6596
6598 6597
6599 6598
6600 6599
6601 6600
6602 6601
6603 6602
6604 6603
6605 6604
6606 6605
6607 6606
6608 6607
6609 6608
6610 6609
6611 6610
6612 6611
6613 6612
6614 6613
6615 6614
6616 6615
6617 6616
6618 6617
6619 6618
6620 6619
6621 6620
6622 6621
6623 6622
6624 6623
6625 6624
6626 6625
6627 6626
6628 6627
6629 6628
6630 6629
6631 6630
6632 6631
6633 6632
6634 6633
6635 6634
6636 6635
6637 6636
6638 6637
6639 6638
6640 6639
6641 6640
6642 6641
6643 6642
6644 6643
6645 6644
6646 6645
6647 6646
6648 6647
6649 6648
6650 6649
6651 6650
6652 6651
6653 6652
6654 6653
6655 6654
6656 6655
6657 6656
6658 6657
6659 6658
6660 6659
6661 6660
6662 6661
6663 6662
6664 6663
6665 6664
6666 6665
6667 6666
6668 6667
6669 6668
6670 6669
6671 6670
6672 6671
6673 6672
6674 6673
6675 6674
6676 6675
6677 6676
6678 6677
6679 6678
6680 6679
6681 6680
6682 6681
6683 6682
6684 6683
6685 6684
6686 6685
6687 6686
6688 6687
6689 6688
6690 6689
6691 6690
6692 6691
6693 6692
6694 6693
6695 6694
6696 6695
6697 6696
6698 6697
6699 6698
6700 6699
6701 6700
6702 6701
6703 6702
6704 6703
6705 6704
6706 6705
6707 6706
6708 6707
6709 6708
6710 6709
6711 6710
6712 6711
6713 6712
6714 6713
6715 6714
6716 6715
6717 6716
6718 6717
6719 6718
6720 6719
6721 6720
6722 6721
6723 6722
6724 6723
6725 6724
6726 6725
6727 6726
6728 6727
6729 6728
6730 6729
6731 6730
6732 6731
6733 6732
6734 6733
6735 6734
6736 6735
6737 6736
6738 6737
6739 6738
6740 6739
6741 6740
6742 6741
6743 6742
6744 6743
6745 6744
6746 6745
6747 6746
6748 6747
6749 6748
6750 6749
6751 6750
6752 6751
6753 6752
6754 6753
6755 6754
6756 6755
6757 6756
6758 6757
6759 6758
6760 6759
6761 6760
6762 6761
6763 6762
6764 6763
6765 6764
6766 6765
6767 6766
6768 6767
6769 6768
6770 6769
6771 6770
6772 6771
6773 6772
6774 6773
6775 6774
6776 6775
6777 6776
6778 6777
6779 6778
6780 6779
6781 6780
6782 6781
6783 6782
6784 6783
6785 6784
6786 6785
6787 6786
6788 6787
6789 6788
6790 6789
6791 6790
6792 6791
6793 6792
6794 6793
6795 6794
6796 6795
6797 6796
6798 6797
6799 6798
6800 6799
6801 6800
6802 6801
6803 6802
6804 6803
6805 6804
6806 6805
6807 6806
6808 6807
6809 6808
6810 6809
6811 6810
6812 6811
6813 6812
6814 6813
6815 6814
6816 6815
6817 6816
6818 6817
6819 6818
6820 6819
6821 6820
6822 6821
6823 6822
6824 6823
6825 6824
6826 6825
6827 6826
6828 6827
6829 6828
6830 6829
6831 6830
6832 6831
6833 6832
6834 6833
6835 6834
6836 6835
6837 6836
6838 6837
6839 6838
6840 6839
6841 6840
6842 6841
6843 6842
6844 6843
6845 6844
6846 6845
6847 6846
6848 6847
6849 6848
6850 6849
6851 6850
6852 6851
6853 6852
6854 6853
6855 6854
6856 6855
6857 6856
6858 6857
6859 6858
6860 6859
6861 6860
6862 6861
6863 6862
6864 6863
6865 6864
6866 6865
6867 6866
6868 6867
6869 6868
6870 6869
6871 6870
6872 6871
6873 6872
6874 6873
6875 6874
6876 6875
6877 6876
6878 6877
6879 6878
6880 6879
6881 6880
6882 6881
6883 6882
6884 6883
6885 6884
6886 6885
6887 6886
6888 6887
6889 6888
6890 6889
6891 6890
6892 6891
6893 6892
6894 6893
6895 6894
6896 6895
6897 6896
6898 6897
6899 6898
6900 6899
6901 6900
6902 6901
6903 6902
6904 6903
6905 6904
6906 6905
6907 6906
6908 6907
6909 6908
6910 6909
6911 6910
6912 6911
6913 6912
6914 6913
6915 6914
6916 6915
6917 6916
6918 6917
6919 6918
6920 6919
6921 6920
6922 6921
6923 6922
6924 6923
6925 6924
6926 6925
6927 6926
6928 6927
6929 6928
6930 6929
6931 6930
6932 6931
6933 6932
6934 6933
6935 6934
6936 6935
6937 6936
6938 6937
6939 6938
6940 6939
6941 6940
6942 6941
6943 6942
6944 6943
6945 6944
6946 6945
6947 6946
6948 6947
6949 6948
6950 6949
6951 6950
6952 6951
6953 6952
6954 6953
6955 6954
6956 6955
6957 6956
6958 6957
6959 6958
6960 6959
6961 6960
6962 6961
6963 6962
6964 6963
6965 6964
6966 6965
6967 6966
6968 6967
6969 6968
6970 6969
6971 6970
6972 6971
6973 6972
6974 6973
6975 6974
6976 6975
6977 6976
6978 6977
6979 6978
6980 6979
6981 6980
6982 6981
6983 6982
6984 6983
6985 6984
6986 6985
6987 6986
6988 6987
6989 6988
6990 6989
6991 6990
6992 6991
6993 6992
6994 6993
6995 6994
6996 6995
6997 6996
6998 6997
6999 6998
7000 6999
7001 7000
7002 7001
7003 7002
7004 7003
7005 7004
7006 7005
7007 7006
7008 7007
7009 7008
7010 7009
7011 7010
7012 7011
7013 7012
7014 7013
7015 7014
7016 7015
7017 7016
7018 7017
7019 7018
7020 7019
7021 7020
7022 7021
7023 7022
7024 7023
7025 7024
7026 7025
7027 7026
7028 7027
7029 7028
7030 7029
7031 7030
7032 7031
7033 7032
7034 7033
7035 7034
7036 7035
7037 7036
7038 7037
7039 7038
7040 7039
7041 7040
7042 7041
7043 7042
7044 7043
7045 7044
7046 7045
7047 7046
7048 7047
7049 7048
7050 7049
7051 7050
7052 7051
7053 7052
7054 7053
7055 7054
7056 7055
7057 7056
7058 7057
7059 7058
7060 7059
7061 7060
7062 7061
7063 7062
7064 7063
7065 7064
7066 7065
7067 7066
7068 7067
7069 7068
7070 7069
7071 7070
7072 7071
7073 7072
7074 7073
7075 7074
7076 7075
7077 7076
7078 7077
7079 7078
7080 7079
7081 7080
7082 7081
7083 7082
7084 7083
7085 7084
7086 7085
7087 7086
7088 7087
7089 7088
7090 7089
7091 7090
7092 7091
7093 7092
7094 7093
7095 7094
7096 7095
7097 7096
7098 7097
7099 7098
7100 7099
7101 7100
7102 7101
7103 7102
7104 7103
7105 7104
7106 7105
7107 7106
7108 7107
7109 7108
7110 7109
7111 7110
7112 7111
7113 7112
7114 7113
7115 7114
7116 7115
7117 7116
7118 7117
7119 7118
7120 7119
7121 7120
7122 7121
7123 7122
7124 7123
7125 7124
7126 7125
7127 7126
7128 7127
7129 7128
7130 7129
7131 7130
7132 7131
7133 7132
7134 7133
7135 7134
7136 7135
7137 7136
7138 7137
7139 7138
7140 7139
7141 7140
7142 7141
7143 7142
7144 7143
7145 7144
7146 7145
7147 7146
7148 7147
7149 7148
7150 7149
7151 7150
7152 7151
7153 7152
7154 7153
7155 7154
7156 7155
7157 7156
7158 7157
7159 7158
7160 7159
7161 7160
7162 7161
7163 7162
7164 7163
7165 7164
7166 7165
7167 7166
7168 7167
7169 7168
7170 7169
7171 7170
7172 7171
7173 7172
7174 7173
7175 7174
7176 7175
7177 7176
7178 7177
7179 7178
7180 7179
7181 7180
7182 7181
7183 7182
7184 7183
7185 7184
7186 7185
7187 7186
7188 7187
7189 7188
7190 7189
7191 7190
7192 7191
7193 7192
7194 7193
7195 7194
7196 7195
7197 7196
7198 7197
7199 7198
7200 7199
7201 7200
7202 7201
7203 7202
7204 7203
7205 7204
7206 7205
7207 7206
7208 7207
7209 7208
7210 7209
7211 7210
7212 7211
7213 7212
7214 7213
7215 7214
7216 7215
7217 7216
7218 7217
7219 7218
7220 7219
7221 7220
7222 7221
7223 7222
7224 7223
7225 7224
7226 7225
7227 7226
7228 7227
7229 7228
7230 7229
7231 7230
7232 7231
7233 7232
7234 7233
7235 7234
7236 7235
7237 7236
7238 7237
7239 7238
7240 7239
7241 7240
7242 7241
7243 7242
7244 7243
7245 7244
7246 7245
7247 7246
7248 7247
7249 7248
7250 7249
7251 7250
7252 7251
7253 7252
7254 7253
7255 7254
7256 7255
7257 7256
7258 7257
7259 7258
7260 7259
7261 7260
7262 7261
7263 7262
7264 7263
7265 7264
7266 7265
7267 7266
7268 7267
7269 7268
7270 7269
7271 7270
7272 7271
7273 7272
7274 7273
7275 7274
7276 7275
7277 7276
7278 7277
7279 7278
7280 7279
7281 7280
7282 7281
7283 7282
7284 7283
7285 7284
7286 7285
7287 7286
7288 7287
7289 7288
7290 7289
7291 7290
7292 7291
7293 7292
7294 7293
7295 7294
7296 7295
7297 7296
7298 7297
7299 7298
7300 7299
7301 7300
7302 7301
7303 7302
7304 7303
7305 7304
7306 7305
7307 7306
7308 7307
7309 7308
7310 7309
7311 7310
7312 7311
7313 7312
7314 7313
7315 7314
7316 7315
7317 7316
7318 7317
7319 7318
7320 7319
7321 7320
7322 7321
7323 7322
7324 7323
7325 7324
7326 7325
7327 7326
7328 7327
7329 7328
7330 7329
7331 7330
7332 7331
7333 7332
7334 7333
7335 7334
7336 7335
7337 7336
7338 7337
7339 7338
7340 7339
7341 7340
7342 7341
7343 7342
7344 7343
7345 7344
7346 7345
7347 7346
7348 7347
7349 7348
7350 7349
7351 7350
7352 7351
7353 7352
7354 7353
7355 7354
7356 7355
7357 7356
7358 7357
7359 7358
7360 7359
7361 7360
7362 7361
7363 7362
7364 7363
7365 7364
7366 7365
7367 7366
7368 7367
7369 7368
7370 7369
7371 7370
7372 7371
7373 7372
7374 7373
7375 7374
7376 7375
7377 7376
7378 7377
7379 7378
7380 7379
7381 7380
7382 7381
7383 7382
7384 7383
7385 7384
7386 7385
7387 7386
7388 7387
7389 7388
7390 7389
7391 7390
7392 7391
7393 7392
7394 7393
7395 7394
7396 7395
7397 7396
7398 7397
7399 7398
7400 7399
7401 7400
7402 7401
7403 7402
7404 7403
7405 7404
7406 7405
7407 7406
7408 7407
7409 7408
7410 7409
7411 7410
7412 7411
7413 7412
7414 7413
7415 7414
7416 7415
7417 7416
7418 7417
7419 7418
7420 7419
7421 7420
7422 7421
7423 7422
7424 7423
7425 7424
7426 7425
7427 7426
7428 7427
7429 7428
7430 7429
7431 7430
7432 7431
7433 7432
7434 7433
7435 7434
7436 7435
7437 7436
7438 7437
7439 7438
7440 7439
7441 7440
7442 7441
7443 7442
7444 7443
7445 7444
7446 7445
7447 7446
7448 7447
7449 7448
7450 7449
7451 7450
7452 7451
7453 7452
7454 7453
7455 7454
7456 7455
7457 7456
7458 7457
7459 7458
7460 7459
7461 7460
7462 7461
7463 7462
7464 7463
7465 7464
7466 7465
7467 7466
7468 7467
7469 7468
7470 7469
7471 7470
7472 7471
7473 7472
7474 7473
7475 7474
7476 7475
7477 7476
7478 7477
7479 7478
7480 7479
7481 7480
7482 7481
7483 7482
7484 7483
7485 7484
7486 7485
7487 7486
7488 7487
7489 7488
7490 7489
7491 7490
7492 7491
7493 7492
7494 7493
7495 7494
7496 7495
7497 7496
7498 7497
7499 7498
7500 7499
7501 7500
7502 7501
7503 7502
7504 7503
7505 7504
7506 7505
7507 7506
7508 7507
7509 7508
7510 7509
7511 7510
7512 7511
7513 7512
7514 7513
7515 7514
7516 7515
7517 7516
7518 7517
7519 7518
7520 7519
7521 7520
7522 7521
7523 7522
7524 7523
7525 7524
7526 7525
7527 7526
7528 7527
7529 7528
7530 7529
7531 7530
7532 7531
7533 7532
7534 7533
7535 7534
7536 7535
7537 7536
7538 7537
7539 7538
7540 7539
7541 7540
7542 7541
7543 7542
7544 7543
7545 7544
7546 7545
7547 7546
7548 7547
7549 7548
7550 7549
7551 7550
7552 7551
7553 7552
7554 7553
7555 7554
7556 7555
7557 7556
7558 7557
7559 7558
7560 7559
7561 7560
7562 7561
7563 7562
7564 7563
7565 7564
7566 7565
7567 7566
7568 7567
7569 7568
7570 7569
7571 7570
7572 7571
7573 7572
7574 7573
7575 7574
7576 7575
7577 7576
7578 7577
7579 7578
7580 7579
7581 7580
7582 7581
7583 7582
7584 7583
7585 7584
7586 7585
7587 7586
7588 7587
7589 7588
7590 7589
7591 7590
7592 7591
7593 7592
7594 7593
7595 7594
7596 7595
7597 7596
7598 7597
7599 7598
7600 7599
7601 7600
7602 7601
7603 7602
7604 7603
7605 7604
7606 7605
7607 7606
7608 7607
7609 7608
7610 7609
7611 7610
7612 7611
7613 7612
7614 7613
7615 7614
7616 7615
7617 7616
7618 7617
7619 7618
7620 7619
7621 7620
7622 7621
7623 7622
7624 7623
7625 7624
7626 7625
7627 7626
7628 7627
7629 7628
7630 7629
7631 7630
7632 7631
7633 7632
7634 7633
7635 7634
7636 7635
7637 7636
7638 7637
7639 7638
7640 7639
7641 7640
7642 7641
7643 7642
7644 7643
7645 7644
7646 7645
7647 7646
7648 7647
7649 7648
7650 7649
7651 7650
7652 7651
7653 7652
7654 7653
7655 7654
7656 7655
7657 7656
7658 7657
7659 7658
7660 7659
7661 7660
7662 7661
7663 7662
7664 7663
7665 7664
7666 7665
7667 7666
7668 7667
7669 7668
7670 7669
7671 7670
7672 7671
7673 7672
7674 7673
7675 7674
7676 7675
7677 7676
7678 7677
7679 7678
7680 7679
7681 7680
7682 7681
7683 7682
7684 7683
7685 7684
7686 7685
7687 7686
7688 7687
7689 7688
7690 7689
7691 7690
7692 7691
7693 7692
7694 7693
7695 7694
7696 7695
7697 7696
7698 7697
7699 7698
7700 7699
7701 7700
7702 7701
7703 7702
7704 7703
7705 7704
7706 7705
7707 7706
7708 7707
7709 7708
7710 7709
7711 7710
7712 7711
7713 7712
7714 7713
7715 7714
7716 7715
7717 7716
7718 7717
7719 7718
7720 7719
7721 7720
7722 7721
7723 7722
7724 7723
7725 7724
7726 7725
7727 7726
7728 7727
7729 7728
7730 7729
7731 7730
7732 7731
7733 7732
7734 7733
7735 7734
7736 7735
7737 7736
7738 7737
7739 7738
7740 7739
7741 7740
7742 7741
7743 7742
7744 7743
7745 7744
7746 7745
7747 7746
7748 7747
7749 7748
7750 7749
7751 7750
7752 7751
7753 7752
7754 7753
7755 7754
7756 7755
7757 7756
7758 7757
7759 7758
7760 7759
7761 7760
7762 7761
7763 7762
7764 7763
7765 7764
7766 7765
7767 7766
7768 7767
7769 7768
7770 7769
7771 7770
7772 7771
7773 7772
7774 7773
7775 7774
7776 7775
7777 7776
7778 7777
7779 7778
7780 7779
7781 7780
7782 7781
7783 7782
7784 7783
7785 7784
7786 7785
7787 7786
7788 7787
7789 7788
7790 7789
7791 7790
7792 7791
7793 7792
7794 7793
7795 7794
7796 7795
7797 7796
7798 7797
7799 7798
7800 7799
7801 7800
7802 7801
7803 7802
7804 7803
7805 7804
7806 7805
7807 7806
7808 7807
7809 7808
7810 7809
7811 7810
7812 7811
7813 7812
7814 7813
7815 7814
7816 7815
7817 7816
7818 7817
7819 7818
7820 7819
7821 7820
7822 7821
7823 7822
7824 7823
7825 7824
7826 7825
7827 7826
7828 7827
7829 7828
7830 7829
7831 7830
7832 7831
7833 7832
7834 7833
7835 7834
7836 7835
7837 7836
7838 7837
7839 7838
7840 7839
7841 7840
7842 7841
7843 7842
7844 7843
7845 7844
7846 7845
7847 7846
7848 7847
7849 7848
7850 7849
7851 7850
7852 7851
7853 7852
7854 7853
7855 7854
7856 7855
7857 7856
7858 7857
7859 7858
7860 7859
7861 7860
7862 7861
7863 7862
7864 7863
7865 7864
7866 7865
7867 7866
7868 7867
7869 7868
7870 7869
7871 7870
7872 7871
7873 7872
7874 7873
7875 7874
7876 7875
7877 7876
7878 7877
7879 7878
7880 7879
7881 7880
7882 7881
7883 7882
7884 7883
7885 7884
7886 7885
7887 7886
7888 7887
7889 7888
7890 7889
7891 7890
7892 7891
7893 7892
7894 7893
7895 7894
7896 7895
7897 7896
7898 7897
7899 7898
7900 7899
7901 7900
7902 7901
7903 7902
7904 7903
7905 7904
7906 7905
7907 7906
7908 7907
7909 7908
7910 7909
7911 7910
7912 7911
7913 7912
7914 7913
7915 7914
7916 7915
7917 7916
7918 7917
7919 7918
7920 7919
7921 7920
7922 7921
7923 7922
7924 7923
7925 7924
7926 7925
7927 7926
7928 7927
7929 7928
7930 7929
7931 7930
7932 7931
7933 7932
7934 7933
7935 7934
7936 7935
7937 7936
7938 7937
7939 7938
7940 7939
7941 7940
7942 7941
7943 7942
7944 7943
7945 7944
7946 7945
7947 7946
7948 7947
7949 7948
7950 7949
7951 7950
7952 7951
7953 7952
7954 7953
7955 7954
7956 7955
7957 7956
7958 7957
7959 7958
7960 7959
7961 7960
7962 7961
7963 7962
7964 7963
7965 7964
7966 7965
7967 7966
7968 7967
7969 7968
7970 7969
7971 7970
7972 7971
7973 7972
7974 7973
7975 7974
7976 7975
7977 7976
7978 7977
7979 7978
7980 7979
7981 7980
7982 7981
7983 7982
7984 7983
7985 7984
7986 7985
7987 7986
7988 7987
7989 7988
7990 7989
7991 7990
7992 7991
7993 7992
7994 7993
7995 7994
7996 7995
7997 7996
7998 7997
7999 7998
8000 7999
8001 8000
8002 8001
8003 8002
8004 8003
8005 8004
8006 8005
8007 8006
8008 8007
8009 8008
8010 8009
8011 8010
8012 8011
8013 8012
8014 8013
8015 8014
8016 8015
8017 8016
8018 8017
8019 8018
8020 8019
8021 8020
8022 8021
8023 8022
8024 8023
8025 8024
8026 8025
8027 8026
8028 8027
8029 8028
8030 8029
8031 8030
8032 8031
8033 8032
8034 8033
8035 8034
8036 8035
8037 8036
8038 8037
8039 8038
8040 8039
8041 8040
8042 8041
8043 8042
8044 8043
8045 8044
8046 8045
8047 8046
8048 8047
8049 8048
8050 8049
8051 8050
8052 8051
8053 8052
8054 8053
8055 8054
8056 8055
8057 8056
8058 8057
8059 8058
8060 8059
8061 8060
8062 8061
8063 8062
8064 8063
8065 8064
8066 8065
8067 8066
8068 8067
8069 8068
8070 8069
8071 8070
8072 8071
8073 8072
8074 8073
8075 8074
8076 8075
8077 8076
8078 8077
8079 8078
8080 8079
8081 8080
8082 8081
8083 8082
8084 8083
8085 8084
8086 8085
8087 8086
8088 8087
8089 8088
8090 8089
8091 8090
8092 8091
8093 8092
8094 8093
8095 8094
8096 8095
8097 8096
8098 8097
8099 8098
8100 8099
8101 8100
8102 8101
8103 8102
8104 8103
8105 8104
8106 8105
8107 8106
8108 8107
8109 8108
8110 8109
8111 8110
8112 8111
8113 8112
8114 8113
8115 8114
8116 8115
8117 8116
8118 8117
8119 8118
8120 8119
8121 8120
8122 8121
8123 8122
8124 8123
8125 8124
8126 8125
8127 8126
8128 8127
8129 8128
8130 8129
8131 8130
8132 8131
8133 8132
8134 8133
8135 8134
8136 8135
8137 8136
8138 8137
8139 8138
8140 8139
8141 8140
8142 8141
8143 8142
8144 8143
8145 8144
8146 8145
8147 8146
8148 8147
8149 8148
8150 8149
8151 8150
8152 8151
8153 8152
8154 8153
8155 8154
8156 8155
8157 8156
8158 8157
8159 8158
8160 8159
8161 8160
8162 8161
8163 8162
8164 8163
8165 8164
8166 8165
8167 8166
8168 8167
8169 8168
8170 8169
8171 8170
8172 8171
8173 8172
8174 8173
8175 8174
8176 8175
8177 8176
8178 8177
8179 8178
8180 8179
8181 8180
8182 8181
8183 8182
8184 8183
8185 8184
8186 8185
8187 8186
8188 8187
8189 8188
8190 8189
8191 8190
8192 8191
8193 8192
8194 8193
8195 8194
8196 8195
8197 8196
8198 8197
8199 8198
8200 8199
8201 8200
8202 8201
8203 8202
8204 8203
8205 8204
8206 8205
8207 8206
8208 8207
8209 8208
8210 8209
8211 8210
8212 8211
8213 8212
8214 8213
8215 8214
8216 8215
8217 8216
8218 8217
8219 8218
8220 8219
8221 8220
8222 8221
8223 8222
8224 8223
8225 8224
8226 8225
8227 8226
8228 8227
8229 8228
8230 8229
8231 8230
8232 8231
8233 8232
8234 8233
8235 8234
8236 8235
8237 8236
8238 8237
8239 8238
8240 8239
8241 8240
8242 8241
8243 8242
8244 8243
8245 8244
8246 8245
8247 8246
8248 8247
8249 8248
8250 8249
8251 8250
8252 8251
8253 8252
8254 8253
8255 8254
8256 8255
8257 8256
8258 8257
8259 8258
8260 8259
8261 8260
8262 8261
8263 8262
8264 8263
8265 8264
8266 8265
8267 8266
8268 8267
8269 8268
8270 8269
8271 8270
8272 8271
8273 8272
8274 8273
8275 8274
8276 8275
8277 8276
8278 8277
8279 8278
8280 8279
8281 8280
8282 8281
8283 8282
8284 8283
8285 8284
8286 8285
8287 8286
8288 8287
8289 8288
8290 8289
8291 8290
8292 8291
8293 8292
8294 8293
8295 8294
8296 8295
8297 8296
8298 8297
8299 8298
8300 8299
8301 8300
8302 8301
8303 8302
8304 8303
8305 8304
8306 8305
8307 8306
8308 8307
8309 8308
8310 8309
8311 8310
8312 8311
8313 8312
8314 8313
8315 8314
8316 8315
8317 8316
8318 8317
8319 8318
8320 8319
8321 8320
8322 8321
8323 8322
8324 8323
8325 8324
8326 8325
8327 8326
8328 8327
8329 8328
8330 8329
8331 8330
8332 8331
8333 8332
8334 8333
8335 8334
8336 8335
8337 8336
8338 8337
8339 8338
8340 8339
8341 8340
8342 8341
8343 8342
8344 8343
8345 8344
8346 8345
8347 8346
8348 8347
8349 8348
8350 8349
8351 8350
8352 8351
8353 8352
8354 8353
8355 8354
8356 8355
8357 8356
8358 8357
8359 8358
8360 8359
8361 8360
8362 8361
8363 8362
8364 8363
8365 8364
8366 8365
8367 8366
8368 8367
8369 8368
8370 8369
8371 8370
8372 8371
8373 8372
8374 8373
8375 8374
8376 8375
8377 8376
8378 8377
8379 8378
8380 8379
8381 8380
8382 8381
8383 8382
8384 8383
8385 8384
8386 8385
8387 8386
8388 8387
8389 8388
8390 8389
8391 8390
8392 8391
8393 8392
8394 8393
8395 8394
8396 8395
8397 8396
8398 8397
8399 8398
8400 8399
8401 8400
8402 8401
8403 8402
8404 8403
8405 8404
8406 8405
8407 8406
8408 8407
8409 8408
8410 8409
8411 8410
8412 8411
8413 8412
8414 8413
8415 8414
8416 8415
8417 8416
8418 8417
8419 8418
8420 8419
8421 8420
8422 8421
8423 8422
8424 8423
8425 8424
8426 8425
8427 8426
8428 8427
8429 8428
8430 8429
8431 8430
8432 8431
8433 8432
8434 8433
8435 8434
8436 8435
8437 8436
8438 8437
8439 8438
8440 8439
8441 8440
8442 8441
8443 8442
8444 8443
8445 8444
8446 8445
8447 8446
8448 8447
8449 8448
8450 8449
8451 8450
8452 8451
8453 8452
8454 8453
8455 8454
8456 8455
8457 8456
8458 8457
8459 8458
8460 8459
8461 8460
8462 8461
8463 8462
8464 8463
8465 8464
8466 8465
8467 8466
8468 8467
8469 8468
8470 8469
8471 8470
8472 8471
8473 8472
8474 8473
8475 8474
8476 8475
8477 8476
8478 8477
8479 8478
8480 8479
8481 8480
8482 8481
8483 8482
8484 8483
8485 8484
8486 8485
8487 8486
8488 8487
8489 8488
8490 8489
8491 8490
8492 8491
8493 8492
8494 8493
8495 8494
8496 8495
8497 8496
8498 8497
8499 8498
8500 8499
8501 8500
8502 8501
8503 8502
8504 8503
8505 8504
8506 8505
8507 8506
8508 8507
8509 8508
8510 8509
8511 8510
8512 8511
8513 8512
8514 8513
8515 8514
8516 8515
8517 8516
8518 8517
8519 8518
8520 8519
8521 8520
8522 8521
8523 8522
8524 8523
8525 8524
8526 8525
8527 8526
8528 8527
8529 8528
8530 8529
8531 8530
8532 8531
8533 8532
8534 8533
8535 8534
8536 8535
8537 8536
8538 8537
8539 8538
8540 8539
8541 8540
8542 8541
8543 8542
8544 8543
8545 8544
8546 8545
8547 8546
8548 8547
8549 8548
8550 8549
8551 8550
8552 8551
8553 8552
8554 8553
8555 8554
8556 8555
8557 8556
8558 8557
8559 8558
8560 8559
8561 8560
8562 8561
8563 8562
8564 8563
8565 8564
8566 8565
8567 8566
8568 8567
8569 8568
8570 8569
8571 8570
8572 8571
8573 8572
8574 8573
8575 8574
8576 8575
8577 8576
8578 8577
8579 8578
8580 8579
8581 8580
8582 8581
8583 8582
8584 8583
8585 8584
8586 8585
8587 8586
8588 8587
8589 8588
8590 8589
8591 8590
8592 8591
8593 8592
8594 8593
8595 8594
8596 8595
8597 8596
8598 8597
8599 8598
8600 8599
8601 8600
8602 8601
8603 8602
8604 8603
8605 8604
8606 8605
8607 8606
8608 8607
8609 8608
8610 8609
8611 8610
8612 8611
8613 8612
8614 8613
8615 8614
8616 8615
8617 8616
8618 8617
8619 8618
8620 8619
8621 8620
8622 8621
8623 8622
8624 8623
8625 8624
8626 8625
8627 8626
8628 8627
8629 8628
8630 8629
8631 8630
8632 8631
8633 8632
8634 8633
8635 8634
8636 8635
8637 8636
8638 8637
8639 8638
8640 8639
8641 8640
8642 8641
8643 8642
8644 8643
8645 8644
8646 8645
8647 8646
8648 8647
8649 8648
8650 8649
8651 8650
8652 8651
8653 8652
8654 8653
8655 8654
8656 8655
8657 8656
8658 8657
8659 8658
8660 8659
8661 8660
8662 8661
8663 8662
8664 8663
8665 8664
8666 8665
8667 8666
8668 8667
8669 8668
8670 8669
8671 8670
8672 8671
8673 8672
8674 8673
8675 8674
8676 8675
8677 8676
8678 8677
8679 8678
8680 8679
8681 8680
8682 8681
8683 8682
8684 8683
8685 8684
8686 8685
8687 8686
8688 8687
8689 8688
8690 8689
8691 8690
8692 8691
8693 8692
8694 8693
8695 8694
8696 8695
8697 8696
8698 8697
8699 8698
8700 8699
8701 8700
8702 8701
8703 8702
8704 8703
8705 8704
8706 8705
8707 8706
8708 8707
8709 8708
8710 8709
8711 8710
8712 8711
8713 8712
8714 8713
8715 8714
8716 8715
8717 8716
8718 8717
8719 8718
8720 8719
8721 8720
8722 8721
8723 8722
8724 8723
8725 8724
8726 8725
8727 8726
8728 8727
8729 8728
8730 8729
8731 8730
8732 8731
8733 8732
8734 8733
8735 8734
8736 8735
8737 8736
8738 8737
8739 8738
8740 8739
8741 8740
8742 8741
8743 8742
8744 8743
8745 8744
8746 8745
8747 8746
8748 8747
8749 8748
8750 8749
8751 8750
8752 8751
8753 8752
8754 8753
8755 8754
8756 8755
8757 8756
8758 8757
8759 8758
8760 8759
8761 8760
8762 8761
8763 8762
8764 8763
8765 8764
8766 8765
8767 8766
8768 8767
8769 8768
8770 8769
8771 8770
8772 8771
8773 8772
8774 8773
8775 8774
8776 8775
8777 8776
8778 8777
8779 8778
8780 8779
8781 8780
8782 8781
8783 8782
8784 8783
8785 8784
8786 8785
8787 8786
8788 8787
8789 8788
8790 8789
8791 8790
8792 8791
8793 8792
8794 8793
8795 8794
8796 8795
8797 8796
8798 8797
8799 8798
8800 8799
8801 8800
8802 8801
8803 8802
8804 8803
8805 8804
8806 8805
8807 8806
8808 8807
8809 8808
8810 8809
8811 8810
8812 8811
8813 8812
8814 8813
8815 8814
8816 8815
8817 8816
8818 8817
8819 8818
8820 8819
8821 8820
8822 8821
8823 8822
8824 8823
8825 8824
8826 8825
8827 8826
8828 8827
8829 8828
8830 8829
8831 8830
8832 8831
8833 8832
8834 8833
8835 8834
8836 8835
8837 8836
8838 8837
8839 8838
8840 8839
8841 8840
8842 8841
8843 8842
8844 8843
8845 8844
8846 8845
8847 8846
8848 8847
8849 8848
8850 8849
8851 8850
8852 8851
8853 8852
8854 8853
8855 8854
8856 8855
8857 8856
8858 8857
8859 8858
8860 8859
8861 8860
8862 8861
8863 8862
8864 8863
8865 8864
8866 8865
8867 8866
8868 8867
8869 8868
8870 8869
8871 8870
8872 8871
8873 8872
8874 8873
8875 8874
8876 8875
8877 8876
8878 8877
8879 8878
8880 8879
8881 8880
8882 8881
8883 8882
8884 8883
8885 8884
8886 8885
8887 8886
8888 8887
8889 8888
8890 8889
8891 8890
8892 8891
8893 8892
8894 8893
8895 8894
8896 8895
8897 8896
8898 8897
8899 8898
8900 8899
8901 8900
8902 8901
8903 8902
8904 8903
8905 8904
8906 8905
8907 8906
8908 8907
8909 8908
8910 8909
8911 8910
8912 8911
8913 8912
8914 8913
8915 8914
8916 8915
8917 8916
8918 8917
8919 8918
8920 8919
8921 8920
8922 8921
8923 8922
8924 8923
8925 8924
8926 8925
8927 8926
8928 8927
8929 8928
8930 8929
8931 8930
8932 8931
8933 8932
8934 8933
8935 8934
8936 8935
8937 8936
8938 8937
8939 8938
8940 8939
8941 8940
8942 8941
8943 8942
8944 8943
8945 8944
8946 8945
8947 8946
8948 8947
8949 8948
8950 8949
8951 8950
8952 8951
8953 8952
8954 8953
8955 8954
8956 8955
8957 8956
8958 8957
8959 8958
8960 8959
8961 8960
8962 8961
8963 8962
8964 8963
8965 8964
8966 8965
8967 8966
8968 8967
8969 8968
8970 8969
8971 8970
8972 8971
8973 8972
8974 8973
8975 8974
8976 8975
8977 8976
8978 8977
8979 8978
8980 8979
8981 8980
8982 8981
8983 8982
8984 8983
8985 8984
8986 8985
8987 8986
8988 8987
8989 8988
8990 8989
8991 8990
8992 8991
8993 8992
8994 8993
8995 8994
8996 8995
8997 8996
8998 8997
8999 8998
9000 8999
9001 9000
9002 9001
9003 9002
9004 9003
9005 9004
9006 9005
9007 9006
9008 9007
9009 9008
9010 9009
9011 9010
9012 9011
9013 9012
9014 9013
9015 9014
9016 9015
9017 9016
9018 9017
9019 9018
9020 9019
9021 9020
9022 9021
9023 9022
9024 9023
9025 9024
9026 9025
9027 9026
9028 9027
9029 9028
9030 9029
9031 9030
9032 9031
9033 9032
9034 9033
9035 9034
9036 9035
9037 9036
9038 9037
9039 9038
9040 9039
9041 9040
9042 9041
9043 9042
9044 9043
9045 9044
9046 9045
9047 9046
9048 9047
9049 9048
9050 9049
9051 9050
9052 9051
9053 9052
9054 9053
9055 9054
9056 9055
9057 9056
9058 9057
9059 9058
9060 9059
9061 9060
9062 9061
9063 9062
9064 9063
9065 9064
9066 9065
9067 9066
9068 9067
9069 9068
9070 9069
9071 9070
9072 9071
9073 9072
9074 9073
9075 9074
9076 9075
9077 9076
9078 9077
9079 9078
9080 9079
9081 9080
9082 9081
9083 9082
9084 9083
9085 9084
9086 9085
9087 9086
9088 9087
9089 9088
9090 9089
9091 9090
9092 9091
9093 9092
9094 9093
9095 9094
9096 9095
9097 9096
9098 9097
9099 9098
9100 9099
9101 9100
9102 9101
9103 9102
9104 9103
9105 9104
9106 9105
9107 9106
9108 9107
9109 9108
9110 9109
9111 9110
9112 9111
9113 9112
9114 9113
9115 9114
9116 9115
9117 9116
9118 9117
9119 9118
9120 9119
9121 9120
9122 9121
9123 9122
9124 9123
9125 9124
9126 9125
9127 9126
9128 9127
9129 9128
9130 9129
9131 9130
9132 9131
9133 9132
9134 9133
9135 9134
9136 9135
9137 9136
9138 9137
9139 9138
9140 9139
9141 9140
9142 9141
9143 9142
9144 9143
9145 9144
9146 9145
9147 9146
9148 9147
9149 9148
9150 9149
9151 9150
9152 9151
9153 9152
9154 9153
9155 9154
9156 9155
9157 9156
9158 9157
9159 9158
9160 9159
9161 9160
9162 9161
9163 9162
9164 9163
9165 9164
9166 9165
9167 9166
9168 9167
9169 9168
9170 9169
9171 9170
9172 9171
9173 9172
9174 9173
9175 9174
9176 9175
9177 9176
9178 9177
9179 9178
9180 9179
9181 9180
9182 9181
9183 9182
9184 9183
9185 9184
9186 9185
9187 9186
9188 9187
9189 9188
9190 9189
9191 9190
9192 9191
9193 9192
9194 9193
9195 9194
9196 9195
9197 9196
9198 9197
9199 9198
9200 9199
9201 9200
9202 9201
9203 9202
9204 9203
9205 9204
9206 9205
9207 9206
9208 9207
9209 9208
9210 9209
9211 9210
9212 9211
9213 9212
9214 9213
9215 9214
9216 9215
9217 9216
9218 9217
9219 9218
9220 9219
9221 9220
9222 9221
9223 9222
9224 9223
9225 9224
9226 9225
9227 9226
9228 9227
9229 9228
9230 9229
9231 9230
9232 9231
9233 9232
9234 9233
9235 9234
9236 9235
9237 9236
9238 9237
9239 9238
9240 9239
9241 9240
9242 9241
9243 9242
9244 9243
9245 9244
9246 9245
9247 9246
9248 9247
9249 9248
9250 9249
9251 9250
9252 9251
9253 9252
9254 9253
9255 9254
9256 9255
9257 9256
9258 9257
9259 9258
9260 9259
9261 9260
9262 9261
9263 9262
9264 9263
9265 9264
9266 9265
9267 9266
9268 9267
9269 9268
9270 9269
9271 9270
9272 9271
9273 9272
9274 9273
9275 9274
9276 9275
9277 9276
9278 9277
9279 9278
9280 9279
9281 9280
9282 9281
9283 9282
9284 9283
9285 9284
9286 9285
9287 9286
9288 9287
9289 9288
9290 9289
9291 9290
9292 9291
9293 9292
9294 9293
9295 9294
9296 9295
9297 9296
9298 9297
9299 9298
9300 9299
9301 9300
9302 9301
9303 9302
9304 9303
9305 9304
9306 9305
9307 9306
9308 9307
9309 9308
9310 9309
9311 9310
9312 9311
9313 9312
9314 9313
9315 9314
9316 9315
9317 9316
9318 9317
9319 9318
9320 9319
9321 9320
9322 9321
9323 9322
9324 9323
9325 9324
9326 9325
9327 9326
9328 9327
9329 9328
9330 9329
9331 9330
9332 9331
9333 9332
9334 9333
9335 9334
9336 9335
9337 9336
9338 9337
9339 9338
9340 9339
9341 9340
9342 9341
9343 9342
9344 9343
9345 9344
9346 9345
9347 9346
9348 9347
9349 9348
9350 9349
9351 9350
9352 9351
9353 9352
9354 9353
9355 9354
9356 9355
9357 9356
9358 9357
9359 9358
9360 9359
9361 9360
9362 9361
9363 9362
9364 9363
9365 9364
9366 9365
9367 9366
9368 9367
9369 9368
9370 9369
9371 9370
9372 9371
9373 9372
9374 9373
9375 9374
9376 9375
9377 9376
9378 9377
9379 9378
9380 9379
9381 9380
9382 9381
9383 9382
9384 9383
9385 9384
9386 9385
9387 9386
9388 9387
9389 9388
9390 9389
9391 9390
9392 9391
9393 9392
9394 9393
9395 9394
9396 9395
9397 9396
9398 9397
9399 9398
9400 9399
9401 9400
9402 9401
9403 9402
9404 9403
9405 9404
9406 9405
9407 9406
9408 9407
9409 9408
9410 9409
9411 9410
9412 9411
9413 9412
9414 9413
9415 9414
9416 9415
9417 9416
9418 9417
9419 9418
9420 9419
9421 9420
9422 9421
9423 9422
9424 9423
9425 9424
9426 9425
9427 9426
9428 9427
9429 9428
9430 9429
9431 9430
9432 9431
9433 9432
9434 9433
9435 9434
9436 9435
9437 9436
9438 9437
9439 9438
9440 9439
9441 9440
9442 9441
9443 9442
9444 9443
9445 9444
9446 9445
9447 9446
9448 9447
9449 9448
9450 9449
9451 9450
9452 9451
9453 9452
9454 9453
9455 9454
9456 9455
9457 9456
9458 9457
9459 9458
9460 9459
9461 9460
9462 9461
9463 9462
9464 9463
9465 9464
9466 9465
9467 9466
9468 9467
9469 9468
9470 9469
9471 9470
9472 9471
9473 9472
9474 9473
9475 9474
9476 9475
9477 9476
9478 9477
9479 9478
9480 9479
9481 9480
9482 9481
9483 9482
9484 9483
9485 9484
9486 9485
9487 9486
9488 9487
9489 9488
9490 9489
9491 9490
9492 9491
9493 9492
9494 9493
9495 9494
9496 9495
9497 9496
9498 9497
9499 9498
9500 9499
9501 9500
9502 9501
9503 9502
9504 9503
9505 9504
9506 9505
9507 9506
9508 9507
9509 9508
9510 9509
9511 9510
9512 9511
9513 9512
9514 9513
9515 9514
9516 9515
9517 9516
9518 9517
9519 9518
9520 9519
9521 9520
9522 9521
9523 9522
9524 9523
9525 9524
9526 9525
9527 9526
9528 9527
9529 9528
9530 9529
9531 9530
9532 9531
9533 9532
9534 9533
9535 9534
9536 9535
9537 9536
9538 9537
9539 9538
9540 9539
9541 9540
9542 9541
9543 9542
9544 9543
9545 9544
9546 9545
9547 9546
9548 9547
9549 9548
9550 9549
9551 9550
9552 9551
9553 9552
9554 9553
9555 9554
9556 9555
9557 9556
9558 9557
9559 9558
9560 9559
9561 9560
9562 9561
9563 9562
9564 9563
9565 9564
9566 9565
9567 9566
9568 9567
9569 9568
9570 9569
9571 9570
9572 9571
9573 9572
9574 9573
9575 9574
9576 9575
9577 9576
9578 9577
9579 9578
9580 9579
9581 9580
9582 9581
9583 9582
9584 9583
9585 9584
9586 9585
9587 9586
9588 9587
9589 9588
9590 9589
9591 9590
9592 9591
9593 9592
9594 9593
9595 9594
9596 9595
9597 9596
9598 9597
9599 9598
9600 9599
9601 9600
9602 9601
9603 9602
9604 9603
9605 9604
9606 9605
9607 9606
9608 9607
9609 9608
9610 9609
9611 9610
9612 9611
9613 9612
9614 9613
9615 9614
9616 9615
9617 9616
9618 9617
9619 9618
9620 9619
9621 9620
9622 9621
9623 9622
9624 9623
9625 9624
9626 9625
9627 9626
9628 9627
9629 9628
9630 9629
9631 9630
9632 9631
9633 9632
9634 9633
9635 9634
9636 9635
9637 9636
9638 9637
9639 9638
9640 9639
9641 9640
9642 9641
9643 9642
9644 9643
9645 9644
9646 9645
9647 9646
9648 9647
9649 9648
9650 9649
9651 9650
9652 9651
9653 9652
9654 9653
9655 9654
9656 9655
9657 9656
9658 9657
9659 9658
9660 9659
9661 9660
9662 9661
9663 9662
9664 9663
9665 9664
9666 9665
9667 9666
9668 9667
9669 9668
9670 9669
9671 9670
9672 9671
9673 9672
9674 9673
9675 9674
9676 9675
9677 9676
9678 9677
9679 9678
9680 9679
9681 9680
9682 9681
9683 9682
9684 9683
9685 9684
9686 9685
9687 9686
9688 9687
9689 9688
9690 9689
9691 9690
9692 9691
9693 9692
9694 9693
9695 9694
9696 9695
9697 9696
9698 9697
9699 9698
9700 9699
9701 9700
9702 9701
9703 9702
9704 9703
9705 9704
9706 9705
9707 9706
9708 9707
9709 9708
9710 9709
9711 9710
9712 9711
9713 9712
9714 9713
9715 9714
9716 9715
9717 9716
9718 9717
9719 9718
9720 9719
9721 9720
9722 9721
9723 9722
9724 9723
9725 9724
9726 9725
9727 9726
9728 9727
9729 9728
9730 9729
9731 9730
9732 9731
9733 9732
9734 9733
9735 9734
9736 9735
9737 9736
9738 9737
9739 9738
9740 9739
9741 9740
9742 9741
9743 9742
9744 9743
9745 9744
9746 9745
9747 9746
9748 9747
9749 9748
9750 9749
9751 9750
9752 9751
9753 9752
9754 9753
9755 9754
9756 9755
9757 9756
9758 9757
9759 9758
9760 9759
9761 9760
9762 9761
9763 9762
9764 9763
9765 9764
9766 9765
9767 9766
9768 9767
9769 9768
9770 9769
9771 9770
9772 9771
9773 9772
9774 9773
9775 9774
9776 9775
9777 9776
9778 9777
9779 9778
9780 9779
9781 9780
9782 9781
9783 9782
9784 9783
9785 9784
9786 9785
9787 9786
9788 9787
9789 9788
9790 9789
9791 9790
9792 9791
9793 9792
9794 9793
9795 9794
9796 9795
9797 9796
9798 9797
9799 9798
9800 9799
9801 9800
9802 9801
9803 9802
9804 9803
9805 9804
9806 9805
9807 9806
9808 9807
9809 9808
9810 9809
9811 9810
9812 9811
9813 9812
9814 9813
9815 9814
9816 9815
9817 9816
9818 9817
9819 9818
9820 9819
9821 9820
9822 9821
9823 9822
9824 9823
9825 9824
9826 9825
9827 9826
9828 9827
9829 9828
9830 9829
9831 9830
9832 9831
9833 9832
9834 9833
9835 9834
9836 9835
9837 9836
9838 9837
9839 9838
9840 9839
9841 9840
9842 9841
9843 9842
9844 9843
9845 9844
9846 9845
9847 9846
9848 9847
9849 9848
9850 9849
9851 9850
9852 9851
9853 9852
9854 9853
9855 9854
9856 9855
9857 9856
9858 9857
9859 9858
9860 9859
9861 9860
9862 9861
9863 9862
9864 9863
9865 9864
9866 9865
9867 9866
9868 9867
9869 9868
9870 9869
9871 9870
9872 9871
9873 9872
9874 9873
9875 9874
9876 9875
9877 9876
9878 9877
9879 9878
9880 9879
9881 9880
9882 9881
9883 9882
9884 9883
9885 9884
9886 9885
9887 9886
9888 9887
9889 9888
9890 9889
9891 9890
9892 9891
9893 9892
9894 9893
9895 9894
9896 9895
9897 9896
9898 9897
9899 9898
9900 9899
9901 9900
9902 9901
9903 9902
9904 9903
9905 9904
9906 9905
9907 9906
9908 9907
9909 9908
9910 9909
9911 9910
9912 9911
9913 9912
9914 9913
9915 9914
9916 9915
9917 9916
9918 9917
9919 9918
9920 9919
9921 9920
9922 9921
9923 9922
9924 9923
9925 9924
9926 9925
9927 9926
9928 9927
9929 9928
9930 9929
9931 9930
9932 9931
9933 9932
9934 9933
9935 9934
9936 9935
9937 9936
9938 9937
9939 9938
9940 9939
9941 9940
9942 9941
9943 9942
9944 9943
9945 9944
9946 9945
9947 9946
9948 9947
9949 9948
9950 9949
9951 9950
9952 9951
9953 9952
9954 9953
9955 9954
9956 9955
9957 9956
9958 9957
9959 9958
9960 9959
9961 9960
9962 9961
9963 9962
9964 9963
9965 9964
9966 9965
9967 9966
9968 9967
9969 9968
9970 9969
9971 9970
9972 9971
9973 9972
9974 9973
9975 9974
9976 9975
9977 9976
9978 9977
9979 9978
9980 9979
9981 9980
9982 9981
9983 9982
9984 9983
9985 9984
9986 9985
9987 9986
9988 9987
9989 9988
9990 9989
9991 9990
9992 9991
9993 9992
9994 9993
9995 9994
9996 9995
9997 9996
9998 9997
9999 9998
10000 9999
10000 2694
