100 100
2 1
3 1
4 3
5 1
6 1
7 1
8 2
9 7
10 1
11 7
12 10
13 9
14 5
15 11
16 15
17 10
18 16
19 8
20 12
21 16
22 21
23 20
24 21
25 12
26 3
27 22
28 15
29 15
30 15
31 28
32 28
33 15
34 10
35 34
36 35
37 36
38 37
39 38
40 39
41 40
42 41
43 42
44 43
45 44
46 45
47 46
48 47
49 48
50 49
51 50
52 51
53 52
54 53
55 54
56 55
57 56
58 57
59 58
60 59
61 60
62 61
63 62
64 63
65 64
66 65
67 66
68 67
69 68
70 69
71 70
72 71
73 72
74 73
75 74
76 75
77 76
78 77
79 78
80 79
81 80
82 81
83 82
84 83
85 84
86 85
87 86
88 87
89 88
90 89
91 90
92 91
93 92
94 93
95 94
96 95
97 96
98 97
99 98
100 99
100 10
