100 148
2 1
3 2
3 1
4 1
5 4
5 1
6 5
7 6
7 5
8 7
9 8
9 7
10 5
11 10
11 5
12 5
13 12
13 5
14 5
15 14
15 5
16 10
17 16
17 10
18 8
19 18
19 8
20 14
21 20
21 14
22 10
23 22
23 10
24 18
25 24
25 18
26 3
27 26
27 3
28 14
29 28
29 14
30 10
31 30
31 10
32 14
33 32
33 14
34 14
35 34
35 14
36 7
37 36
37 7
38 15
39 38
39 15
40 37
41 40
41 37
42 17
43 42
43 17
44 15
45 44
45 15
46 25
47 46
47 25
48 9
49 48
49 9
50 48
51 50
51 48
52 2
53 52
53 2
54 29
55 54
55 29
56 52
57 56
57 52
58 34
59 58
59 34
60 57
61 60
61 57
62 46
63 62
63 46
64 28
65 64
65 28
66 24
67 66
67 24
68 3
69 68
69 3
70 8
71 70
71 8
72 35
73 72
73 35
74 61
75 74
75 61
76 24
77 76
77 24
78 5
79 78
79 5
80 19
81 80
81 19
82 72
83 82
83 72
84 10
85 84
85 10
86 63
87 86
87 63
88 27
89 88
89 27
90 86
91 90
91 86
92 90
93 92
93 90
94 76
95 94
95 76
96 36
97 96
97 36
98 69
99 98
100 99
100 69
