100 148
2 1
3 2
3 1
4 3
5 4
5 3
6 1
7 6
7 1
8 6
9 8
9 6
10 7
11 10
11 7
12 9
13 12
13 9
14 7
15 14
15 7
16 13
17 16
17 13
18 11
19 18
19 11
20 10
21 20
21 10
22 18
23 22
23 18
24 11
25 24
25 11
26 10
27 26
27 10
28 25
29 28
29 25
30 25
31 30
31 25
32 23
33 32
33 23
34 22
35 34
35 22
36 9
37 36
37 9
38 10
39 38
39 10
40 30
41 40
41 30
42 41
43 42
43 41
44 16
45 44
45 16
46 20
47 46
47 20
48 35
49 48
49 35
50 13
51 50
51 13
52 24
53 52
53 24
54 37
55 54
55 37
56 49
57 56
57 49
58 14
59 58
59 14
60 1
61 60
61 1
62 10
63 62
63 10
64 37
65 64
65 37
66 48
67 66
67 48
68 26
69 68
69 26
70 69
71 70
71 69
72 52
73 72
73 52
74 46
75 74
75 46
76 16
77 76
77 16
78 74
79 78
79 74
80 72
81 80
81 72
82 32
83 82
83 32
84 71
85 84
85 71
86 59
87 86
87 59
88 20
89 88
89 20
90 48
91 90
91 48
92 16
93 92
93 16
94 28
95 94
95 28
96 41
97 96
97 41
98 34
99 98
100 99
100 34
