100 100
2 1
3 2
4 3
5 4
6 5
7 6
8 7
9 8
10 9
11 10
12 11
13 12
14 13
15 14
16 15
17 16
18 17
19 18
19 1
20 10
21 10
22 21
23 10
24 22
25 20
26 20
27 26
28 20
29 27
30 28
31 22
32 20
33 32
34 24
35 32
36 28
37 20
38 31
39 21
40 36
41 27
42 24
43 32
44 27
45 27
46 30
47 34
48 24
49 39
50 29
51 48
52 47
53 51
54 51
55 44
56 46
57 47
58 48
59 15
60 15
61 15
62 15
63 61
64 15
65 15
66 59
67 61
68 59
69 15
70 68
71 62
72 61
73 71
74 72
75 67
76 74
77 74
78 60
79 62
80 66
81 75
82 65
83 63
84 63
85 74
86 74
87 63
88 77
89 59
90 60
91 84
92 63
93 92
94 92
95 66
96 70
97 76
98 60
99 98
100 97
