100 148
2 1
3 2
3 1
4 2
5 4
5 2
6 4
7 6
7 4
8 1
9 8
9 1
10 7
11 10
11 7
12 5
13 12
13 5
14 7
15 14
15 7
16 2
17 16
17 2
18 1
19 18
19 1
20 19
21 20
21 19
22 8
23 22
23 8
24 2
25 24
25 2
26 14
27 26
27 14
28 3
29 28
29 3
30 8
31 30
31 8
32 8
33 32
33 8
34 13
35 34
35 13
36 19
37 36
37 19
38 1
39 38
39 1
40 30
41 40
41 30
42 9
43 42
43 9
44 9
45 44
45 9
46 16
47 46
47 16
48 10
49 48
49 10
50 38
51 50
51 38
52 46
53 52
53 46
54 29
55 54
55 29
56 55
57 56
57 55
58 42
59 58
59 42
60 5
61 60
61 5
62 34
63 62
63 34
64 13
65 64
65 13
66 10
67 66
67 10
68 7
69 68
69 7
70 24
71 70
71 24
72 16
73 72
73 16
74 55
75 74
75 55
76 17
77 76
77 17
78 56
79 78
79 56
80 67
81 80
81 67
82 23
83 82
83 23
84 18
85 84
85 18
86 38
87 86
87 38
88 70
89 88
89 70
90 78
91 90
91 78
92 81
93 92
93 81
94 54
95 94
95 54
96 80
97 96
97 80
98 82
99 98
100 99
100 82
