100 109
2 1
3 2
3 1
4 1
5 1
6 4
7 1
8 2
9 8
10 9
11 9
12 8
13 8
14 11
15 11
16 6
17 6
18 6
19 18
20 16
21 17
22 21
23 22
24 23
25 24
26 25
26 17
27 10
28 10
29 28
30 27
31 28
32 27
33 29
34 9
35 34
36 35
37 36
38 37
39 38
39 9
40 1
41 40
42 41
43 42
44 43
44 1
45 33
46 45
47 33
48 45
49 45
50 48
51 45
52 49
53 49
54 9
55 54
55 9
56 7
57 56
58 57
59 58
60 59
61 60
62 61
63 62
63 7
64 48
65 64
66 64
67 48
68 3
69 68
70 69
71 70
72 71
73 72
74 73
75 74
75 3
76 33
77 76
78 77
79 78
79 33
80 78
81 80
82 78
83 78
84 78
85 83
86 83
87 84
88 78
89 21
90 89
91 89
92 36
93 92
94 93
95 94
95 36
96 92
97 96
98 97
99 98
100 99
100 92
