100 101
2 1
3 2
4 3
5 4
6 5
7 6
8 7
9 8
10 9
11 10
11 1
12 8
13 8
14 13
15 13
16 8
17 15
18 16
19 15
20 16
21 15
22 16
23 20
24 12
25 20
26 17
27 22
28 12
29 14
30 18
31 18
32 26
33 16
34 24
35 27
36 32
37 23
38 24
39 27
40 17
41 26
42 24
43 32
44 17
45 16
46 41
47 28
48 10
49 48
50 49
51 50
52 51
53 52
54 53
55 54
56 55
57 56
58 57
59 58
60 59
61 60
62 61
63 62
64 63
65 64
65 10
66 61
67 66
68 67
69 66
70 61
71 61
72 61
73 72
74 61
75 68
76 74
77 72
78 73
79 69
80 73
81 66
82 77
83 71
84 76
85 75
86 61
87 77
88 78
89 74
90 70
91 76
92 84
93 80
94 91
95 78
96 70
97 33
98 33
99 98
100 33
