100 100
2 1
3 1
4 1
5 3
6 3
7 2
8 6
9 6
10 1
11 4
12 6
13 9
14 9
15 11
16 9
17 8
18 10
19 8
20 3
21 11
22 14
23 2
24 1
25 21
26 18
27 18
28 26
29 26
30 28
31 28
32 30
33 31
34 33
35 33
36 27
37 33
38 37
39 7
40 39
41 40
42 41
43 42
44 43
45 44
46 45
47 46
48 47
49 48
50 49
51 50
52 51
53 52
54 53
55 54
56 55
57 56
58 57
59 58
60 59
61 60
62 61
63 62
64 63
65 64
66 65
67 66
68 67
69 68
70 69
71 70
72 71
73 72
74 73
75 74
76 75
77 76
78 77
79 78
80 79
81 80
82 81
83 82
84 83
85 84
86 85
87 86
88 87
89 88
90 89
91 90
92 91
93 92
94 93
95 94
96 95
97 96
98 97
99 98
100 99
100 7
