100 148
2 1
3 2
3 1
4 2
5 4
5 2
6 4
7 6
7 4
8 6
9 8
9 6
10 1
11 10
11 1
12 5
13 12
13 5
14 8
15 14
15 8
16 2
17 16
17 2
18 4
19 18
19 4
20 17
21 20
21 17
22 2
23 22
23 2
24 22
25 24
25 22
26 10
27 26
27 10
28 14
29 28
29 14
30 21
31 30
31 21
32 5
33 32
33 5
34 18
35 34
35 18
36 12
37 36
37 12
38 8
39 38
39 8
40 34
41 40
41 34
42 13
43 42
43 13
44 13
45 44
45 13
46 43
47 46
47 43
48 15
49 48
49 15
50 23
51 50
51 23
52 36
53 52
53 36
54 33
55 54
55 33
56 12
57 56
57 12
58 38
59 58
59 38
60 5
61 60
61 5
62 44
63 62
63 44
64 22
65 64
65 22
66 17
67 66
67 17
68 51
69 68
69 51
70 58
71 70
71 58
72 63
73 72
73 63
74 22
75 74
75 22
76 63
77 76
77 63
78 28
79 78
79 28
80 4
81 80
81 4
82 20
83 82
83 20
84 5
85 84
85 5
86 28
87 86
87 28
88 25
89 88
89 25
90 10
91 90
91 10
92 40
93 92
93 40
94 17
95 94
95 17
96 11
97 96
97 11
98 84
99 98
100 99
100 84
