100 109
2 1
3 2
3 1
4 2
5 4
6 5
7 6
8 7
9 8
10 9
10 2
11 4
12 11
13 12
14 13
15 14
15 4
16 1
17 16
18 17
19 18
20 19
21 20
21 1
22 6
23 6
24 23
25 24
26 25
27 25
28 22
29 28
30 28
31 5
32 31
33 11
34 11
35 26
36 26
37 25
38 37
39 38
39 25
40 21
41 40
41 21
42 34
43 42
44 42
45 43
46 7
47 46
48 47
49 48
50 49
51 50
52 51
53 52
54 53
54 7
55 38
56 55
57 56
58 57
59 58
60 59
61 60
62 61
63 62
63 38
64 53
65 64
66 65
67 66
68 67
69 68
70 69
71 70
72 71
72 53
73 7
74 7
75 74
76 74
77 76
78 31
79 78
80 78
81 78
82 80
83 31
84 79
85 78
86 77
87 86
88 77
89 86
90 77
91 90
92 87
93 18
94 93
95 94
96 95
97 96
97 18
98 84
99 98
100 99
