100 101
2 1
3 1
4 1
5 1
6 3
7 6
8 6
9 7
10 6
11 8
12 11
13 6
14 5
15 7
16 12
17 11
18 4
19 3
20 18
21 5
22 14
23 7
24 19
25 8
26 11
27 22
28 23
29 9
30 12
31 13
32 7
33 3
34 8
35 20
36 17
37 18
38 29
39 27
40 26
41 18
42 24
43 8
44 36
45 44
45 36
46 2
47 46
48 47
49 46
50 47
51 48
52 46
53 2
54 46
55 52
56 51
57 50
58 48
59 58
60 59
61 60
62 61
63 62
64 63
65 64
66 65
67 66
68 67
69 68
70 69
71 70
72 71
73 72
74 73
75 74
76 75
77 76
78 77
79 78
80 79
81 80
82 81
83 82
84 83
85 84
86 85
87 86
88 87
89 88
90 89
91 90
92 91
93 92
94 93
95 94
96 95
97 96
98 97
99 98
100 99
100 48
