100 148
2 1
3 2
3 1
4 3
5 4
5 3
6 4
7 6
7 4
8 4
9 8
9 4
10 5
11 10
11 5
12 2
13 12
13 2
14 13
15 14
15 13
16 12
17 16
17 12
18 3
19 18
19 3
20 10
21 20
21 10
22 16
23 22
23 16
24 19
25 24
25 19
26 21
27 26
27 21
28 14
29 28
29 14
30 7
31 30
31 7
32 17
33 32
33 17
34 28
35 34
35 28
36 10
37 36
37 10
38 3
39 38
39 3
40 23
41 40
41 23
42 20
43 42
43 20
44 10
45 44
45 10
46 2
47 46
47 2
48 47
49 48
49 47
50 43
51 50
51 43
52 43
53 52
53 43
54 17
55 54
55 17
56 18
57 56
57 18
58 22
59 58
59 22
60 59
61 60
61 59
62 59
63 62
63 59
64 17
65 64
65 17
66 38
67 66
67 38
68 64
69 68
69 64
70 16
71 70
71 16
72 34
73 72
73 34
74 41
75 74
75 41
76 26
77 76
77 26
78 40
79 78
79 40
80 41
81 80
81 41
82 41
83 82
83 41
84 79
85 84
85 79
86 34
87 86
87 34
88 80
89 88
89 80
90 85
91 90
91 85
92 6
93 92
93 6
94 9
95 94
95 9
96 2
97 96
97 2
98 30
99 98
100 99
100 30
