100 109
2 1
3 1
4 3
5 4
5 3
6 5
7 6
8 7
9 8
9 5
10 5
11 10
12 11
13 12
14 13
15 14
16 15
17 16
18 17
18 5
19 4
20 19
21 4
22 4
23 4
24 23
25 4
26 23
27 23
28 26
29 23
30 24
31 24
32 11
33 11
34 32
35 27
36 35
37 36
38 37
39 38
40 39
40 27
41 23
42 23
43 41
44 43
45 44
46 23
47 43
48 45
49 16
50 49
51 50
52 51
52 16
53 18
54 53
55 54
56 55
56 18
57 34
58 34
59 17
60 17
61 60
62 17
63 61
64 60
65 59
66 36
67 66
68 67
69 68
70 69
71 70
72 71
73 72
73 36
74 45
75 74
76 73
77 76
78 77
78 73
79 44
80 79
81 80
82 81
82 44
83 7
84 7
85 84
86 85
87 7
88 87
89 86
90 42
91 90
92 91
93 92
94 93
95 94
96 95
97 96
98 97
99 98
100 99
100 42
