100 109
2 1
3 1
4 2
5 2
6 5
7 6
8 7
9 7
10 2
11 8
12 11
13 10
14 10
15 14
16 14
17 15
18 14
19 14
20 7
21 20
22 21
23 22
24 23
25 24
26 25
27 26
27 7
28 7
29 28
30 29
31 30
32 31
33 32
34 33
35 34
36 35
37 36
37 30
38 26
39 38
40 39
41 40
42 41
43 42
43 26
44 37
45 37
46 35
47 46
48 47
49 48
50 49
51 50
52 51
53 52
53 35
54 49
55 54
56 55
57 56
58 57
59 58
60 59
61 60
61 49
62 10
63 62
64 63
65 64
66 65
67 66
68 67
69 68
70 69
70 10
71 11
72 71
73 72
74 73
75 74
76 75
77 76
77 11
78 55
79 78
80 79
81 80
82 81
83 82
84 83
84 55
85 61
86 85
87 86
88 87
89 88
90 89
91 90
92 91
93 92
93 61
94 15
95 94
96 95
97 96
98 97
99 98
100 99
100 15
