100 100
2 1
3 2
4 2
5 3
6 2
7 5
8 2
9 6
10 6
11 1
12 11
13 7
14 10
15 8
16 1
17 8
18 13
19 17
20 4
21 20
22 15
23 12
24 17
25 18
26 1
27 15
28 27
29 24
30 9
31 22
32 10
33 30
34 16
35 34
36 35
37 36
38 37
39 38
40 39
41 40
42 41
43 42
44 43
45 44
46 45
47 46
48 47
49 48
50 49
51 50
52 51
53 52
54 53
55 54
56 55
57 56
58 57
59 58
60 59
61 60
62 61
63 62
64 63
65 64
65 16
66 10
67 10
68 66
69 68
70 66
71 68
72 70
73 68
74 71
75 66
76 66
77 75
78 66
79 68
80 68
81 71
82 70
83 77
84 79
85 76
86 78
87 85
88 10
89 70
90 81
91 82
92 74
93 83
94 85
95 81
96 88
97 71
98 79
99 77
100 73
