100 109
2 1
3 2
4 3
5 4
6 5
7 6
7 3
8 5
9 5
10 5
11 5
12 5
13 11
14 12
15 12
16 12
17 16
18 17
19 12
20 19
21 20
22 21
22 12
23 9
24 23
25 24
26 25
27 26
28 27
29 28
30 29
30 9
31 20
32 31
33 20
34 20
35 34
36 33
37 1
38 37
39 38
40 39
41 40
42 41
42 1
43 20
44 43
45 44
46 45
47 46
47 20
48 21
49 21
50 47
51 50
52 51
53 51
54 47
55 53
56 47
57 55
58 31
59 31
60 59
61 60
62 61
63 61
64 62
65 63
66 51
67 66
68 67
69 68
70 69
70 51
71 48
72 71
73 72
74 73
75 74
76 75
76 48
77 21
78 77
79 78
80 79
81 80
82 81
83 82
83 21
84 5
85 84
86 85
87 86
88 87
89 88
89 5
90 11
91 11
92 90
93 92
94 90
95 93
96 93
97 90
98 32
99 98
100 99
100 32
