100 101
2 1
3 2
4 3
5 4
6 5
7 6
8 7
9 8
10 9
11 10
12 11
13 12
14 13
15 14
16 15
17 16
18 17
19 18
20 19
21 20
22 21
23 22
24 23
25 24
26 25
27 26
28 27
29 28
30 29
31 30
32 31
33 32
34 33
35 34
36 35
37 36
38 37
39 38
40 39
41 40
42 41
43 42
43 1
44 40
45 40
46 45
47 40
48 46
49 44
50 44
51 50
52 44
53 51
54 52
55 46
56 44
57 56
58 48
59 56
60 52
61 44
62 55
63 45
64 60
65 51
66 48
67 56
68 51
69 51
70 54
71 58
72 48
73 63
74 53
75 72
76 71
77 75
78 75
79 68
80 70
81 71
82 72
83 69
84 80
85 83
86 69
87 83
88 86
89 45
90 73
91 32
92 91
93 92
94 93
95 94
96 95
97 96
98 97
99 98
100 99
100 32
