100 101
2 1
3 2
4 3
5 1
6 1
7 2
8 6
9 3
10 2
11 1
12 7
13 3
14 5
15 2
16 13
17 13
18 5
19 15
20 8
21 14
22 7
23 17
24 23
25 13
26 17
27 14
28 16
29 10
30 19
31 28
32 9
33 26
34 22
35 5
36 33
37 1
38 2
39 8
40 16
41 7
42 3
43 34
44 40
45 44
46 45
47 46
48 47
49 48
50 49
51 50
52 51
53 52
54 53
55 54
56 55
57 56
58 57
59 58
60 59
61 60
62 61
63 62
64 63
65 64
66 65
67 66
68 67
68 40
69 40
70 69
71 70
72 71
73 72
74 73
75 74
76 75
77 76
78 77
79 78
80 79
81 80
82 81
83 82
83 40
84 39
85 39
86 39
87 39
88 84
89 84
90 39
91 86
92 89
93 92
94 92
95 89
96 84
97 89
98 90
99 89
100 96
