100 101
2 1
3 2
4 3
5 4
6 5
7 6
8 7
9 8
10 9
11 10
12 11
13 12
14 13
15 14
16 15
17 16
18 17
19 18
20 19
21 20
22 21
23 22
24 23
25 24
26 25
27 26
27 1
28 26
29 26
30 26
31 30
32 29
33 29
34 30
35 32
36 33
37 29
38 34
39 33
40 30
41 40
42 41
43 26
44 26
45 36
46 45
47 29
48 38
49 34
50 39
51 34
52 51
53 31
54 32
55 29
56 53
57 53
58 53
59 58
60 57
61 57
62 58
63 56
64 60
65 56
66 64
67 63
68 53
69 61
70 64
71 57
72 59
73 71
74 59
75 53
76 67
77 57
78 64
79 75
80 62
81 63
82 76
83 82
84 69
85 68
86 77
87 75
88 72
89 81
90 60
91 82
92 80
93 64
94 74
95 94
96 95
97 96
98 97
99 98
100 99
100 74
